"CD","ND","DESTINO","NACION","HOMBRES","MUJERES","TOTAL"
" 01","CASCO ANTIGUO","1 - AREA METROPOLITANA","ESPA헲LES",244,235,479
" 01","CASCO ANTIGUO","1 - AREA METROPOLITANA","EXTRANJEROS",35,37,72
" 01","CASCO ANTIGUO","1 - AREA METROPOLITANA","TOTAL POBLACION",279,272,551
" 01","CASCO ANTIGUO","2 - RESTO DE LA PROVINCIA","ESPA헲LES",86,96,182
" 01","CASCO ANTIGUO","2 - RESTO DE LA PROVINCIA","EXTRANJEROS",4,7,11
" 01","CASCO ANTIGUO","2 - RESTO DE LA PROVINCIA","TOTAL POBLACION",90,103,193
" 01","CASCO ANTIGUO","3 - RESTO DE ANDALUCIA","ESPA헲LES",150,156,306
" 01","CASCO ANTIGUO","3 - RESTO DE ANDALUCIA","EXTRANJEROS",26,38,64
" 01","CASCO ANTIGUO","3 - RESTO DE ANDALUCIA","TOTAL POBLACION",176,194,370
" 01","CASCO ANTIGUO","4 - RESTO DE ESPA헤","ESPA헲LES",204,196,400
" 01","CASCO ANTIGUO","4 - RESTO DE ESPA헤","EXTRANJEROS",45,47,92
" 01","CASCO ANTIGUO","4 - RESTO DE ESPA헤","NO CONSTA",1,0,1
" 01","CASCO ANTIGUO","4 - RESTO DE ESPA헤","TOTAL POBLACION",250,243,493
" 01","CASCO ANTIGUO","5 - EXTRANJERO","ESPA헲LES",621,621,1242
" 01","CASCO ANTIGUO","5 - EXTRANJERO","EXTRANJEROS",126,117,243
" 01","CASCO ANTIGUO","5 - EXTRANJERO","TOTAL POBLACION",747,738,1485
" 01","CASCO ANTIGUO","6 - TODOS","ESPA헲LES",753,752,1505
" 01","CASCO ANTIGUO","6 - TODOS","EXTRANJEROS",124,142,266
" 01","CASCO ANTIGUO","6 - TODOS","NO CONSTA",1,0,1
" 01","CASCO ANTIGUO","6 - TODOS","TOTAL POBLACION",878,894,1772
" 02","MACARENA","1 - AREA METROPOLITANA","ESPA헲LES",258,280,538
" 02","MACARENA","1 - AREA METROPOLITANA","EXTRANJEROS",51,68,119
" 02","MACARENA","1 - AREA METROPOLITANA","NO CONSTA",0,1,1
" 02","MACARENA","1 - AREA METROPOLITANA","TOTAL POBLACION",309,349,658
" 02","MACARENA","2 - RESTO DE LA PROVINCIA","ESPA헲LES",162,164,326
" 02","MACARENA","2 - RESTO DE LA PROVINCIA","EXTRANJEROS",24,32,56
" 02","MACARENA","2 - RESTO DE LA PROVINCIA","NO CONSTA",0,1,1
" 02","MACARENA","2 - RESTO DE LA PROVINCIA","TOTAL POBLACION",186,197,383
" 02","MACARENA","3 - RESTO DE ANDALUCIA","ESPA헲LES",150,127,277
" 02","MACARENA","3 - RESTO DE ANDALUCIA","EXTRANJEROS",36,35,71
" 02","MACARENA","3 - RESTO DE ANDALUCIA","TOTAL POBLACION",186,162,348
" 02","MACARENA","4 - RESTO DE ESPA헤","ESPA헲LES",182,186,368
" 02","MACARENA","4 - RESTO DE ESPA헤","EXTRANJEROS",89,97,186
" 02","MACARENA","4 - RESTO DE ESPA헤","NO CONSTA",1,0,1
" 02","MACARENA","4 - RESTO DE ESPA헤","TOTAL POBLACION",272,283,555
" 02","MACARENA","5 - EXTRANJERO","ESPA헲LES",738,702,1440
" 02","MACARENA","5 - EXTRANJERO","EXTRANJEROS",342,243,585
" 02","MACARENA","5 - EXTRANJERO","TOTAL POBLACION",1080,945,2025
" 02","MACARENA","6 - TODOS","ESPA헲LES",834,835,1669
" 02","MACARENA","6 - TODOS","EXTRANJEROS",238,259,497
" 02","MACARENA","6 - TODOS","NO CONSTA",1,2,3
" 02","MACARENA","6 - TODOS","TOTAL POBLACION",1073,1096,2169
" 03","NERVION","1 - AREA METROPOLITANA","ESPA헲LES",151,165,316
" 03","NERVION","1 - AREA METROPOLITANA","EXTRANJEROS",5,9,14
" 03","NERVION","1 - AREA METROPOLITANA","TOTAL POBLACION",156,174,330
" 03","NERVION","2 - RESTO DE LA PROVINCIA","ESPA헲LES",59,76,135
" 03","NERVION","2 - RESTO DE LA PROVINCIA","EXTRANJEROS",3,6,9
" 03","NERVION","2 - RESTO DE LA PROVINCIA","TOTAL POBLACION",62,82,144
" 03","NERVION","3 - RESTO DE ANDALUCIA","ESPA헲LES",88,114,202
" 03","NERVION","3 - RESTO DE ANDALUCIA","EXTRANJEROS",7,8,15
" 03","NERVION","3 - RESTO DE ANDALUCIA","TOTAL POBLACION",95,122,217
" 03","NERVION","4 - RESTO DE ESPA헤","ESPA헲LES",159,150,309
" 03","NERVION","4 - RESTO DE ESPA헤","EXTRANJEROS",23,23,46
" 03","NERVION","4 - RESTO DE ESPA헤","TOTAL POBLACION",182,173,355
" 03","NERVION","5 - EXTRANJERO","ESPA헲LES",441,369,810
" 03","NERVION","5 - EXTRANJERO","EXTRANJEROS",81,99,180
" 03","NERVION","5 - EXTRANJERO","TOTAL POBLACION",522,468,990
" 03","NERVION","6 - TODOS","ESPA헲LES",506,546,1052
" 03","NERVION","6 - TODOS","EXTRANJEROS",47,57,104
" 03","NERVION","6 - TODOS","TOTAL POBLACION",553,603,1156
" 04","CERRO-AMATE","1 - AREA METROPOLITANA","ESPA헲LES",339,384,723
" 04","CERRO-AMATE","1 - AREA METROPOLITANA","EXTRANJEROS",38,42,80
" 04","CERRO-AMATE","1 - AREA METROPOLITANA","TOTAL POBLACION",377,426,803
" 04","CERRO-AMATE","2 - RESTO DE LA PROVINCIA","ESPA헲LES",186,181,367
" 04","CERRO-AMATE","2 - RESTO DE LA PROVINCIA","EXTRANJEROS",22,26,48
" 04","CERRO-AMATE","2 - RESTO DE LA PROVINCIA","NO CONSTA",1,0,1
" 04","CERRO-AMATE","2 - RESTO DE LA PROVINCIA","TOTAL POBLACION",209,207,416
" 04","CERRO-AMATE","3 - RESTO DE ANDALUCIA","ESPA헲LES",117,139,256
" 04","CERRO-AMATE","3 - RESTO DE ANDALUCIA","EXTRANJEROS",40,40,80
" 04","CERRO-AMATE","3 - RESTO DE ANDALUCIA","TOTAL POBLACION",157,179,336
" 04","CERRO-AMATE","4 - RESTO DE ESPA헤","ESPA헲LES",186,179,365
" 04","CERRO-AMATE","4 - RESTO DE ESPA헤","EXTRANJEROS",92,91,183
" 04","CERRO-AMATE","4 - RESTO DE ESPA헤","NO CONSTA",0,1,1
" 04","CERRO-AMATE","4 - RESTO DE ESPA헤","TOTAL POBLACION",278,271,549
" 04","CERRO-AMATE","5 - EXTRANJERO","ESPA헲LES",324,369,693
" 04","CERRO-AMATE","5 - EXTRANJERO","EXTRANJEROS",126,108,234
" 04","CERRO-AMATE","5 - EXTRANJERO","TOTAL POBLACION",450,477,927
" 04","CERRO-AMATE","6 - TODOS","ESPA헲LES",864,924,1788
" 04","CERRO-AMATE","6 - TODOS","EXTRANJEROS",206,211,417
" 04","CERRO-AMATE","6 - TODOS","NO CONSTA",1,1,2
" 04","CERRO-AMATE","6 - TODOS","TOTAL POBLACION",1071,1136,2207
" 05","SUR","1 - AREA METROPOLITANA","ESPA헲LES",290,311,601
" 05","SUR","1 - AREA METROPOLITANA","EXTRANJEROS",19,30,49
" 05","SUR","1 - AREA METROPOLITANA","TOTAL POBLACION",309,341,650
" 05","SUR","2 - RESTO DE LA PROVINCIA","ESPA헲LES",108,125,233
" 05","SUR","2 - RESTO DE LA PROVINCIA","EXTRANJEROS",7,7,14
" 05","SUR","2 - RESTO DE LA PROVINCIA","TOTAL POBLACION",115,132,247
" 05","SUR","3 - RESTO DE ANDALUCIA","ESPA헲LES",153,149,302
" 05","SUR","3 - RESTO DE ANDALUCIA","EXTRANJEROS",12,24,36
" 05","SUR","3 - RESTO DE ANDALUCIA","TOTAL POBLACION",165,173,338
" 05","SUR","4 - RESTO DE ESPA헤","ESPA헲LES",249,248,497
" 05","SUR","4 - RESTO DE ESPA헤","EXTRANJEROS",51,43,94
" 05","SUR","4 - RESTO DE ESPA헤","TOTAL POBLACION",300,291,591
" 05","SUR","5 - EXTRANJERO","ESPA헲LES",486,531,1017
" 05","SUR","5 - EXTRANJERO","EXTRANJEROS",81,54,135
" 05","SUR","5 - EXTRANJERO","TOTAL POBLACION",567,585,1152
" 05","SUR","6 - TODOS","ESPA헲LES",854,892,1746
" 05","SUR","6 - TODOS","EXTRANJEROS",98,110,208
" 05","SUR","6 - TODOS","TOTAL POBLACION",952,1002,1954
" 06","TRIANA","1 - AREA METROPOLITANA","ESPA헲LES",273,281,554
" 06","TRIANA","1 - AREA METROPOLITANA","EXTRANJEROS",19,41,60
" 06","TRIANA","1 - AREA METROPOLITANA","TOTAL POBLACION",292,322,614
" 06","TRIANA","2 - RESTO DE LA PROVINCIA","ESPA헲LES",78,73,151
" 06","TRIANA","2 - RESTO DE LA PROVINCIA","EXTRANJEROS",0,5,5
" 06","TRIANA","2 - RESTO DE LA PROVINCIA","TOTAL POBLACION",78,78,156
" 06","TRIANA","3 - RESTO DE ANDALUCIA","ESPA헲LES",103,102,205
" 06","TRIANA","3 - RESTO DE ANDALUCIA","EXTRANJEROS",7,12,19
" 06","TRIANA","3 - RESTO DE ANDALUCIA","TOTAL POBLACION",110,114,224
" 06","TRIANA","4 - RESTO DE ESPA헤","ESPA헲LES",148,135,283
" 06","TRIANA","4 - RESTO DE ESPA헤","EXTRANJEROS",20,26,46
" 06","TRIANA","4 - RESTO DE ESPA헤","TOTAL POBLACION",168,161,329
" 06","TRIANA","5 - EXTRANJERO","ESPA헲LES",459,351,810
" 06","TRIANA","5 - EXTRANJERO","EXTRANJEROS",117,90,207
" 06","TRIANA","5 - EXTRANJERO","TOTAL POBLACION",576,441,1017
" 06","TRIANA","6 - TODOS","ESPA헲LES",653,630,1283
" 06","TRIANA","6 - TODOS","EXTRANJEROS",59,94,153
" 06","TRIANA","6 - TODOS","TOTAL POBLACION",712,724,1436
" 07","NORTE","1 - AREA METROPOLITANA","ESPA헲LES",257,271,528
" 07","NORTE","1 - AREA METROPOLITANA","EXTRANJEROS",9,21,30
" 07","NORTE","1 - AREA METROPOLITANA","TOTAL POBLACION",266,292,558
" 07","NORTE","2 - RESTO DE LA PROVINCIA","ESPA헲LES",158,164,322
" 07","NORTE","2 - RESTO DE LA PROVINCIA","EXTRANJEROS",8,9,17
" 07","NORTE","2 - RESTO DE LA PROVINCIA","TOTAL POBLACION",166,173,339
" 07","NORTE","3 - RESTO DE ANDALUCIA","ESPA헲LES",72,105,177
" 07","NORTE","3 - RESTO DE ANDALUCIA","EXTRANJEROS",13,8,21
" 07","NORTE","3 - RESTO DE ANDALUCIA","TOTAL POBLACION",85,113,198
" 07","NORTE","4 - RESTO DE ESPA헤","ESPA헲LES",120,105,225
" 07","NORTE","4 - RESTO DE ESPA헤","EXTRANJEROS",24,20,44
" 07","NORTE","4 - RESTO DE ESPA헤","NO CONSTA",0,1,1
" 07","NORTE","4 - RESTO DE ESPA헤","TOTAL POBLACION",144,126,270
" 07","NORTE","5 - EXTRANJERO","ESPA헲LES",243,243,486
" 07","NORTE","5 - EXTRANJERO","EXTRANJEROS",117,27,144
" 07","NORTE","5 - EXTRANJERO","TOTAL POBLACION",360,270,630
" 07","NORTE","6 - TODOS","ESPA헲LES",634,672,1306
" 07","NORTE","6 - TODOS","EXTRANJEROS",67,61,128
" 07","NORTE","6 - TODOS","NO CONSTA",0,1,1
" 07","NORTE","6 - TODOS","TOTAL POBLACION",701,734,1435
" 08","S. PABLO-STA. JUSTA","1 - AREA METROPOLITANA","ESPA헲LES",194,188,382
" 08","S. PABLO-STA. JUSTA","1 - AREA METROPOLITANA","EXTRANJEROS",8,20,28
" 08","S. PABLO-STA. JUSTA","1 - AREA METROPOLITANA","TOTAL POBLACION",202,208,410
" 08","S. PABLO-STA. JUSTA","2 - RESTO DE LA PROVINCIA","ESPA헲LES",99,107,206
" 08","S. PABLO-STA. JUSTA","2 - RESTO DE LA PROVINCIA","EXTRANJEROS",7,11,18
" 08","S. PABLO-STA. JUSTA","2 - RESTO DE LA PROVINCIA","NO CONSTA",0,1,1
" 08","S. PABLO-STA. JUSTA","2 - RESTO DE LA PROVINCIA","TOTAL POBLACION",106,119,225
" 08","S. PABLO-STA. JUSTA","3 - RESTO DE ANDALUCIA","ESPA헲LES",102,110,212
" 08","S. PABLO-STA. JUSTA","3 - RESTO DE ANDALUCIA","EXTRANJEROS",13,18,31
" 08","S. PABLO-STA. JUSTA","3 - RESTO DE ANDALUCIA","TOTAL POBLACION",115,128,243
" 08","S. PABLO-STA. JUSTA","4 - RESTO DE ESPA헤","ESPA헲LES",152,146,298
" 08","S. PABLO-STA. JUSTA","4 - RESTO DE ESPA헤","EXTRANJEROS",17,21,38
" 08","S. PABLO-STA. JUSTA","4 - RESTO DE ESPA헤","TOTAL POBLACION",169,167,336
" 08","S. PABLO-STA. JUSTA","5 - EXTRANJERO","ESPA헲LES",459,387,846
" 08","S. PABLO-STA. JUSTA","5 - EXTRANJERO","EXTRANJEROS",72,81,153
" 08","S. PABLO-STA. JUSTA","5 - EXTRANJERO","TOTAL POBLACION",531,468,999
" 08","S. PABLO-STA. JUSTA","6 - TODOS","ESPA헲LES",598,594,1192
" 08","S. PABLO-STA. JUSTA","6 - TODOS","EXTRANJEROS",53,79,132
" 08","S. PABLO-STA. JUSTA","6 - TODOS","NO CONSTA",0,1,1
" 08","S. PABLO-STA. JUSTA","6 - TODOS","TOTAL POBLACION",651,674,1325
" 09","ESTE","1 - AREA METROPOLITANA","ESPA헲LES",324,303,627
" 09","ESTE","1 - AREA METROPOLITANA","EXTRANJEROS",34,23,57
" 09","ESTE","1 - AREA METROPOLITANA","TOTAL POBLACION",358,326,684
" 09","ESTE","2 - RESTO DE LA PROVINCIA","ESPA헲LES",187,176,363
" 09","ESTE","2 - RESTO DE LA PROVINCIA","EXTRANJEROS",9,16,25
" 09","ESTE","2 - RESTO DE LA PROVINCIA","TOTAL POBLACION",196,192,388
" 09","ESTE","3 - RESTO DE ANDALUCIA","ESPA헲LES",125,133,258
" 09","ESTE","3 - RESTO DE ANDALUCIA","EXTRANJEROS",33,18,51
" 09","ESTE","3 - RESTO DE ANDALUCIA","TOTAL POBLACION",158,151,309
" 09","ESTE","4 - RESTO DE ESPA헤","ESPA헲LES",240,204,444
" 09","ESTE","4 - RESTO DE ESPA헤","EXTRANJEROS",79,57,136
" 09","ESTE","4 - RESTO DE ESPA헤","TOTAL POBLACION",319,261,580
" 09","ESTE","5 - EXTRANJERO","ESPA헲LES",468,477,945
" 09","ESTE","5 - EXTRANJERO","EXTRANJEROS",72,45,117
" 09","ESTE","5 - EXTRANJERO","TOTAL POBLACION",540,522,1062
" 09","ESTE","6 - TODOS","ESPA헲LES",928,869,1797
" 09","ESTE","6 - TODOS","EXTRANJEROS",163,119,282
" 09","ESTE","6 - TODOS","TOTAL POBLACION",1091,988,2079
" 10","BELLAVISTA-LA PALMERA","1 - AREA METROPOLITANA","ESPA헲LES",211,201,412
" 10","BELLAVISTA-LA PALMERA","1 - AREA METROPOLITANA","EXTRANJEROS",14,28,42
" 10","BELLAVISTA-LA PALMERA","1 - AREA METROPOLITANA","TOTAL POBLACION",225,229,454
" 10","BELLAVISTA-LA PALMERA","2 - RESTO DE LA PROVINCIA","ESPA헲LES",52,43,95
" 10","BELLAVISTA-LA PALMERA","2 - RESTO DE LA PROVINCIA","EXTRANJEROS",8,10,18
" 10","BELLAVISTA-LA PALMERA","2 - RESTO DE LA PROVINCIA","TOTAL POBLACION",60,53,113
" 10","BELLAVISTA-LA PALMERA","3 - RESTO DE ANDALUCIA","ESPA헲LES",100,101,201
" 10","BELLAVISTA-LA PALMERA","3 - RESTO DE ANDALUCIA","EXTRANJEROS",11,10,21
" 10","BELLAVISTA-LA PALMERA","3 - RESTO DE ANDALUCIA","TOTAL POBLACION",111,111,222
" 10","BELLAVISTA-LA PALMERA","4 - RESTO DE ESPA헤","ESPA헲LES",144,114,258
" 10","BELLAVISTA-LA PALMERA","4 - RESTO DE ESPA헤","EXTRANJEROS",20,24,44
" 10","BELLAVISTA-LA PALMERA","4 - RESTO DE ESPA헤","TOTAL POBLACION",164,138,302
" 10","BELLAVISTA-LA PALMERA","5 - EXTRANJERO","ESPA헲LES",369,414,783
" 10","BELLAVISTA-LA PALMERA","5 - EXTRANJERO","EXTRANJEROS",72,27,99
" 10","BELLAVISTA-LA PALMERA","5 - EXTRANJERO","TOTAL POBLACION",441,441,882
" 10","BELLAVISTA-LA PALMERA","6 - TODOS","ESPA헲LES",548,505,1053
" 10","BELLAVISTA-LA PALMERA","6 - TODOS","EXTRANJEROS",61,75,136
" 10","BELLAVISTA-LA PALMERA","6 - TODOS","TOTAL POBLACION",609,580,1189
" 11","LOS REMEDIOS","1 - AREA METROPOLITANA","ESPA헲LES",122,148,270
" 11","LOS REMEDIOS","1 - AREA METROPOLITANA","EXTRANJEROS",11,21,32
" 11","LOS REMEDIOS","1 - AREA METROPOLITANA","TOTAL POBLACION",133,169,302
" 11","LOS REMEDIOS","2 - RESTO DE LA PROVINCIA","ESPA헲LES",27,28,55
" 11","LOS REMEDIOS","2 - RESTO DE LA PROVINCIA","EXTRANJEROS",0,4,4
" 11","LOS REMEDIOS","2 - RESTO DE LA PROVINCIA","TOTAL POBLACION",27,32,59
" 11","LOS REMEDIOS","3 - RESTO DE ANDALUCIA","ESPA헲LES",54,57,111
" 11","LOS REMEDIOS","3 - RESTO DE ANDALUCIA","EXTRANJEROS",1,5,6
" 11","LOS REMEDIOS","3 - RESTO DE ANDALUCIA","TOTAL POBLACION",55,62,117
" 11","LOS REMEDIOS","4 - RESTO DE ESPA헤","ESPA헲LES",76,78,154
" 11","LOS REMEDIOS","4 - RESTO DE ESPA헤","EXTRANJEROS",9,7,16
" 11","LOS REMEDIOS","4 - RESTO DE ESPA헤","TOTAL POBLACION",85,85,170
" 11","LOS REMEDIOS","5 - EXTRANJERO","ESPA헲LES",225,216,441
" 11","LOS REMEDIOS","5 - EXTRANJERO","EXTRANJEROS",0,18,18
" 11","LOS REMEDIOS","5 - EXTRANJERO","TOTAL POBLACION",225,234,459
" 11","LOS REMEDIOS","6 - TODOS","ESPA헲LES",304,335,639
" 11","LOS REMEDIOS","6 - TODOS","EXTRANJEROS",21,39,60
" 11","LOS REMEDIOS","6 - TODOS","TOTAL POBLACION",325,374,699
"00","TOTAL MUNICIPIO","1 - AREA METROPOLITANA","ESPA헲LES",2663,2767,5430
"00","TOTAL MUNICIPIO","1 - AREA METROPOLITANA","EXTRANJEROS",243,340,583
"00","TOTAL MUNICIPIO","1 - AREA METROPOLITANA","NO CONSTA",0,1,1
"00","TOTAL MUNICIPIO","1 - AREA METROPOLITANA","TOTAL POBLACION",2906,3108,6014
"00","TOTAL MUNICIPIO","2 - RESTO DE LA PROVINCIA","ESPA헲LES",1202,1233,2435
"00","TOTAL MUNICIPIO","2 - RESTO DE LA PROVINCIA","EXTRANJEROS",92,133,225
"00","TOTAL MUNICIPIO","2 - RESTO DE LA PROVINCIA","NO CONSTA",1,2,3
"00","TOTAL MUNICIPIO","2 - RESTO DE LA PROVINCIA","TOTAL POBLACION",1295,1368,2663
"00","TOTAL MUNICIPIO","3 - RESTO DE ANDALUCIA","ESPA헲LES",1214,1293,2507
"00","TOTAL MUNICIPIO","3 - RESTO DE ANDALUCIA","EXTRANJEROS",199,216,415
"00","TOTAL MUNICIPIO","3 - RESTO DE ANDALUCIA","TOTAL POBLACION",1413,1509,2922
"00","TOTAL MUNICIPIO","4 - RESTO DE ESPA헤","ESPA헲LES",1860,1741,3601
"00","TOTAL MUNICIPIO","4 - RESTO DE ESPA헤","EXTRANJEROS",469,456,925
"00","TOTAL MUNICIPIO","4 - RESTO DE ESPA헤","NO CONSTA",2,2,4
"00","TOTAL MUNICIPIO","4 - RESTO DE ESPA헤","TOTAL POBLACION",2331,2199,4530
"00","TOTAL MUNICIPIO","5 - EXTRANJERO","ESPA헲LES",4833,4680,9513
"00","TOTAL MUNICIPIO","5 - EXTRANJERO","EXTRANJEROS",1206,909,2115
"00","TOTAL MUNICIPIO","5 - EXTRANJERO","TOTAL POBLACION",6039,5589,11628
"00","TOTAL MUNICIPIO","6 - TODOS","ESPA헲LES",7476,7554,15030
"00","TOTAL MUNICIPIO","6 - TODOS","EXTRANJEROS",1137,1246,2383
"00","TOTAL MUNICIPIO","6 - TODOS","NO CONSTA",3,5,8
"00","TOTAL MUNICIPIO","6 - TODOS","TOTAL POBLACION",8616,8805,17421
