"CD","ND","DESTINO","NACION","HOMBRES","MUJERES","TOTAL"
" 01","CASCO ANTIGUO","1 - AREA METROPOLITANA","ESPA헲LES",235,219,454
" 01","CASCO ANTIGUO","1 - AREA METROPOLITANA","EXTRANJEROS",25,35,60
" 01","CASCO ANTIGUO","1 - AREA METROPOLITANA","TOTAL POBLACION",260,254,514
" 01","CASCO ANTIGUO","2 - RESTO DE LA PROVINCIA","ESPA헲LES",105,104,209
" 01","CASCO ANTIGUO","2 - RESTO DE LA PROVINCIA","EXTRANJEROS",7,14,21
" 01","CASCO ANTIGUO","2 - RESTO DE LA PROVINCIA","TOTAL POBLACION",112,118,230
" 01","CASCO ANTIGUO","3 - RESTO DE ANDALUCIA","ESPA헲LES",144,168,312
" 01","CASCO ANTIGUO","3 - RESTO DE ANDALUCIA","EXTRANJEROS",16,18,34
" 01","CASCO ANTIGUO","3 - RESTO DE ANDALUCIA","TOTAL POBLACION",160,186,346
" 01","CASCO ANTIGUO","4 - RESTO DE ESPA헤","ESPA헲LES",220,209,429
" 01","CASCO ANTIGUO","4 - RESTO DE ESPA헤","EXTRANJEROS",34,38,72
" 01","CASCO ANTIGUO","4 - RESTO DE ESPA헤","NO CONSTA",1,0,1
" 01","CASCO ANTIGUO","4 - RESTO DE ESPA헤","TOTAL POBLACION",255,247,502
" 01","CASCO ANTIGUO","5 - EXTRANJERO","ESPA헲LES",981,810,1791
" 01","CASCO ANTIGUO","5 - EXTRANJERO","EXTRANJEROS",117,63,180
" 01","CASCO ANTIGUO","5 - EXTRANJERO","TOTAL POBLACION",1098,873,1971
" 01","CASCO ANTIGUO","6 - TODOS","ESPA헲LES",813,790,1603
" 01","CASCO ANTIGUO","6 - TODOS","EXTRANJEROS",95,112,207
" 01","CASCO ANTIGUO","6 - TODOS","NO CONSTA",1,0,1
" 01","CASCO ANTIGUO","6 - TODOS","TOTAL POBLACION",909,902,1811
" 02","MACARENA","1 - AREA METROPOLITANA","ESPA헲LES",258,283,541
" 02","MACARENA","1 - AREA METROPOLITANA","EXTRANJEROS",36,53,89
" 02","MACARENA","1 - AREA METROPOLITANA","TOTAL POBLACION",294,336,630
" 02","MACARENA","2 - RESTO DE LA PROVINCIA","ESPA헲LES",148,150,298
" 02","MACARENA","2 - RESTO DE LA PROVINCIA","EXTRANJEROS",14,19,33
" 02","MACARENA","2 - RESTO DE LA PROVINCIA","TOTAL POBLACION",162,169,331
" 02","MACARENA","3 - RESTO DE ANDALUCIA","ESPA헲LES",128,154,282
" 02","MACARENA","3 - RESTO DE ANDALUCIA","EXTRANJEROS",35,38,73
" 02","MACARENA","3 - RESTO DE ANDALUCIA","TOTAL POBLACION",163,192,355
" 02","MACARENA","4 - RESTO DE ESPA헤","ESPA헲LES",202,189,391
" 02","MACARENA","4 - RESTO DE ESPA헤","EXTRANJEROS",110,81,191
" 02","MACARENA","4 - RESTO DE ESPA헤","TOTAL POBLACION",312,270,582
" 02","MACARENA","5 - EXTRANJERO","ESPA헲LES",873,819,1692
" 02","MACARENA","5 - EXTRANJERO","EXTRANJEROS",126,54,180
" 02","MACARENA","5 - EXTRANJERO","TOTAL POBLACION",999,873,1872
" 02","MACARENA","6 - TODOS","ESPA헲LES",833,867,1700
" 02","MACARENA","6 - TODOS","EXTRANJEROS",209,197,406
" 02","MACARENA","6 - TODOS","TOTAL POBLACION",1042,1064,2106
" 03","NERVION","1 - AREA METROPOLITANA","ESPA헲LES",127,161,288
" 03","NERVION","1 - AREA METROPOLITANA","EXTRANJEROS",13,14,27
" 03","NERVION","1 - AREA METROPOLITANA","TOTAL POBLACION",140,175,315
" 03","NERVION","2 - RESTO DE LA PROVINCIA","ESPA헲LES",66,77,143
" 03","NERVION","2 - RESTO DE LA PROVINCIA","EXTRANJEROS",7,3,10
" 03","NERVION","2 - RESTO DE LA PROVINCIA","TOTAL POBLACION",73,80,153
" 03","NERVION","3 - RESTO DE ANDALUCIA","ESPA헲LES",89,98,187
" 03","NERVION","3 - RESTO DE ANDALUCIA","EXTRANJEROS",5,13,18
" 03","NERVION","3 - RESTO DE ANDALUCIA","TOTAL POBLACION",94,111,205
" 03","NERVION","4 - RESTO DE ESPA헤","ESPA헲LES",170,168,338
" 03","NERVION","4 - RESTO DE ESPA헤","EXTRANJEROS",22,28,50
" 03","NERVION","4 - RESTO DE ESPA헤","TOTAL POBLACION",192,196,388
" 03","NERVION","5 - EXTRANJERO","ESPA헲LES",585,504,1089
" 03","NERVION","5 - EXTRANJERO","EXTRANJEROS",72,36,108
" 03","NERVION","5 - EXTRANJERO","TOTAL POBLACION",657,540,1197
" 03","NERVION","6 - TODOS","ESPA헲LES",517,560,1077
" 03","NERVION","6 - TODOS","EXTRANJEROS",55,62,117
" 03","NERVION","6 - TODOS","TOTAL POBLACION",572,622,1194
" 04","CERRO-AMATE","1 - AREA METROPOLITANA","ESPA헲LES",314,333,647
" 04","CERRO-AMATE","1 - AREA METROPOLITANA","EXTRANJEROS",35,44,79
" 04","CERRO-AMATE","1 - AREA METROPOLITANA","TOTAL POBLACION",349,377,726
" 04","CERRO-AMATE","2 - RESTO DE LA PROVINCIA","ESPA헲LES",187,193,380
" 04","CERRO-AMATE","2 - RESTO DE LA PROVINCIA","EXTRANJEROS",14,17,31
" 04","CERRO-AMATE","2 - RESTO DE LA PROVINCIA","TOTAL POBLACION",201,210,411
" 04","CERRO-AMATE","3 - RESTO DE ANDALUCIA","ESPA헲LES",119,110,229
" 04","CERRO-AMATE","3 - RESTO DE ANDALUCIA","EXTRANJEROS",41,24,65
" 04","CERRO-AMATE","3 - RESTO DE ANDALUCIA","TOTAL POBLACION",160,134,294
" 04","CERRO-AMATE","4 - RESTO DE ESPA헤","ESPA헲LES",193,187,380
" 04","CERRO-AMATE","4 - RESTO DE ESPA헤","EXTRANJEROS",96,84,180
" 04","CERRO-AMATE","4 - RESTO DE ESPA헤","TOTAL POBLACION",289,271,560
" 04","CERRO-AMATE","5 - EXTRANJERO","ESPA헲LES",459,387,846
" 04","CERRO-AMATE","5 - EXTRANJERO","EXTRANJEROS",99,54,153
" 04","CERRO-AMATE","5 - EXTRANJERO","TOTAL POBLACION",558,441,999
" 04","CERRO-AMATE","6 - TODOS","ESPA헲LES",864,866,1730
" 04","CERRO-AMATE","6 - TODOS","EXTRANJEROS",197,175,372
" 04","CERRO-AMATE","6 - TODOS","TOTAL POBLACION",1061,1041,2102
" 05","SUR","1 - AREA METROPOLITANA","ESPA헲LES",261,288,549
" 05","SUR","1 - AREA METROPOLITANA","EXTRANJEROS",21,28,49
" 05","SUR","1 - AREA METROPOLITANA","TOTAL POBLACION",282,316,598
" 05","SUR","2 - RESTO DE LA PROVINCIA","ESPA헲LES",118,123,241
" 05","SUR","2 - RESTO DE LA PROVINCIA","EXTRANJEROS",5,18,23
" 05","SUR","2 - RESTO DE LA PROVINCIA","TOTAL POBLACION",123,141,264
" 05","SUR","3 - RESTO DE ANDALUCIA","ESPA헲LES",148,180,328
" 05","SUR","3 - RESTO DE ANDALUCIA","EXTRANJEROS",31,33,64
" 05","SUR","3 - RESTO DE ANDALUCIA","TOTAL POBLACION",179,213,392
" 05","SUR","4 - RESTO DE ESPA헤","ESPA헲LES",215,207,422
" 05","SUR","4 - RESTO DE ESPA헤","EXTRANJEROS",44,47,91
" 05","SUR","4 - RESTO DE ESPA헤","TOTAL POBLACION",259,254,513
" 05","SUR","5 - EXTRANJERO","ESPA헲LES",657,630,1287
" 05","SUR","5 - EXTRANJERO","EXTRANJEROS",90,162,252
" 05","SUR","5 - EXTRANJERO","TOTAL POBLACION",747,792,1539
" 05","SUR","6 - TODOS","ESPA헲LES",815,868,1683
" 05","SUR","6 - TODOS","EXTRANJEROS",111,144,255
" 05","SUR","6 - TODOS","TOTAL POBLACION",926,1012,1938
" 06","TRIANA","1 - AREA METROPOLITANA","ESPA헲LES",250,263,513
" 06","TRIANA","1 - AREA METROPOLITANA","EXTRANJEROS",23,34,57
" 06","TRIANA","1 - AREA METROPOLITANA","TOTAL POBLACION",273,297,570
" 06","TRIANA","2 - RESTO DE LA PROVINCIA","ESPA헲LES",77,86,163
" 06","TRIANA","2 - RESTO DE LA PROVINCIA","EXTRANJEROS",5,7,12
" 06","TRIANA","2 - RESTO DE LA PROVINCIA","TOTAL POBLACION",82,93,175
" 06","TRIANA","3 - RESTO DE ANDALUCIA","ESPA헲LES",100,101,201
" 06","TRIANA","3 - RESTO DE ANDALUCIA","EXTRANJEROS",12,9,21
" 06","TRIANA","3 - RESTO DE ANDALUCIA","TOTAL POBLACION",112,110,222
" 06","TRIANA","4 - RESTO DE ESPA헤","ESPA헲LES",129,141,270
" 06","TRIANA","4 - RESTO DE ESPA헤","EXTRANJEROS",22,42,64
" 06","TRIANA","4 - RESTO DE ESPA헤","TOTAL POBLACION",151,183,334
" 06","TRIANA","5 - EXTRANJERO","ESPA헲LES",360,459,819
" 06","TRIANA","5 - EXTRANJERO","EXTRANJEROS",54,54,108
" 06","TRIANA","5 - EXTRANJERO","TOTAL POBLACION",414,513,927
" 06","TRIANA","6 - TODOS","ESPA헲LES",596,642,1238
" 06","TRIANA","6 - TODOS","EXTRANJEROS",68,98,166
" 06","TRIANA","6 - TODOS","TOTAL POBLACION",664,740,1404
" 07","NORTE","1 - AREA METROPOLITANA","ESPA헲LES",284,255,539
" 07","NORTE","1 - AREA METROPOLITANA","EXTRANJEROS",19,18,37
" 07","NORTE","1 - AREA METROPOLITANA","TOTAL POBLACION",303,273,576
" 07","NORTE","2 - RESTO DE LA PROVINCIA","ESPA헲LES",156,140,296
" 07","NORTE","2 - RESTO DE LA PROVINCIA","EXTRANJEROS",3,11,14
" 07","NORTE","2 - RESTO DE LA PROVINCIA","TOTAL POBLACION",159,151,310
" 07","NORTE","3 - RESTO DE ANDALUCIA","ESPA헲LES",84,100,184
" 07","NORTE","3 - RESTO DE ANDALUCIA","EXTRANJEROS",11,7,18
" 07","NORTE","3 - RESTO DE ANDALUCIA","TOTAL POBLACION",95,107,202
" 07","NORTE","4 - RESTO DE ESPA헤","ESPA헲LES",149,131,280
" 07","NORTE","4 - RESTO DE ESPA헤","EXTRANJEROS",36,24,60
" 07","NORTE","4 - RESTO DE ESPA헤","NO CONSTA",1,0,1
" 07","NORTE","4 - RESTO DE ESPA헤","TOTAL POBLACION",186,155,341
" 07","NORTE","5 - EXTRANJERO","ESPA헲LES",297,270,567
" 07","NORTE","5 - EXTRANJERO","EXTRANJEROS",18,18,36
" 07","NORTE","5 - EXTRANJERO","TOTAL POBLACION",315,288,603
" 07","NORTE","6 - TODOS","ESPA헲LES",706,656,1362
" 07","NORTE","6 - TODOS","EXTRANJEROS",71,62,133
" 07","NORTE","6 - TODOS","NO CONSTA",1,0,1
" 07","NORTE","6 - TODOS","TOTAL POBLACION",778,718,1496
" 08","S. PABLO-STA. JUSTA","1 - AREA METROPOLITANA","ESPA헲LES",220,177,397
" 08","S. PABLO-STA. JUSTA","1 - AREA METROPOLITANA","EXTRANJEROS",9,23,32
" 08","S. PABLO-STA. JUSTA","1 - AREA METROPOLITANA","TOTAL POBLACION",229,200,429
" 08","S. PABLO-STA. JUSTA","2 - RESTO DE LA PROVINCIA","ESPA헲LES",85,108,193
" 08","S. PABLO-STA. JUSTA","2 - RESTO DE LA PROVINCIA","EXTRANJEROS",3,6,9
" 08","S. PABLO-STA. JUSTA","2 - RESTO DE LA PROVINCIA","NO CONSTA",1,0,1
" 08","S. PABLO-STA. JUSTA","2 - RESTO DE LA PROVINCIA","TOTAL POBLACION",89,114,203
" 08","S. PABLO-STA. JUSTA","3 - RESTO DE ANDALUCIA","ESPA헲LES",103,81,184
" 08","S. PABLO-STA. JUSTA","3 - RESTO DE ANDALUCIA","EXTRANJEROS",8,13,21
" 08","S. PABLO-STA. JUSTA","3 - RESTO DE ANDALUCIA","TOTAL POBLACION",111,94,205
" 08","S. PABLO-STA. JUSTA","4 - RESTO DE ESPA헤","ESPA헲LES",143,125,268
" 08","S. PABLO-STA. JUSTA","4 - RESTO DE ESPA헤","EXTRANJEROS",39,34,73
" 08","S. PABLO-STA. JUSTA","4 - RESTO DE ESPA헤","TOTAL POBLACION",182,159,341
" 08","S. PABLO-STA. JUSTA","5 - EXTRANJERO","ESPA헲LES",603,702,1305
" 08","S. PABLO-STA. JUSTA","5 - EXTRANJERO","EXTRANJEROS",36,27,63
" 08","S. PABLO-STA. JUSTA","5 - EXTRANJERO","TOTAL POBLACION",639,729,1368
" 08","S. PABLO-STA. JUSTA","6 - TODOS","ESPA헲LES",618,569,1187
" 08","S. PABLO-STA. JUSTA","6 - TODOS","EXTRANJEROS",63,79,142
" 08","S. PABLO-STA. JUSTA","6 - TODOS","NO CONSTA",1,0,1
" 08","S. PABLO-STA. JUSTA","6 - TODOS","TOTAL POBLACION",682,648,1330
" 09","ESTE","1 - AREA METROPOLITANA","ESPA헲LES",359,344,703
" 09","ESTE","1 - AREA METROPOLITANA","EXTRANJEROS",16,15,31
" 09","ESTE","1 - AREA METROPOLITANA","TOTAL POBLACION",375,359,734
" 09","ESTE","2 - RESTO DE LA PROVINCIA","ESPA헲LES",204,226,430
" 09","ESTE","2 - RESTO DE LA PROVINCIA","EXTRANJEROS",10,8,18
" 09","ESTE","2 - RESTO DE LA PROVINCIA","TOTAL POBLACION",214,234,448
" 09","ESTE","3 - RESTO DE ANDALUCIA","ESPA헲LES",159,165,324
" 09","ESTE","3 - RESTO DE ANDALUCIA","EXTRANJEROS",29,25,54
" 09","ESTE","3 - RESTO DE ANDALUCIA","TOTAL POBLACION",188,190,378
" 09","ESTE","4 - RESTO DE ESPA헤","ESPA헲LES",222,213,435
" 09","ESTE","4 - RESTO DE ESPA헤","EXTRANJEROS",68,62,130
" 09","ESTE","4 - RESTO DE ESPA헤","TOTAL POBLACION",290,275,565
" 09","ESTE","5 - EXTRANJERO","ESPA헲LES",666,585,1251
" 09","ESTE","5 - EXTRANJERO","EXTRANJEROS",63,45,108
" 09","ESTE","5 - EXTRANJERO","TOTAL POBLACION",729,630,1359
" 09","ESTE","6 - TODOS","ESPA헲LES",1018,1013,2031
" 09","ESTE","6 - TODOS","EXTRANJEROS",130,115,245
" 09","ESTE","6 - TODOS","TOTAL POBLACION",1148,1128,2276
" 10","BELLAVISTA-LA PALMERA","1 - AREA METROPOLITANA","ESPA헲LES",206,207,413
" 10","BELLAVISTA-LA PALMERA","1 - AREA METROPOLITANA","EXTRANJEROS",12,15,27
" 10","BELLAVISTA-LA PALMERA","1 - AREA METROPOLITANA","TOTAL POBLACION",218,222,440
" 10","BELLAVISTA-LA PALMERA","2 - RESTO DE LA PROVINCIA","ESPA헲LES",62,63,125
" 10","BELLAVISTA-LA PALMERA","2 - RESTO DE LA PROVINCIA","EXTRANJEROS",4,2,6
" 10","BELLAVISTA-LA PALMERA","2 - RESTO DE LA PROVINCIA","TOTAL POBLACION",66,65,131
" 10","BELLAVISTA-LA PALMERA","3 - RESTO DE ANDALUCIA","ESPA헲LES",98,104,202
" 10","BELLAVISTA-LA PALMERA","3 - RESTO DE ANDALUCIA","EXTRANJEROS",3,11,14
" 10","BELLAVISTA-LA PALMERA","3 - RESTO DE ANDALUCIA","TOTAL POBLACION",101,115,216
" 10","BELLAVISTA-LA PALMERA","4 - RESTO DE ESPA헤","ESPA헲LES",124,108,232
" 10","BELLAVISTA-LA PALMERA","4 - RESTO DE ESPA헤","EXTRANJEROS",21,33,54
" 10","BELLAVISTA-LA PALMERA","4 - RESTO DE ESPA헤","TOTAL POBLACION",145,141,286
" 10","BELLAVISTA-LA PALMERA","5 - EXTRANJERO","ESPA헲LES",459,441,900
" 10","BELLAVISTA-LA PALMERA","5 - EXTRANJERO","EXTRANJEROS",27,18,45
" 10","BELLAVISTA-LA PALMERA","5 - EXTRANJERO","TOTAL POBLACION",486,459,945
" 10","BELLAVISTA-LA PALMERA","6 - TODOS","ESPA헲LES",541,531,1072
" 10","BELLAVISTA-LA PALMERA","6 - TODOS","EXTRANJEROS",43,63,106
" 10","BELLAVISTA-LA PALMERA","6 - TODOS","TOTAL POBLACION",584,594,1178
" 11","LOS REMEDIOS","1 - AREA METROPOLITANA","ESPA헲LES",92,126,218
" 11","LOS REMEDIOS","1 - AREA METROPOLITANA","EXTRANJEROS",5,10,15
" 11","LOS REMEDIOS","1 - AREA METROPOLITANA","TOTAL POBLACION",97,136,233
" 11","LOS REMEDIOS","2 - RESTO DE LA PROVINCIA","ESPA헲LES",27,26,53
" 11","LOS REMEDIOS","2 - RESTO DE LA PROVINCIA","EXTRANJEROS",1,4,5
" 11","LOS REMEDIOS","2 - RESTO DE LA PROVINCIA","TOTAL POBLACION",28,30,58
" 11","LOS REMEDIOS","3 - RESTO DE ANDALUCIA","ESPA헲LES",46,56,102
" 11","LOS REMEDIOS","3 - RESTO DE ANDALUCIA","EXTRANJEROS",1,5,6
" 11","LOS REMEDIOS","3 - RESTO DE ANDALUCIA","TOTAL POBLACION",47,61,108
" 11","LOS REMEDIOS","4 - RESTO DE ESPA헤","ESPA헲LES",81,85,166
" 11","LOS REMEDIOS","4 - RESTO DE ESPA헤","EXTRANJEROS",7,10,17
" 11","LOS REMEDIOS","4 - RESTO DE ESPA헤","TOTAL POBLACION",88,95,183
" 11","LOS REMEDIOS","5 - EXTRANJERO","ESPA헲LES",297,198,495
" 11","LOS REMEDIOS","5 - EXTRANJERO","EXTRANJEROS",18,9,27
" 11","LOS REMEDIOS","5 - EXTRANJERO","TOTAL POBLACION",315,207,522
" 11","LOS REMEDIOS","6 - TODOS","ESPA헲LES",279,315,594
" 11","LOS REMEDIOS","6 - TODOS","EXTRANJEROS",16,30,46
" 11","LOS REMEDIOS","6 - TODOS","TOTAL POBLACION",295,345,640
"00","TOTAL MUNICIPIO","1 - AREA METROPOLITANA","ESPA헲LES",2606,2656,5262
"00","TOTAL MUNICIPIO","1 - AREA METROPOLITANA","EXTRANJEROS",214,289,503
"00","TOTAL MUNICIPIO","1 - AREA METROPOLITANA","TOTAL POBLACION",2820,2945,5765
"00","TOTAL MUNICIPIO","2 - RESTO DE LA PROVINCIA","ESPA헲LES",1235,1296,2531
"00","TOTAL MUNICIPIO","2 - RESTO DE LA PROVINCIA","EXTRANJEROS",73,109,182
"00","TOTAL MUNICIPIO","2 - RESTO DE LA PROVINCIA","NO CONSTA",1,0,1
"00","TOTAL MUNICIPIO","2 - RESTO DE LA PROVINCIA","TOTAL POBLACION",1309,1405,2714
"00","TOTAL MUNICIPIO","3 - RESTO DE ANDALUCIA","ESPA헲LES",1218,1317,2535
"00","TOTAL MUNICIPIO","3 - RESTO DE ANDALUCIA","EXTRANJEROS",192,196,388
"00","TOTAL MUNICIPIO","3 - RESTO DE ANDALUCIA","TOTAL POBLACION",1410,1513,2923
"00","TOTAL MUNICIPIO","4 - RESTO DE ESPA헤","ESPA헲LES",1848,1763,3611
"00","TOTAL MUNICIPIO","4 - RESTO DE ESPA헤","EXTRANJEROS",499,483,982
"00","TOTAL MUNICIPIO","4 - RESTO DE ESPA헤","NO CONSTA",2,0,2
"00","TOTAL MUNICIPIO","4 - RESTO DE ESPA헤","TOTAL POBLACION",2349,2246,4595
"00","TOTAL MUNICIPIO","5 - EXTRANJERO","ESPA헲LES",6237,5805,12042
"00","TOTAL MUNICIPIO","5 - EXTRANJERO","EXTRANJEROS",720,540,1260
"00","TOTAL MUNICIPIO","5 - EXTRANJERO","TOTAL POBLACION",6957,6345,13302
"00","TOTAL MUNICIPIO","6 - TODOS","ESPA헲LES",7600,7677,15277
"00","TOTAL MUNICIPIO","6 - TODOS","EXTRANJEROS",1058,1137,2195
"00","TOTAL MUNICIPIO","6 - TODOS","NO CONSTA",3,0,3
"00","TOTAL MUNICIPIO","6 - TODOS","TOTAL POBLACION",8661,8814,17475
