"CD","ND","DESTINO","NACION","HOMBRES","MUJERES","TOTAL"
" 01","CASCO ANTIGUO","1 - AREA METROPOLITANA","ESPA헲LES",208,206,414
" 01","CASCO ANTIGUO","1 - AREA METROPOLITANA","EXTRANJEROS",26,33,59
" 01","CASCO ANTIGUO","1 - AREA METROPOLITANA","TOTAL POBLACION",234,239,473
" 01","CASCO ANTIGUO","2 - RESTO DE LA PROVINCIA","ESPA헲LES",105,94,199
" 01","CASCO ANTIGUO","2 - RESTO DE LA PROVINCIA","EXTRANJEROS",10,13,23
" 01","CASCO ANTIGUO","2 - RESTO DE LA PROVINCIA","TOTAL POBLACION",115,107,222
" 01","CASCO ANTIGUO","3 - RESTO DE ANDALUCIA","ESPA헲LES",170,174,344
" 01","CASCO ANTIGUO","3 - RESTO DE ANDALUCIA","EXTRANJEROS",32,28,60
" 01","CASCO ANTIGUO","3 - RESTO DE ANDALUCIA","NO CONSTA",1,0,1
" 01","CASCO ANTIGUO","3 - RESTO DE ANDALUCIA","TOTAL POBLACION",203,202,405
" 01","CASCO ANTIGUO","4 - RESTO DE ESPA헤","ESPA헲LES",185,190,375
" 01","CASCO ANTIGUO","4 - RESTO DE ESPA헤","EXTRANJEROS",63,73,136
" 01","CASCO ANTIGUO","4 - RESTO DE ESPA헤","TOTAL POBLACION",248,263,511
" 01","CASCO ANTIGUO","5 - EXTRANJERO","ESPA헲LES",423,351,774
" 01","CASCO ANTIGUO","5 - EXTRANJERO","EXTRANJEROS",81,99,180
" 01","CASCO ANTIGUO","5 - EXTRANJERO","TOTAL POBLACION",504,450,954
" 01","CASCO ANTIGUO","6 - TODOS","ESPA헲LES",715,703,1418
" 01","CASCO ANTIGUO","6 - TODOS","EXTRANJEROS",140,158,298
" 01","CASCO ANTIGUO","6 - TODOS","NO CONSTA",1,0,1
" 01","CASCO ANTIGUO","6 - TODOS","TOTAL POBLACION",856,861,1717
" 02","MACARENA","1 - AREA METROPOLITANA","ESPA헲LES",305,270,575
" 02","MACARENA","1 - AREA METROPOLITANA","EXTRANJEROS",45,77,122
" 02","MACARENA","1 - AREA METROPOLITANA","TOTAL POBLACION",350,347,697
" 02","MACARENA","2 - RESTO DE LA PROVINCIA","ESPA헲LES",201,206,407
" 02","MACARENA","2 - RESTO DE LA PROVINCIA","EXTRANJEROS",36,62,98
" 02","MACARENA","2 - RESTO DE LA PROVINCIA","NO CONSTA",0,1,1
" 02","MACARENA","2 - RESTO DE LA PROVINCIA","TOTAL POBLACION",237,269,506
" 02","MACARENA","3 - RESTO DE ANDALUCIA","ESPA헲LES",142,147,289
" 02","MACARENA","3 - RESTO DE ANDALUCIA","EXTRANJEROS",36,57,93
" 02","MACARENA","3 - RESTO DE ANDALUCIA","TOTAL POBLACION",178,204,382
" 02","MACARENA","4 - RESTO DE ESPA헤","ESPA헲LES",144,146,290
" 02","MACARENA","4 - RESTO DE ESPA헤","EXTRANJEROS",153,124,277
" 02","MACARENA","4 - RESTO DE ESPA헤","NO CONSTA",0,2,2
" 02","MACARENA","4 - RESTO DE ESPA헤","TOTAL POBLACION",297,272,569
" 02","MACARENA","5 - EXTRANJERO","ESPA헲LES",360,459,819
" 02","MACARENA","5 - EXTRANJERO","EXTRANJEROS",54,144,198
" 02","MACARENA","5 - EXTRANJERO","TOTAL POBLACION",414,603,1017
" 02","MACARENA","6 - TODOS","ESPA헲LES",832,820,1652
" 02","MACARENA","6 - TODOS","EXTRANJEROS",276,336,612
" 02","MACARENA","6 - TODOS","NO CONSTA",0,3,3
" 02","MACARENA","6 - TODOS","TOTAL POBLACION",1108,1159,2267
" 03","NERVION","1 - AREA METROPOLITANA","ESPA헲LES",164,153,317
" 03","NERVION","1 - AREA METROPOLITANA","EXTRANJEROS",7,17,24
" 03","NERVION","1 - AREA METROPOLITANA","NO CONSTA",0,1,1
" 03","NERVION","1 - AREA METROPOLITANA","TOTAL POBLACION",171,171,342
" 03","NERVION","2 - RESTO DE LA PROVINCIA","ESPA헲LES",66,69,135
" 03","NERVION","2 - RESTO DE LA PROVINCIA","EXTRANJEROS",5,5,10
" 03","NERVION","2 - RESTO DE LA PROVINCIA","TOTAL POBLACION",71,74,145
" 03","NERVION","3 - RESTO DE ANDALUCIA","ESPA헲LES",85,114,199
" 03","NERVION","3 - RESTO DE ANDALUCIA","EXTRANJEROS",12,12,24
" 03","NERVION","3 - RESTO DE ANDALUCIA","TOTAL POBLACION",97,126,223
" 03","NERVION","4 - RESTO DE ESPA헤","ESPA헲LES",129,113,242
" 03","NERVION","4 - RESTO DE ESPA헤","EXTRANJEROS",32,31,63
" 03","NERVION","4 - RESTO DE ESPA헤","TOTAL POBLACION",161,144,305
" 03","NERVION","5 - EXTRANJERO","ESPA헲LES",342,423,765
" 03","NERVION","5 - EXTRANJERO","EXTRANJEROS",36,27,63
" 03","NERVION","5 - EXTRANJERO","TOTAL POBLACION",378,450,828
" 03","NERVION","6 - TODOS","ESPA헲LES",482,496,978
" 03","NERVION","6 - TODOS","EXTRANJEROS",60,68,128
" 03","NERVION","6 - TODOS","NO CONSTA",0,1,1
" 03","NERVION","6 - TODOS","TOTAL POBLACION",542,565,1107
" 04","CERRO-AMATE","1 - AREA METROPOLITANA","ESPA헲LES",355,374,729
" 04","CERRO-AMATE","1 - AREA METROPOLITANA","EXTRANJEROS",44,51,95
" 04","CERRO-AMATE","1 - AREA METROPOLITANA","TOTAL POBLACION",399,425,824
" 04","CERRO-AMATE","2 - RESTO DE LA PROVINCIA","ESPA헲LES",222,214,436
" 04","CERRO-AMATE","2 - RESTO DE LA PROVINCIA","EXTRANJEROS",43,52,95
" 04","CERRO-AMATE","2 - RESTO DE LA PROVINCIA","TOTAL POBLACION",265,266,531
" 04","CERRO-AMATE","3 - RESTO DE ANDALUCIA","ESPA헲LES",118,140,258
" 04","CERRO-AMATE","3 - RESTO DE ANDALUCIA","EXTRANJEROS",73,65,138
" 04","CERRO-AMATE","3 - RESTO DE ANDALUCIA","TOTAL POBLACION",191,205,396
" 04","CERRO-AMATE","4 - RESTO DE ESPA헤","ESPA헲LES",141,135,276
" 04","CERRO-AMATE","4 - RESTO DE ESPA헤","EXTRANJEROS",143,111,254
" 04","CERRO-AMATE","4 - RESTO DE ESPA헤","TOTAL POBLACION",284,246,530
" 04","CERRO-AMATE","5 - EXTRANJERO","ESPA헲LES",198,297,495
" 04","CERRO-AMATE","5 - EXTRANJERO","EXTRANJEROS",27,63,90
" 04","CERRO-AMATE","5 - EXTRANJERO","TOTAL POBLACION",225,360,585
" 04","CERRO-AMATE","6 - TODOS","ESPA헲LES",858,896,1754
" 04","CERRO-AMATE","6 - TODOS","EXTRANJEROS",306,286,592
" 04","CERRO-AMATE","6 - TODOS","TOTAL POBLACION",1164,1182,2346
" 05","SUR","1 - AREA METROPOLITANA","ESPA헲LES",286,320,606
" 05","SUR","1 - AREA METROPOLITANA","EXTRANJEROS",24,37,61
" 05","SUR","1 - AREA METROPOLITANA","TOTAL POBLACION",310,357,667
" 05","SUR","2 - RESTO DE LA PROVINCIA","ESPA헲LES",125,151,276
" 05","SUR","2 - RESTO DE LA PROVINCIA","EXTRANJEROS",16,17,33
" 05","SUR","2 - RESTO DE LA PROVINCIA","TOTAL POBLACION",141,168,309
" 05","SUR","3 - RESTO DE ANDALUCIA","ESPA헲LES",158,166,324
" 05","SUR","3 - RESTO DE ANDALUCIA","EXTRANJEROS",36,36,72
" 05","SUR","3 - RESTO DE ANDALUCIA","TOTAL POBLACION",194,202,396
" 05","SUR","4 - RESTO DE ESPA헤","ESPA헲LES",178,165,343
" 05","SUR","4 - RESTO DE ESPA헤","EXTRANJEROS",77,77,154
" 05","SUR","4 - RESTO DE ESPA헤","NO CONSTA",1,0,1
" 05","SUR","4 - RESTO DE ESPA헤","TOTAL POBLACION",256,242,498
" 05","SUR","5 - EXTRANJERO","ESPA헲LES",288,207,495
" 05","SUR","5 - EXTRANJERO","EXTRANJEROS",45,54,99
" 05","SUR","5 - EXTRANJERO","TOTAL POBLACION",333,261,594
" 05","SUR","6 - TODOS","ESPA헲LES",779,825,1604
" 05","SUR","6 - TODOS","EXTRANJEROS",158,173,331
" 05","SUR","6 - TODOS","NO CONSTA",1,0,1
" 05","SUR","6 - TODOS","TOTAL POBLACION",938,998,1936
" 06","TRIANA","1 - AREA METROPOLITANA","ESPA헲LES",226,253,479
" 06","TRIANA","1 - AREA METROPOLITANA","EXTRANJEROS",14,19,33
" 06","TRIANA","1 - AREA METROPOLITANA","TOTAL POBLACION",240,272,512
" 06","TRIANA","2 - RESTO DE LA PROVINCIA","ESPA헲LES",83,88,171
" 06","TRIANA","2 - RESTO DE LA PROVINCIA","EXTRANJEROS",3,4,7
" 06","TRIANA","2 - RESTO DE LA PROVINCIA","TOTAL POBLACION",86,92,178
" 06","TRIANA","3 - RESTO DE ANDALUCIA","ESPA헲LES",103,128,231
" 06","TRIANA","3 - RESTO DE ANDALUCIA","EXTRANJEROS",9,12,21
" 06","TRIANA","3 - RESTO DE ANDALUCIA","TOTAL POBLACION",112,140,252
" 06","TRIANA","4 - RESTO DE ESPA헤","ESPA헲LES",106,109,215
" 06","TRIANA","4 - RESTO DE ESPA헤","EXTRANJEROS",34,33,67
" 06","TRIANA","4 - RESTO DE ESPA헤","TOTAL POBLACION",140,142,282
" 06","TRIANA","5 - EXTRANJERO","ESPA헲LES",234,180,414
" 06","TRIANA","5 - EXTRANJERO","EXTRANJEROS",9,72,81
" 06","TRIANA","5 - EXTRANJERO","TOTAL POBLACION",243,252,495
" 06","TRIANA","6 - TODOS","ESPA헲LES",544,598,1142
" 06","TRIANA","6 - TODOS","EXTRANJEROS",61,76,137
" 06","TRIANA","6 - TODOS","TOTAL POBLACION",605,674,1279
" 07","NORTE","1 - AREA METROPOLITANA","ESPA헲LES",269,298,567
" 07","NORTE","1 - AREA METROPOLITANA","EXTRANJEROS",19,21,40
" 07","NORTE","1 - AREA METROPOLITANA","TOTAL POBLACION",288,319,607
" 07","NORTE","2 - RESTO DE LA PROVINCIA","ESPA헲LES",187,209,396
" 07","NORTE","2 - RESTO DE LA PROVINCIA","EXTRANJEROS",11,22,33
" 07","NORTE","2 - RESTO DE LA PROVINCIA","TOTAL POBLACION",198,231,429
" 07","NORTE","3 - RESTO DE ANDALUCIA","ESPA헲LES",84,94,178
" 07","NORTE","3 - RESTO DE ANDALUCIA","EXTRANJEROS",19,17,36
" 07","NORTE","3 - RESTO DE ANDALUCIA","TOTAL POBLACION",103,111,214
" 07","NORTE","4 - RESTO DE ESPA헤","ESPA헲LES",102,88,190
" 07","NORTE","4 - RESTO DE ESPA헤","EXTRANJEROS",48,36,84
" 07","NORTE","4 - RESTO DE ESPA헤","TOTAL POBLACION",150,124,274
" 07","NORTE","5 - EXTRANJERO","ESPA헲LES",198,216,414
" 07","NORTE","5 - EXTRANJERO","EXTRANJEROS",0,18,18
" 07","NORTE","5 - EXTRANJERO","TOTAL POBLACION",198,234,432
" 07","NORTE","6 - TODOS","ESPA헲LES",664,713,1377
" 07","NORTE","6 - TODOS","EXTRANJEROS",97,98,195
" 07","NORTE","6 - TODOS","TOTAL POBLACION",761,811,1572
" 08","S. PABLO-STA. JUSTA","1 - AREA METROPOLITANA","ESPA헲LES",178,191,369
" 08","S. PABLO-STA. JUSTA","1 - AREA METROPOLITANA","EXTRANJEROS",17,22,39
" 08","S. PABLO-STA. JUSTA","1 - AREA METROPOLITANA","TOTAL POBLACION",195,213,408
" 08","S. PABLO-STA. JUSTA","2 - RESTO DE LA PROVINCIA","ESPA헲LES",88,114,202
" 08","S. PABLO-STA. JUSTA","2 - RESTO DE LA PROVINCIA","EXTRANJEROS",3,3,6
" 08","S. PABLO-STA. JUSTA","2 - RESTO DE LA PROVINCIA","TOTAL POBLACION",91,117,208
" 08","S. PABLO-STA. JUSTA","3 - RESTO DE ANDALUCIA","ESPA헲LES",113,114,227
" 08","S. PABLO-STA. JUSTA","3 - RESTO DE ANDALUCIA","EXTRANJEROS",9,22,31
" 08","S. PABLO-STA. JUSTA","3 - RESTO DE ANDALUCIA","TOTAL POBLACION",122,136,258
" 08","S. PABLO-STA. JUSTA","4 - RESTO DE ESPA헤","ESPA헲LES",136,117,253
" 08","S. PABLO-STA. JUSTA","4 - RESTO DE ESPA헤","EXTRANJEROS",52,55,107
" 08","S. PABLO-STA. JUSTA","4 - RESTO DE ESPA헤","TOTAL POBLACION",188,172,360
" 08","S. PABLO-STA. JUSTA","5 - EXTRANJERO","ESPA헲LES",261,306,567
" 08","S. PABLO-STA. JUSTA","5 - EXTRANJERO","EXTRANJEROS",27,36,63
" 08","S. PABLO-STA. JUSTA","5 - EXTRANJERO","TOTAL POBLACION",288,342,630
" 08","S. PABLO-STA. JUSTA","6 - TODOS","ESPA헲LES",544,570,1114
" 08","S. PABLO-STA. JUSTA","6 - TODOS","EXTRANJEROS",84,106,190
" 08","S. PABLO-STA. JUSTA","6 - TODOS","TOTAL POBLACION",628,676,1304
" 09","ESTE","1 - AREA METROPOLITANA","ESPA헲LES",330,311,641
" 09","ESTE","1 - AREA METROPOLITANA","EXTRANJEROS",43,31,74
" 09","ESTE","1 - AREA METROPOLITANA","TOTAL POBLACION",373,342,715
" 09","ESTE","2 - RESTO DE LA PROVINCIA","ESPA헲LES",211,214,425
" 09","ESTE","2 - RESTO DE LA PROVINCIA","EXTRANJEROS",8,21,29
" 09","ESTE","2 - RESTO DE LA PROVINCIA","TOTAL POBLACION",219,235,454
" 09","ESTE","3 - RESTO DE ANDALUCIA","ESPA헲LES",154,155,309
" 09","ESTE","3 - RESTO DE ANDALUCIA","EXTRANJEROS",43,41,84
" 09","ESTE","3 - RESTO DE ANDALUCIA","TOTAL POBLACION",197,196,393
" 09","ESTE","4 - RESTO DE ESPA헤","ESPA헲LES",206,183,389
" 09","ESTE","4 - RESTO DE ESPA헤","EXTRANJEROS",47,43,90
" 09","ESTE","4 - RESTO DE ESPA헤","NO CONSTA",1,0,1
" 09","ESTE","4 - RESTO DE ESPA헤","TOTAL POBLACION",254,226,480
" 09","ESTE","5 - EXTRANJERO","ESPA헲LES",351,261,612
" 09","ESTE","5 - EXTRANJERO","EXTRANJEROS",9,18,27
" 09","ESTE","5 - EXTRANJERO","TOTAL POBLACION",360,279,639
" 09","ESTE","6 - TODOS","ESPA헲LES",940,892,1832
" 09","ESTE","6 - TODOS","EXTRANJEROS",142,138,280
" 09","ESTE","6 - TODOS","NO CONSTA",1,0,1
" 09","ESTE","6 - TODOS","TOTAL POBLACION",1083,1030,2113
" 10","BELLAVISTA-LA PALMERA","1 - AREA METROPOLITANA","ESPA헲LES",289,284,573
" 10","BELLAVISTA-LA PALMERA","1 - AREA METROPOLITANA","EXTRANJEROS",14,23,37
" 10","BELLAVISTA-LA PALMERA","1 - AREA METROPOLITANA","NO CONSTA",1,0,1
" 10","BELLAVISTA-LA PALMERA","1 - AREA METROPOLITANA","TOTAL POBLACION",304,307,611
" 10","BELLAVISTA-LA PALMERA","2 - RESTO DE LA PROVINCIA","ESPA헲LES",63,66,129
" 10","BELLAVISTA-LA PALMERA","2 - RESTO DE LA PROVINCIA","EXTRANJEROS",3,11,14
" 10","BELLAVISTA-LA PALMERA","2 - RESTO DE LA PROVINCIA","NO CONSTA",1,0,1
" 10","BELLAVISTA-LA PALMERA","2 - RESTO DE LA PROVINCIA","TOTAL POBLACION",67,77,144
" 10","BELLAVISTA-LA PALMERA","3 - RESTO DE ANDALUCIA","ESPA헲LES",104,84,188
" 10","BELLAVISTA-LA PALMERA","3 - RESTO DE ANDALUCIA","EXTRANJEROS",10,10,20
" 10","BELLAVISTA-LA PALMERA","3 - RESTO DE ANDALUCIA","TOTAL POBLACION",114,94,208
" 10","BELLAVISTA-LA PALMERA","4 - RESTO DE ESPA헤","ESPA헲LES",106,91,197
" 10","BELLAVISTA-LA PALMERA","4 - RESTO DE ESPA헤","EXTRANJEROS",42,33,75
" 10","BELLAVISTA-LA PALMERA","4 - RESTO DE ESPA헤","TOTAL POBLACION",148,124,272
" 10","BELLAVISTA-LA PALMERA","5 - EXTRANJERO","ESPA헲LES",351,234,585
" 10","BELLAVISTA-LA PALMERA","5 - EXTRANJERO","EXTRANJEROS",9,18,27
" 10","BELLAVISTA-LA PALMERA","5 - EXTRANJERO","TOTAL POBLACION",360,252,612
" 10","BELLAVISTA-LA PALMERA","6 - TODOS","ESPA헲LES",601,551,1152
" 10","BELLAVISTA-LA PALMERA","6 - TODOS","EXTRANJEROS",70,79,149
" 10","BELLAVISTA-LA PALMERA","6 - TODOS","NO CONSTA",2,0,2
" 10","BELLAVISTA-LA PALMERA","6 - TODOS","TOTAL POBLACION",673,630,1303
" 11","LOS REMEDIOS","1 - AREA METROPOLITANA","ESPA헲LES",113,116,229
" 11","LOS REMEDIOS","1 - AREA METROPOLITANA","EXTRANJEROS",6,15,21
" 11","LOS REMEDIOS","1 - AREA METROPOLITANA","TOTAL POBLACION",119,131,250
" 11","LOS REMEDIOS","2 - RESTO DE LA PROVINCIA","ESPA헲LES",22,29,51
" 11","LOS REMEDIOS","2 - RESTO DE LA PROVINCIA","EXTRANJEROS",1,7,8
" 11","LOS REMEDIOS","2 - RESTO DE LA PROVINCIA","TOTAL POBLACION",23,36,59
" 11","LOS REMEDIOS","3 - RESTO DE ANDALUCIA","ESPA헲LES",70,67,137
" 11","LOS REMEDIOS","3 - RESTO DE ANDALUCIA","EXTRANJEROS",2,4,6
" 11","LOS REMEDIOS","3 - RESTO DE ANDALUCIA","TOTAL POBLACION",72,71,143
" 11","LOS REMEDIOS","4 - RESTO DE ESPA헤","ESPA헲LES",65,83,148
" 11","LOS REMEDIOS","4 - RESTO DE ESPA헤","EXTRANJEROS",10,16,26
" 11","LOS REMEDIOS","4 - RESTO DE ESPA헤","TOTAL POBLACION",75,99,174
" 11","LOS REMEDIOS","5 - EXTRANJERO","ESPA헲LES",153,153,306
" 11","LOS REMEDIOS","5 - EXTRANJERO","EXTRANJEROS",9,18,27
" 11","LOS REMEDIOS","5 - EXTRANJERO","TOTAL POBLACION",162,171,333
" 11","LOS REMEDIOS","6 - TODOS","ESPA헲LES",287,312,599
" 11","LOS REMEDIOS","6 - TODOS","EXTRANJEROS",20,44,64
" 11","LOS REMEDIOS","6 - TODOS","TOTAL POBLACION",307,356,663
"00","TOTAL MUNICIPIO","1 - AREA METROPOLITANA","ESPA헲LES",2723,2776,5499
"00","TOTAL MUNICIPIO","1 - AREA METROPOLITANA","EXTRANJEROS",259,346,605
"00","TOTAL MUNICIPIO","1 - AREA METROPOLITANA","NO CONSTA",1,1,2
"00","TOTAL MUNICIPIO","1 - AREA METROPOLITANA","TOTAL POBLACION",2983,3123,6106
"00","TOTAL MUNICIPIO","2 - RESTO DE LA PROVINCIA","ESPA헲LES",1373,1454,2827
"00","TOTAL MUNICIPIO","2 - RESTO DE LA PROVINCIA","EXTRANJEROS",139,217,356
"00","TOTAL MUNICIPIO","2 - RESTO DE LA PROVINCIA","NO CONSTA",1,1,2
"00","TOTAL MUNICIPIO","2 - RESTO DE LA PROVINCIA","TOTAL POBLACION",1513,1672,3185
"00","TOTAL MUNICIPIO","3 - RESTO DE ANDALUCIA","ESPA헲LES",1301,1383,2684
"00","TOTAL MUNICIPIO","3 - RESTO DE ANDALUCIA","EXTRANJEROS",281,304,585
"00","TOTAL MUNICIPIO","3 - RESTO DE ANDALUCIA","NO CONSTA",1,0,1
"00","TOTAL MUNICIPIO","3 - RESTO DE ANDALUCIA","TOTAL POBLACION",1583,1687,3270
"00","TOTAL MUNICIPIO","4 - RESTO DE ESPA헤","ESPA헲LES",1498,1420,2918
"00","TOTAL MUNICIPIO","4 - RESTO DE ESPA헤","EXTRANJEROS",701,632,1333
"00","TOTAL MUNICIPIO","4 - RESTO DE ESPA헤","NO CONSTA",2,2,4
"00","TOTAL MUNICIPIO","4 - RESTO DE ESPA헤","TOTAL POBLACION",2201,2054,4255
"00","TOTAL MUNICIPIO","5 - EXTRANJERO","ESPA헲LES",3159,3087,6246
"00","TOTAL MUNICIPIO","5 - EXTRANJERO","EXTRANJEROS",306,567,873
"00","TOTAL MUNICIPIO","5 - EXTRANJERO","TOTAL POBLACION",3465,3654,7119
"00","TOTAL MUNICIPIO","6 - TODOS","ESPA헲LES",7246,7376,14622
"00","TOTAL MUNICIPIO","6 - TODOS","EXTRANJEROS",1414,1562,2976
"00","TOTAL MUNICIPIO","6 - TODOS","NO CONSTA",5,4,9
"00","TOTAL MUNICIPIO","6 - TODOS","TOTAL POBLACION",8665,8942,17607
