"CD","ND","GRUPO","HOMBRES","MUJERES","TOTAL"
" 00","01 TOTAL DISTRITOS","TOTAL POBLACION",333079,367517,700596
" 01","CASCO ANTIGUO"," 00",245,247,492
" 01","CASCO ANTIGUO"," 01",268,238,506
" 01","CASCO ANTIGUO"," 02",283,249,532
" 01","CASCO ANTIGUO"," 03",279,253,532
" 01","CASCO ANTIGUO"," 04",272,258,530
" 01","CASCO ANTIGUO"," 05",268,244,512
" 01","CASCO ANTIGUO"," 06",294,245,539
" 01","CASCO ANTIGUO"," 07",262,259,521
" 01","CASCO ANTIGUO"," 08",275,238,513
" 01","CASCO ANTIGUO"," 09",251,288,539
" 01","CASCO ANTIGUO"," 10",249,247,496
" 01","CASCO ANTIGUO"," 11",247,245,492
" 01","CASCO ANTIGUO"," 12",244,252,496
" 01","CASCO ANTIGUO"," 13",231,256,487
" 01","CASCO ANTIGUO"," 14",222,234,456
" 01","CASCO ANTIGUO"," 15",205,227,432
" 01","CASCO ANTIGUO"," 16",215,189,404
" 01","CASCO ANTIGUO"," 17",190,206,396
" 01","CASCO ANTIGUO"," 18",221,206,427
" 01","CASCO ANTIGUO"," 19",216,205,421
" 01","CASCO ANTIGUO"," 20",212,231,443
" 01","CASCO ANTIGUO"," 21",217,231,448
" 01","CASCO ANTIGUO"," 22",222,259,481
" 01","CASCO ANTIGUO"," 23",239,279,518
" 01","CASCO ANTIGUO"," 24",264,290,554
" 01","CASCO ANTIGUO"," 25",245,307,552
" 01","CASCO ANTIGUO"," 26",285,310,595
" 01","CASCO ANTIGUO"," 27",280,357,637
" 01","CASCO ANTIGUO"," 28",332,386,718
" 01","CASCO ANTIGUO"," 29",372,427,799
" 01","CASCO ANTIGUO"," 30",400,413,813
" 01","CASCO ANTIGUO"," 31",463,511,974
" 01","CASCO ANTIGUO"," 32",447,514,961
" 01","CASCO ANTIGUO"," 33",517,507,1024
" 01","CASCO ANTIGUO"," 34",516,533,1049
" 01","CASCO ANTIGUO"," 35",503,558,1061
" 01","CASCO ANTIGUO"," 36",543,533,1076
" 01","CASCO ANTIGUO"," 37",552,541,1093
" 01","CASCO ANTIGUO"," 38",581,559,1140
" 01","CASCO ANTIGUO"," 39",521,545,1066
" 01","CASCO ANTIGUO"," 40",545,545,1090
" 01","CASCO ANTIGUO"," 41",507,529,1036
" 01","CASCO ANTIGUO"," 42",489,589,1078
" 01","CASCO ANTIGUO"," 43",505,507,1012
" 01","CASCO ANTIGUO"," 44",578,505,1083
" 01","CASCO ANTIGUO"," 45",546,476,1022
" 01","CASCO ANTIGUO"," 46",488,513,1001
" 01","CASCO ANTIGUO"," 47",511,509,1020
" 01","CASCO ANTIGUO"," 48",511,530,1041
" 01","CASCO ANTIGUO"," 49",501,495,996
" 01","CASCO ANTIGUO"," 50",520,498,1018
" 01","CASCO ANTIGUO"," 51",518,462,980
" 01","CASCO ANTIGUO"," 52",407,449,856
" 01","CASCO ANTIGUO"," 53",393,452,845
" 01","CASCO ANTIGUO"," 54",395,452,847
" 01","CASCO ANTIGUO"," 55",369,391,760
" 01","CASCO ANTIGUO"," 56",399,418,817
" 01","CASCO ANTIGUO"," 57",382,438,820
" 01","CASCO ANTIGUO"," 58",360,435,795
" 01","CASCO ANTIGUO"," 59",332,387,719
" 01","CASCO ANTIGUO"," 60",337,394,731
" 01","CASCO ANTIGUO"," 61",336,362,698
" 01","CASCO ANTIGUO"," 62",328,367,695
" 01","CASCO ANTIGUO"," 63",323,358,681
" 01","CASCO ANTIGUO"," 64",290,376,666
" 01","CASCO ANTIGUO"," 65",286,353,639
" 01","CASCO ANTIGUO"," 66",285,334,619
" 01","CASCO ANTIGUO"," 67",266,324,590
" 01","CASCO ANTIGUO"," 68",267,339,606
" 01","CASCO ANTIGUO"," 69",234,313,547
" 01","CASCO ANTIGUO"," 70",262,306,568
" 01","CASCO ANTIGUO"," 71",254,322,576
" 01","CASCO ANTIGUO"," 72",204,261,465
" 01","CASCO ANTIGUO"," 73",175,252,427
" 01","CASCO ANTIGUO"," 74",221,290,511
" 01","CASCO ANTIGUO"," 75",173,286,459
" 01","CASCO ANTIGUO"," 76",150,283,433
" 01","CASCO ANTIGUO"," 77",131,232,363
" 01","CASCO ANTIGUO"," 78",160,245,405
" 01","CASCO ANTIGUO"," 79",164,259,423
" 01","CASCO ANTIGUO"," 80",131,250,381
" 01","CASCO ANTIGUO"," 81",130,242,372
" 01","CASCO ANTIGUO"," 82",118,232,350
" 01","CASCO ANTIGUO"," 83",105,208,313
" 01","CASCO ANTIGUO"," 84",81,196,277
" 01","CASCO ANTIGUO"," 85",93,211,304
" 01","CASCO ANTIGUO"," 86",77,198,275
" 01","CASCO ANTIGUO"," 87",72,156,228
" 01","CASCO ANTIGUO"," 88",47,145,192
" 01","CASCO ANTIGUO"," 89",40,120,160
" 01","CASCO ANTIGUO","90 y más años",150,612,762
" 01","CASCO ANTIGUO","TOTAL POBLACION",27794,31483,59277
" 02","MACARENA"," 00",326,320,646
" 02","MACARENA"," 01",303,288,591
" 02","MACARENA"," 02",324,313,637
" 02","MACARENA"," 03",341,319,660
" 02","MACARENA"," 04",358,305,663
" 02","MACARENA"," 05",382,346,728
" 02","MACARENA"," 06",366,385,751
" 02","MACARENA"," 07",345,372,717
" 02","MACARENA"," 08",325,286,611
" 02","MACARENA"," 09",332,332,664
" 02","MACARENA"," 10",334,311,645
" 02","MACARENA"," 11",299,266,565
" 02","MACARENA"," 12",266,267,533
" 02","MACARENA"," 13",285,300,585
" 02","MACARENA"," 14",296,288,584
" 02","MACARENA"," 15",285,261,546
" 02","MACARENA"," 16",309,260,569
" 02","MACARENA"," 17",302,287,589
" 02","MACARENA"," 18",306,303,609
" 02","MACARENA"," 19",323,290,613
" 02","MACARENA"," 20",374,377,751
" 02","MACARENA"," 21",372,377,749
" 02","MACARENA"," 22",389,344,733
" 02","MACARENA"," 23",370,407,777
" 02","MACARENA"," 24",403,386,789
" 02","MACARENA"," 25",426,397,823
" 02","MACARENA"," 26",394,430,824
" 02","MACARENA"," 27",429,421,850
" 02","MACARENA"," 28",443,493,936
" 02","MACARENA"," 29",505,484,989
" 02","MACARENA"," 30",532,552,1084
" 02","MACARENA"," 31",544,547,1091
" 02","MACARENA"," 32",542,596,1138
" 02","MACARENA"," 33",555,578,1133
" 02","MACARENA"," 34",649,619,1268
" 02","MACARENA"," 35",605,591,1196
" 02","MACARENA"," 36",632,619,1251
" 02","MACARENA"," 37",624,644,1268
" 02","MACARENA"," 38",656,650,1306
" 02","MACARENA"," 39",619,631,1250
" 02","MACARENA"," 40",628,627,1255
" 02","MACARENA"," 41",652,547,1199
" 02","MACARENA"," 42",597,604,1201
" 02","MACARENA"," 43",584,556,1140
" 02","MACARENA"," 44",523,541,1064
" 02","MACARENA"," 45",556,564,1120
" 02","MACARENA"," 46",550,611,1161
" 02","MACARENA"," 47",506,518,1024
" 02","MACARENA"," 48",558,548,1106
" 02","MACARENA"," 49",536,522,1058
" 02","MACARENA"," 50",535,624,1159
" 02","MACARENA"," 51",501,562,1063
" 02","MACARENA"," 52",474,555,1029
" 02","MACARENA"," 53",446,550,996
" 02","MACARENA"," 54",503,509,1012
" 02","MACARENA"," 55",477,468,945
" 02","MACARENA"," 56",455,504,959
" 02","MACARENA"," 57",440,513,953
" 02","MACARENA"," 58",387,470,857
" 02","MACARENA"," 59",410,474,884
" 02","MACARENA"," 60",343,444,787
" 02","MACARENA"," 61",339,483,822
" 02","MACARENA"," 62",356,464,820
" 02","MACARENA"," 63",362,445,807
" 02","MACARENA"," 64",332,441,773
" 02","MACARENA"," 65",375,532,907
" 02","MACARENA"," 66",390,595,985
" 02","MACARENA"," 67",396,549,945
" 02","MACARENA"," 68",357,561,918
" 02","MACARENA"," 69",434,603,1037
" 02","MACARENA"," 70",415,577,992
" 02","MACARENA"," 71",448,564,1012
" 02","MACARENA"," 72",344,459,803
" 02","MACARENA"," 73",335,393,728
" 02","MACARENA"," 74",364,493,857
" 02","MACARENA"," 75",313,397,710
" 02","MACARENA"," 76",251,415,666
" 02","MACARENA"," 77",262,342,604
" 02","MACARENA"," 78",232,467,699
" 02","MACARENA"," 79",261,431,692
" 02","MACARENA"," 80",233,373,606
" 02","MACARENA"," 81",212,377,589
" 02","MACARENA"," 82",188,370,558
" 02","MACARENA"," 83",161,341,502
" 02","MACARENA"," 84",158,312,470
" 02","MACARENA"," 85",144,298,442
" 02","MACARENA"," 86",81,274,355
" 02","MACARENA"," 87",73,186,259
" 02","MACARENA"," 88",73,173,246
" 02","MACARENA"," 89",58,121,179
" 02","MACARENA","90 y más años",183,577,760
" 02","MACARENA","TOTAL POBLACION",35261,40166,75427
" 03","NERVION"," 00",243,205,448
" 03","NERVION"," 01",223,213,436
" 03","NERVION"," 02",236,229,465
" 03","NERVION"," 03",238,264,502
" 03","NERVION"," 04",232,211,443
" 03","NERVION"," 05",244,246,490
" 03","NERVION"," 06",240,212,452
" 03","NERVION"," 07",258,206,464
" 03","NERVION"," 08",250,254,504
" 03","NERVION"," 09",254,241,495
" 03","NERVION"," 10",263,235,498
" 03","NERVION"," 11",267,226,493
" 03","NERVION"," 12",238,212,450
" 03","NERVION"," 13",227,257,484
" 03","NERVION"," 14",243,213,456
" 03","NERVION"," 15",236,206,442
" 03","NERVION"," 16",204,238,442
" 03","NERVION"," 17",224,272,496
" 03","NERVION"," 18",264,225,489
" 03","NERVION"," 19",235,228,463
" 03","NERVION"," 20",238,256,494
" 03","NERVION"," 21",215,253,468
" 03","NERVION"," 22",260,244,504
" 03","NERVION"," 23",253,251,504
" 03","NERVION"," 24",237,224,461
" 03","NERVION"," 25",274,250,524
" 03","NERVION"," 26",275,282,557
" 03","NERVION"," 27",283,248,531
" 03","NERVION"," 28",254,287,541
" 03","NERVION"," 29",289,273,562
" 03","NERVION"," 30",281,297,578
" 03","NERVION"," 31",295,330,625
" 03","NERVION"," 32",305,381,686
" 03","NERVION"," 33",347,341,688
" 03","NERVION"," 34",332,361,693
" 03","NERVION"," 35",360,345,705
" 03","NERVION"," 36",407,382,789
" 03","NERVION"," 37",345,376,721
" 03","NERVION"," 38",374,439,813
" 03","NERVION"," 39",386,377,763
" 03","NERVION"," 40",350,403,753
" 03","NERVION"," 41",353,395,748
" 03","NERVION"," 42",359,383,742
" 03","NERVION"," 43",344,368,712
" 03","NERVION"," 44",342,370,712
" 03","NERVION"," 45",326,398,724
" 03","NERVION"," 46",339,397,736
" 03","NERVION"," 47",337,418,755
" 03","NERVION"," 48",387,408,795
" 03","NERVION"," 49",342,431,773
" 03","NERVION"," 50",338,404,742
" 03","NERVION"," 51",356,395,751
" 03","NERVION"," 52",347,380,727
" 03","NERVION"," 53",313,383,696
" 03","NERVION"," 54",302,385,687
" 03","NERVION"," 55",299,394,693
" 03","NERVION"," 56",282,366,648
" 03","NERVION"," 57",276,393,669
" 03","NERVION"," 58",286,350,636
" 03","NERVION"," 59",260,400,660
" 03","NERVION"," 60",284,320,604
" 03","NERVION"," 61",303,380,683
" 03","NERVION"," 62",271,385,656
" 03","NERVION"," 63",300,341,641
" 03","NERVION"," 64",264,378,642
" 03","NERVION"," 65",290,425,715
" 03","NERVION"," 66",331,413,744
" 03","NERVION"," 67",283,381,664
" 03","NERVION"," 68",290,353,643
" 03","NERVION"," 69",290,365,655
" 03","NERVION"," 70",300,389,689
" 03","NERVION"," 71",265,377,642
" 03","NERVION"," 72",251,327,578
" 03","NERVION"," 73",229,282,511
" 03","NERVION"," 74",217,278,495
" 03","NERVION"," 75",176,241,417
" 03","NERVION"," 76",150,252,402
" 03","NERVION"," 77",176,247,423
" 03","NERVION"," 78",158,296,454
" 03","NERVION"," 79",163,271,434
" 03","NERVION"," 80",152,236,388
" 03","NERVION"," 81",130,241,371
" 03","NERVION"," 82",140,241,381
" 03","NERVION"," 83",112,211,323
" 03","NERVION"," 84",104,210,314
" 03","NERVION"," 85",87,199,286
" 03","NERVION"," 86",83,188,271
" 03","NERVION"," 87",59,149,208
" 03","NERVION"," 88",51,110,161
" 03","NERVION"," 89",35,126,161
" 03","NERVION","90 y más años",124,460,584
" 03","NERVION","TOTAL POBLACION",23435,27683,51118
" 04","CERRO-AMATE"," 00",450,420,870
" 04","CERRO-AMATE"," 01",466,449,915
" 04","CERRO-AMATE"," 02",474,429,903
" 04","CERRO-AMATE"," 03",491,448,939
" 04","CERRO-AMATE"," 04",516,518,1034
" 04","CERRO-AMATE"," 05",523,534,1057
" 04","CERRO-AMATE"," 06",618,580,1198
" 04","CERRO-AMATE"," 07",585,547,1132
" 04","CERRO-AMATE"," 08",501,520,1021
" 04","CERRO-AMATE"," 09",493,487,980
" 04","CERRO-AMATE"," 10",463,385,848
" 04","CERRO-AMATE"," 11",375,390,765
" 04","CERRO-AMATE"," 12",395,376,771
" 04","CERRO-AMATE"," 13",423,412,835
" 04","CERRO-AMATE"," 14",395,379,774
" 04","CERRO-AMATE"," 15",407,376,783
" 04","CERRO-AMATE"," 16",392,349,741
" 04","CERRO-AMATE"," 17",415,368,783
" 04","CERRO-AMATE"," 18",398,421,819
" 04","CERRO-AMATE"," 19",457,422,879
" 04","CERRO-AMATE"," 20",500,462,962
" 04","CERRO-AMATE"," 21",541,499,1040
" 04","CERRO-AMATE"," 22",545,512,1057
" 04","CERRO-AMATE"," 23",565,513,1078
" 04","CERRO-AMATE"," 24",544,533,1077
" 04","CERRO-AMATE"," 25",569,516,1085
" 04","CERRO-AMATE"," 26",622,577,1199
" 04","CERRO-AMATE"," 27",571,585,1156
" 04","CERRO-AMATE"," 28",611,574,1185
" 04","CERRO-AMATE"," 29",591,566,1157
" 04","CERRO-AMATE"," 30",587,567,1154
" 04","CERRO-AMATE"," 31",623,621,1244
" 04","CERRO-AMATE"," 32",700,677,1377
" 04","CERRO-AMATE"," 33",679,716,1395
" 04","CERRO-AMATE"," 34",810,711,1521
" 04","CERRO-AMATE"," 35",799,728,1527
" 04","CERRO-AMATE"," 36",853,839,1692
" 04","CERRO-AMATE"," 37",871,829,1700
" 04","CERRO-AMATE"," 38",888,825,1713
" 04","CERRO-AMATE"," 39",838,733,1571
" 04","CERRO-AMATE"," 40",767,748,1515
" 04","CERRO-AMATE"," 41",760,701,1461
" 04","CERRO-AMATE"," 42",733,656,1389
" 04","CERRO-AMATE"," 43",710,644,1354
" 04","CERRO-AMATE"," 44",625,632,1257
" 04","CERRO-AMATE"," 45",671,644,1315
" 04","CERRO-AMATE"," 46",603,642,1245
" 04","CERRO-AMATE"," 47",580,594,1174
" 04","CERRO-AMATE"," 48",631,719,1350
" 04","CERRO-AMATE"," 49",634,651,1285
" 04","CERRO-AMATE"," 50",630,673,1303
" 04","CERRO-AMATE"," 51",639,680,1319
" 04","CERRO-AMATE"," 52",589,609,1198
" 04","CERRO-AMATE"," 53",584,604,1188
" 04","CERRO-AMATE"," 54",580,593,1173
" 04","CERRO-AMATE"," 55",538,587,1125
" 04","CERRO-AMATE"," 56",548,626,1174
" 04","CERRO-AMATE"," 57",585,635,1220
" 04","CERRO-AMATE"," 58",468,560,1028
" 04","CERRO-AMATE"," 59",509,543,1052
" 04","CERRO-AMATE"," 60",480,513,993
" 04","CERRO-AMATE"," 61",471,507,978
" 04","CERRO-AMATE"," 62",450,488,938
" 04","CERRO-AMATE"," 63",431,511,942
" 04","CERRO-AMATE"," 64",359,436,795
" 04","CERRO-AMATE"," 65",441,496,937
" 04","CERRO-AMATE"," 66",455,519,974
" 04","CERRO-AMATE"," 67",396,481,877
" 04","CERRO-AMATE"," 68",326,415,741
" 04","CERRO-AMATE"," 69",401,505,906
" 04","CERRO-AMATE"," 70",367,448,815
" 04","CERRO-AMATE"," 71",382,461,843
" 04","CERRO-AMATE"," 72",250,378,628
" 04","CERRO-AMATE"," 73",271,321,592
" 04","CERRO-AMATE"," 74",288,405,693
" 04","CERRO-AMATE"," 75",264,305,569
" 04","CERRO-AMATE"," 76",247,312,559
" 04","CERRO-AMATE"," 77",224,326,550
" 04","CERRO-AMATE"," 78",259,392,651
" 04","CERRO-AMATE"," 79",202,389,591
" 04","CERRO-AMATE"," 80",196,314,510
" 04","CERRO-AMATE"," 81",208,355,563
" 04","CERRO-AMATE"," 82",190,341,531
" 04","CERRO-AMATE"," 83",140,270,410
" 04","CERRO-AMATE"," 84",132,283,415
" 04","CERRO-AMATE"," 85",122,252,374
" 04","CERRO-AMATE"," 86",87,232,319
" 04","CERRO-AMATE"," 87",92,154,246
" 04","CERRO-AMATE"," 88",70,124,194
" 04","CERRO-AMATE"," 89",43,116,159
" 04","CERRO-AMATE","90 y más años",201,489,690
" 04","CERRO-AMATE","TOTAL POBLACION",43373,45672,89045
" 05","SUR"," 00",314,327,641
" 05","SUR"," 01",349,345,694
" 05","SUR"," 02",377,346,723
" 05","SUR"," 03",360,345,705
" 05","SUR"," 04",381,367,748
" 05","SUR"," 05",458,375,833
" 05","SUR"," 06",442,385,827
" 05","SUR"," 07",400,385,785
" 05","SUR"," 08",426,375,801
" 05","SUR"," 09",392,408,800
" 05","SUR"," 10",394,382,776
" 05","SUR"," 11",400,430,830
" 05","SUR"," 12",389,408,797
" 05","SUR"," 13",397,362,759
" 05","SUR"," 14",430,402,832
" 05","SUR"," 15",363,365,728
" 05","SUR"," 16",409,390,799
" 05","SUR"," 17",392,390,782
" 05","SUR"," 18",401,368,769
" 05","SUR"," 19",355,398,753
" 05","SUR"," 20",383,382,765
" 05","SUR"," 21",395,428,823
" 05","SUR"," 22",418,402,820
" 05","SUR"," 23",472,408,880
" 05","SUR"," 24",448,432,880
" 05","SUR"," 25",428,433,861
" 05","SUR"," 26",434,413,847
" 05","SUR"," 27",457,459,916
" 05","SUR"," 28",437,436,873
" 05","SUR"," 29",492,471,963
" 05","SUR"," 30",461,483,944
" 05","SUR"," 31",498,458,956
" 05","SUR"," 32",529,460,989
" 05","SUR"," 33",490,507,997
" 05","SUR"," 34",532,494,1026
" 05","SUR"," 35",510,511,1021
" 05","SUR"," 36",535,569,1104
" 05","SUR"," 37",556,555,1111
" 05","SUR"," 38",537,498,1035
" 05","SUR"," 39",497,537,1034
" 05","SUR"," 40",553,532,1085
" 05","SUR"," 41",502,526,1028
" 05","SUR"," 42",537,496,1033
" 05","SUR"," 43",430,522,952
" 05","SUR"," 44",501,539,1040
" 05","SUR"," 45",505,517,1022
" 05","SUR"," 46",492,593,1085
" 05","SUR"," 47",512,567,1079
" 05","SUR"," 48",562,561,1123
" 05","SUR"," 49",516,566,1082
" 05","SUR"," 50",492,567,1059
" 05","SUR"," 51",539,572,1111
" 05","SUR"," 52",480,550,1030
" 05","SUR"," 53",469,481,950
" 05","SUR"," 54",448,522,970
" 05","SUR"," 55",412,509,921
" 05","SUR"," 56",435,485,920
" 05","SUR"," 57",411,474,885
" 05","SUR"," 58",378,476,854
" 05","SUR"," 59",358,461,819
" 05","SUR"," 60",342,431,773
" 05","SUR"," 61",365,436,801
" 05","SUR"," 62",352,421,773
" 05","SUR"," 63",332,403,735
" 05","SUR"," 64",314,375,689
" 05","SUR"," 65",362,435,797
" 05","SUR"," 66",341,424,765
" 05","SUR"," 67",336,441,777
" 05","SUR"," 68",289,373,662
" 05","SUR"," 69",337,431,768
" 05","SUR"," 70",342,466,808
" 05","SUR"," 71",334,458,792
" 05","SUR"," 72",256,372,628
" 05","SUR"," 73",268,317,585
" 05","SUR"," 74",309,401,710
" 05","SUR"," 75",259,312,571
" 05","SUR"," 76",242,350,592
" 05","SUR"," 77",221,312,533
" 05","SUR"," 78",222,370,592
" 05","SUR"," 79",206,340,546
" 05","SUR"," 80",187,312,499
" 05","SUR"," 81",206,299,505
" 05","SUR"," 82",146,311,457
" 05","SUR"," 83",113,263,376
" 05","SUR"," 84",110,254,364
" 05","SUR"," 85",98,233,331
" 05","SUR"," 86",87,182,269
" 05","SUR"," 87",84,156,240
" 05","SUR"," 88",53,128,181
" 05","SUR"," 89",45,118,163
" 05","SUR","90 y más años",166,405,571
" 05","SUR","TOTAL POBLACION",34194,37934,72128
" 06","TRIANA"," 00",173,179,352
" 06","TRIANA"," 01",207,169,376
" 06","TRIANA"," 02",193,200,393
" 06","TRIANA"," 03",200,202,402
" 06","TRIANA"," 04",216,215,431
" 06","TRIANA"," 05",222,252,474
" 06","TRIANA"," 06",214,231,445
" 06","TRIANA"," 07",233,208,441
" 06","TRIANA"," 08",211,201,412
" 06","TRIANA"," 09",229,242,471
" 06","TRIANA"," 10",211,206,417
" 06","TRIANA"," 11",208,214,422
" 06","TRIANA"," 12",230,207,437
" 06","TRIANA"," 13",186,190,376
" 06","TRIANA"," 14",221,192,413
" 06","TRIANA"," 15",215,182,397
" 06","TRIANA"," 16",180,187,367
" 06","TRIANA"," 17",205,200,405
" 06","TRIANA"," 18",206,191,397
" 06","TRIANA"," 19",204,207,411
" 06","TRIANA"," 20",186,217,403
" 06","TRIANA"," 21",214,205,419
" 06","TRIANA"," 22",248,210,458
" 06","TRIANA"," 23",255,237,492
" 06","TRIANA"," 24",221,244,465
" 06","TRIANA"," 25",199,243,442
" 06","TRIANA"," 26",248,261,509
" 06","TRIANA"," 27",257,259,516
" 06","TRIANA"," 28",240,281,521
" 06","TRIANA"," 29",239,305,544
" 06","TRIANA"," 30",287,308,595
" 06","TRIANA"," 31",313,318,631
" 06","TRIANA"," 32",303,331,634
" 06","TRIANA"," 33",326,348,674
" 06","TRIANA"," 34",352,342,694
" 06","TRIANA"," 35",380,329,709
" 06","TRIANA"," 36",360,391,751
" 06","TRIANA"," 37",400,420,820
" 06","TRIANA"," 38",345,405,750
" 06","TRIANA"," 39",367,367,734
" 06","TRIANA"," 40",375,441,816
" 06","TRIANA"," 41",362,435,797
" 06","TRIANA"," 42",378,376,754
" 06","TRIANA"," 43",347,377,724
" 06","TRIANA"," 44",354,378,732
" 06","TRIANA"," 45",353,417,770
" 06","TRIANA"," 46",351,363,714
" 06","TRIANA"," 47",385,396,781
" 06","TRIANA"," 48",332,427,759
" 06","TRIANA"," 49",351,408,759
" 06","TRIANA"," 50",368,437,805
" 06","TRIANA"," 51",323,409,732
" 06","TRIANA"," 52",318,346,664
" 06","TRIANA"," 53",325,396,721
" 06","TRIANA"," 54",318,383,701
" 06","TRIANA"," 55",302,385,687
" 06","TRIANA"," 56",288,349,637
" 06","TRIANA"," 57",301,369,670
" 06","TRIANA"," 58",253,302,555
" 06","TRIANA"," 59",264,321,585
" 06","TRIANA"," 60",226,288,514
" 06","TRIANA"," 61",218,319,537
" 06","TRIANA"," 62",247,362,609
" 06","TRIANA"," 63",239,346,585
" 06","TRIANA"," 64",213,363,576
" 06","TRIANA"," 65",243,322,565
" 06","TRIANA"," 66",296,361,657
" 06","TRIANA"," 67",287,368,655
" 06","TRIANA"," 68",253,349,602
" 06","TRIANA"," 69",287,392,679
" 06","TRIANA"," 70",267,400,667
" 06","TRIANA"," 71",277,408,685
" 06","TRIANA"," 72",230,332,562
" 06","TRIANA"," 73",208,268,476
" 06","TRIANA"," 74",247,332,579
" 06","TRIANA"," 75",176,266,442
" 06","TRIANA"," 76",170,281,451
" 06","TRIANA"," 77",158,224,382
" 06","TRIANA"," 78",183,276,459
" 06","TRIANA"," 79",178,286,464
" 06","TRIANA"," 80",140,245,385
" 06","TRIANA"," 81",117,283,400
" 06","TRIANA"," 82",124,279,403
" 06","TRIANA"," 83",128,240,368
" 06","TRIANA"," 84",104,212,316
" 06","TRIANA"," 85",99,218,317
" 06","TRIANA"," 86",73,191,264
" 06","TRIANA"," 87",68,169,237
" 06","TRIANA"," 88",40,160,200
" 06","TRIANA"," 89",32,120,152
" 06","TRIANA","90 y más años",167,465,632
" 06","TRIANA","TOTAL POBLACION",22247,26936,49183
" 07","NORTE"," 00",359,349,708
" 07","NORTE"," 01",373,326,699
" 07","NORTE"," 02",370,338,708
" 07","NORTE"," 03",347,367,714
" 07","NORTE"," 04",400,373,773
" 07","NORTE"," 05",438,382,820
" 07","NORTE"," 06",421,440,861
" 07","NORTE"," 07",394,382,776
" 07","NORTE"," 08",390,372,762
" 07","NORTE"," 09",404,368,772
" 07","NORTE"," 10",398,360,758
" 07","NORTE"," 11",429,394,823
" 07","NORTE"," 12",357,368,725
" 07","NORTE"," 13",389,356,745
" 07","NORTE"," 14",427,384,811
" 07","NORTE"," 15",388,367,755
" 07","NORTE"," 16",376,368,744
" 07","NORTE"," 17",388,360,748
" 07","NORTE"," 18",402,360,762
" 07","NORTE"," 19",412,385,797
" 07","NORTE"," 20",432,389,821
" 07","NORTE"," 21",458,402,860
" 07","NORTE"," 22",496,412,908
" 07","NORTE"," 23",509,414,923
" 07","NORTE"," 24",446,444,890
" 07","NORTE"," 25",464,471,935
" 07","NORTE"," 26",496,436,932
" 07","NORTE"," 27",493,504,997
" 07","NORTE"," 28",478,519,997
" 07","NORTE"," 29",573,554,1127
" 07","NORTE"," 30",574,549,1123
" 07","NORTE"," 31",632,548,1180
" 07","NORTE"," 32",616,581,1197
" 07","NORTE"," 33",576,603,1179
" 07","NORTE"," 34",590,605,1195
" 07","NORTE"," 35",652,592,1244
" 07","NORTE"," 36",671,641,1312
" 07","NORTE"," 37",650,646,1296
" 07","NORTE"," 38",660,613,1273
" 07","NORTE"," 39",622,617,1239
" 07","NORTE"," 40",589,517,1106
" 07","NORTE"," 41",561,599,1160
" 07","NORTE"," 42",561,633,1194
" 07","NORTE"," 43",518,589,1107
" 07","NORTE"," 44",615,635,1250
" 07","NORTE"," 45",592,664,1256
" 07","NORTE"," 46",606,604,1210
" 07","NORTE"," 47",608,648,1256
" 07","NORTE"," 48",633,654,1287
" 07","NORTE"," 49",575,696,1271
" 07","NORTE"," 50",615,645,1260
" 07","NORTE"," 51",562,666,1228
" 07","NORTE"," 52",513,593,1106
" 07","NORTE"," 53",517,618,1135
" 07","NORTE"," 54",548,671,1219
" 07","NORTE"," 55",546,632,1178
" 07","NORTE"," 56",574,679,1253
" 07","NORTE"," 57",622,679,1301
" 07","NORTE"," 58",533,601,1134
" 07","NORTE"," 59",486,544,1030
" 07","NORTE"," 60",479,479,958
" 07","NORTE"," 61",434,440,874
" 07","NORTE"," 62",444,404,848
" 07","NORTE"," 63",383,371,754
" 07","NORTE"," 64",324,341,665
" 07","NORTE"," 65",370,389,759
" 07","NORTE"," 66",308,351,659
" 07","NORTE"," 67",307,349,656
" 07","NORTE"," 68",241,268,509
" 07","NORTE"," 69",278,315,593
" 07","NORTE"," 70",255,303,558
" 07","NORTE"," 71",237,318,555
" 07","NORTE"," 72",176,197,373
" 07","NORTE"," 73",159,169,328
" 07","NORTE"," 74",196,248,444
" 07","NORTE"," 75",158,208,366
" 07","NORTE"," 76",112,181,293
" 07","NORTE"," 77",122,176,298
" 07","NORTE"," 78",121,229,350
" 07","NORTE"," 79",119,176,295
" 07","NORTE"," 80",105,175,280
" 07","NORTE"," 81",105,184,289
" 07","NORTE"," 82",92,171,263
" 07","NORTE"," 83",90,162,252
" 07","NORTE"," 84",69,152,221
" 07","NORTE"," 85",53,137,190
" 07","NORTE"," 86",50,101,151
" 07","NORTE"," 87",38,74,112
" 07","NORTE"," 88",29,61,90
" 07","NORTE"," 89",26,65,91
" 07","NORTE","90 y más años",90,264,354
" 07","NORTE","TOTAL POBLACION",36294,37964,74258
" 08","S. PABLO-STA. JUSTA"," 00",238,215,453
" 08","S. PABLO-STA. JUSTA"," 01",258,213,471
" 08","S. PABLO-STA. JUSTA"," 02",287,251,538
" 08","S. PABLO-STA. JUSTA"," 03",267,237,504
" 08","S. PABLO-STA. JUSTA"," 04",270,261,531
" 08","S. PABLO-STA. JUSTA"," 05",294,287,581
" 08","S. PABLO-STA. JUSTA"," 06",285,275,560
" 08","S. PABLO-STA. JUSTA"," 07",295,258,553
" 08","S. PABLO-STA. JUSTA"," 08",291,302,593
" 08","S. PABLO-STA. JUSTA"," 09",261,267,528
" 08","S. PABLO-STA. JUSTA"," 10",261,260,521
" 08","S. PABLO-STA. JUSTA"," 11",276,273,549
" 08","S. PABLO-STA. JUSTA"," 12",251,248,499
" 08","S. PABLO-STA. JUSTA"," 13",269,250,519
" 08","S. PABLO-STA. JUSTA"," 14",283,253,536
" 08","S. PABLO-STA. JUSTA"," 15",298,236,534
" 08","S. PABLO-STA. JUSTA"," 16",273,230,503
" 08","S. PABLO-STA. JUSTA"," 17",299,283,582
" 08","S. PABLO-STA. JUSTA"," 18",289,268,557
" 08","S. PABLO-STA. JUSTA"," 19",287,285,572
" 08","S. PABLO-STA. JUSTA"," 20",314,297,611
" 08","S. PABLO-STA. JUSTA"," 21",343,311,654
" 08","S. PABLO-STA. JUSTA"," 22",348,339,687
" 08","S. PABLO-STA. JUSTA"," 23",362,309,671
" 08","S. PABLO-STA. JUSTA"," 24",319,313,632
" 08","S. PABLO-STA. JUSTA"," 25",339,329,668
" 08","S. PABLO-STA. JUSTA"," 26",333,323,656
" 08","S. PABLO-STA. JUSTA"," 27",354,376,730
" 08","S. PABLO-STA. JUSTA"," 28",341,344,685
" 08","S. PABLO-STA. JUSTA"," 29",342,378,720
" 08","S. PABLO-STA. JUSTA"," 30",369,373,742
" 08","S. PABLO-STA. JUSTA"," 31",374,350,724
" 08","S. PABLO-STA. JUSTA"," 32",408,385,793
" 08","S. PABLO-STA. JUSTA"," 33",417,423,840
" 08","S. PABLO-STA. JUSTA"," 34",408,431,839
" 08","S. PABLO-STA. JUSTA"," 35",448,410,858
" 08","S. PABLO-STA. JUSTA"," 36",482,450,932
" 08","S. PABLO-STA. JUSTA"," 37",480,467,947
" 08","S. PABLO-STA. JUSTA"," 38",476,461,937
" 08","S. PABLO-STA. JUSTA"," 39",469,469,938
" 08","S. PABLO-STA. JUSTA"," 40",463,453,916
" 08","S. PABLO-STA. JUSTA"," 41",435,423,858
" 08","S. PABLO-STA. JUSTA"," 42",464,407,871
" 08","S. PABLO-STA. JUSTA"," 43",451,448,899
" 08","S. PABLO-STA. JUSTA"," 44",452,478,930
" 08","S. PABLO-STA. JUSTA"," 45",416,463,879
" 08","S. PABLO-STA. JUSTA"," 46",420,472,892
" 08","S. PABLO-STA. JUSTA"," 47",473,479,952
" 08","S. PABLO-STA. JUSTA"," 48",424,477,901
" 08","S. PABLO-STA. JUSTA"," 49",444,535,979
" 08","S. PABLO-STA. JUSTA"," 50",475,484,959
" 08","S. PABLO-STA. JUSTA"," 51",488,564,1052
" 08","S. PABLO-STA. JUSTA"," 52",451,471,922
" 08","S. PABLO-STA. JUSTA"," 53",403,458,861
" 08","S. PABLO-STA. JUSTA"," 54",430,432,862
" 08","S. PABLO-STA. JUSTA"," 55",400,464,864
" 08","S. PABLO-STA. JUSTA"," 56",369,463,832
" 08","S. PABLO-STA. JUSTA"," 57",362,423,785
" 08","S. PABLO-STA. JUSTA"," 58",365,408,773
" 08","S. PABLO-STA. JUSTA"," 59",333,406,739
" 08","S. PABLO-STA. JUSTA"," 60",304,437,741
" 08","S. PABLO-STA. JUSTA"," 61",347,419,766
" 08","S. PABLO-STA. JUSTA"," 62",316,499,815
" 08","S. PABLO-STA. JUSTA"," 63",341,445,786
" 08","S. PABLO-STA. JUSTA"," 64",291,433,724
" 08","S. PABLO-STA. JUSTA"," 65",350,445,795
" 08","S. PABLO-STA. JUSTA"," 66",387,449,836
" 08","S. PABLO-STA. JUSTA"," 67",352,440,792
" 08","S. PABLO-STA. JUSTA"," 68",312,399,711
" 08","S. PABLO-STA. JUSTA"," 69",328,435,763
" 08","S. PABLO-STA. JUSTA"," 70",322,428,750
" 08","S. PABLO-STA. JUSTA"," 71",345,418,763
" 08","S. PABLO-STA. JUSTA"," 72",295,373,668
" 08","S. PABLO-STA. JUSTA"," 73",237,335,572
" 08","S. PABLO-STA. JUSTA"," 74",326,434,760
" 08","S. PABLO-STA. JUSTA"," 75",213,307,520
" 08","S. PABLO-STA. JUSTA"," 76",222,313,535
" 08","S. PABLO-STA. JUSTA"," 77",191,291,482
" 08","S. PABLO-STA. JUSTA"," 78",199,335,534
" 08","S. PABLO-STA. JUSTA"," 79",186,318,504
" 08","S. PABLO-STA. JUSTA"," 80",145,284,429
" 08","S. PABLO-STA. JUSTA"," 81",152,298,450
" 08","S. PABLO-STA. JUSTA"," 82",142,267,409
" 08","S. PABLO-STA. JUSTA"," 83",141,252,393
" 08","S. PABLO-STA. JUSTA"," 84",112,240,352
" 08","S. PABLO-STA. JUSTA"," 85",96,210,306
" 08","S. PABLO-STA. JUSTA"," 86",95,179,274
" 08","S. PABLO-STA. JUSTA"," 87",74,160,234
" 08","S. PABLO-STA. JUSTA"," 88",51,130,181
" 08","S. PABLO-STA. JUSTA"," 89",41,122,163
" 08","S. PABLO-STA. JUSTA","90 y más años",154,431,585
" 08","S. PABLO-STA. JUSTA","TOTAL POBLACION",28843,32424,61267
" 09","ESTE"," 00",578,508,1086
" 09","ESTE"," 01",541,454,995
" 09","ESTE"," 02",524,501,1025
" 09","ESTE"," 03",558,588,1146
" 09","ESTE"," 04",598,583,1181
" 09","ESTE"," 05",646,635,1281
" 09","ESTE"," 06",680,636,1316
" 09","ESTE"," 07",691,661,1352
" 09","ESTE"," 08",727,707,1434
" 09","ESTE"," 09",741,710,1451
" 09","ESTE"," 10",817,721,1538
" 09","ESTE"," 11",776,698,1474
" 09","ESTE"," 12",749,706,1455
" 09","ESTE"," 13",729,658,1387
" 09","ESTE"," 14",730,628,1358
" 09","ESTE"," 15",683,637,1320
" 09","ESTE"," 16",594,641,1235
" 09","ESTE"," 17",616,543,1159
" 09","ESTE"," 18",572,565,1137
" 09","ESTE"," 19",608,534,1142
" 09","ESTE"," 20",586,577,1163
" 09","ESTE"," 21",644,611,1255
" 09","ESTE"," 22",592,565,1157
" 09","ESTE"," 23",617,574,1191
" 09","ESTE"," 24",621,572,1193
" 09","ESTE"," 25",597,576,1173
" 09","ESTE"," 26",589,571,1160
" 09","ESTE"," 27",604,601,1205
" 09","ESTE"," 28",602,634,1236
" 09","ESTE"," 29",663,653,1316
" 09","ESTE"," 30",714,724,1438
" 09","ESTE"," 31",712,659,1371
" 09","ESTE"," 32",775,730,1505
" 09","ESTE"," 33",784,798,1582
" 09","ESTE"," 34",808,777,1585
" 09","ESTE"," 35",732,863,1595
" 09","ESTE"," 36",858,894,1752
" 09","ESTE"," 37",848,836,1684
" 09","ESTE"," 38",858,968,1826
" 09","ESTE"," 39",898,984,1882
" 09","ESTE"," 40",877,982,1859
" 09","ESTE"," 41",914,989,1903
" 09","ESTE"," 42",991,1039,2030
" 09","ESTE"," 43",983,1062,2045
" 09","ESTE"," 44",1023,1032,2055
" 09","ESTE"," 45",960,982,1942
" 09","ESTE"," 46",896,930,1826
" 09","ESTE"," 47",899,987,1886
" 09","ESTE"," 48",886,946,1832
" 09","ESTE"," 49",892,889,1781
" 09","ESTE"," 50",862,958,1820
" 09","ESTE"," 51",793,857,1650
" 09","ESTE"," 52",777,792,1569
" 09","ESTE"," 53",700,740,1440
" 09","ESTE"," 54",663,772,1435
" 09","ESTE"," 55",678,665,1343
" 09","ESTE"," 56",639,654,1293
" 09","ESTE"," 57",652,664,1316
" 09","ESTE"," 58",513,594,1107
" 09","ESTE"," 59",517,570,1087
" 09","ESTE"," 60",473,515,988
" 09","ESTE"," 61",481,485,966
" 09","ESTE"," 62",480,520,1000
" 09","ESTE"," 63",450,489,939
" 09","ESTE"," 64",380,444,824
" 09","ESTE"," 65",443,434,877
" 09","ESTE"," 66",436,493,929
" 09","ESTE"," 67",400,416,816
" 09","ESTE"," 68",363,338,701
" 09","ESTE"," 69",368,401,769
" 09","ESTE"," 70",387,352,739
" 09","ESTE"," 71",312,370,682
" 09","ESTE"," 72",259,272,531
" 09","ESTE"," 73",191,228,419
" 09","ESTE"," 74",216,270,486
" 09","ESTE"," 75",168,197,365
" 09","ESTE"," 76",156,195,351
" 09","ESTE"," 77",166,225,391
" 09","ESTE"," 78",165,213,378
" 09","ESTE"," 79",147,207,354
" 09","ESTE"," 80",141,196,337
" 09","ESTE"," 81",115,185,300
" 09","ESTE"," 82",105,168,273
" 09","ESTE"," 83",92,148,240
" 09","ESTE"," 84",83,156,239
" 09","ESTE"," 85",70,116,186
" 09","ESTE"," 86",53,108,161
" 09","ESTE"," 87",46,94,140
" 09","ESTE"," 88",32,65,97
" 09","ESTE"," 89",25,64,89
" 09","ESTE","90 y más años",82,246,328
" 09","ESTE","TOTAL POBLACION",50660,52195,102855
" 10","BELLAVISTA-LA PALMERA"," 00",291,253,544
" 10","BELLAVISTA-LA PALMERA"," 01",297,282,579
" 10","BELLAVISTA-LA PALMERA"," 02",330,282,612
" 10","BELLAVISTA-LA PALMERA"," 03",335,290,625
" 10","BELLAVISTA-LA PALMERA"," 04",318,307,625
" 10","BELLAVISTA-LA PALMERA"," 05",321,298,619
" 10","BELLAVISTA-LA PALMERA"," 06",297,286,583
" 10","BELLAVISTA-LA PALMERA"," 07",269,231,500
" 10","BELLAVISTA-LA PALMERA"," 08",265,232,497
" 10","BELLAVISTA-LA PALMERA"," 09",215,230,445
" 10","BELLAVISTA-LA PALMERA"," 10",217,229,446
" 10","BELLAVISTA-LA PALMERA"," 11",238,238,476
" 10","BELLAVISTA-LA PALMERA"," 12",237,198,435
" 10","BELLAVISTA-LA PALMERA"," 13",232,189,421
" 10","BELLAVISTA-LA PALMERA"," 14",206,211,417
" 10","BELLAVISTA-LA PALMERA"," 15",198,197,395
" 10","BELLAVISTA-LA PALMERA"," 16",204,210,414
" 10","BELLAVISTA-LA PALMERA"," 17",225,222,447
" 10","BELLAVISTA-LA PALMERA"," 18",217,196,413
" 10","BELLAVISTA-LA PALMERA"," 19",234,203,437
" 10","BELLAVISTA-LA PALMERA"," 20",229,202,431
" 10","BELLAVISTA-LA PALMERA"," 21",206,199,405
" 10","BELLAVISTA-LA PALMERA"," 22",206,214,420
" 10","BELLAVISTA-LA PALMERA"," 23",216,203,419
" 10","BELLAVISTA-LA PALMERA"," 24",210,202,412
" 10","BELLAVISTA-LA PALMERA"," 25",190,221,411
" 10","BELLAVISTA-LA PALMERA"," 26",189,209,398
" 10","BELLAVISTA-LA PALMERA"," 27",206,201,407
" 10","BELLAVISTA-LA PALMERA"," 28",208,200,408
" 10","BELLAVISTA-LA PALMERA"," 29",235,260,495
" 10","BELLAVISTA-LA PALMERA"," 30",219,242,461
" 10","BELLAVISTA-LA PALMERA"," 31",265,295,560
" 10","BELLAVISTA-LA PALMERA"," 32",289,294,583
" 10","BELLAVISTA-LA PALMERA"," 33",312,327,639
" 10","BELLAVISTA-LA PALMERA"," 34",356,359,715
" 10","BELLAVISTA-LA PALMERA"," 35",392,433,825
" 10","BELLAVISTA-LA PALMERA"," 36",393,434,827
" 10","BELLAVISTA-LA PALMERA"," 37",430,454,884
" 10","BELLAVISTA-LA PALMERA"," 38",452,452,904
" 10","BELLAVISTA-LA PALMERA"," 39",418,396,814
" 10","BELLAVISTA-LA PALMERA"," 40",359,344,703
" 10","BELLAVISTA-LA PALMERA"," 41",352,340,692
" 10","BELLAVISTA-LA PALMERA"," 42",327,339,666
" 10","BELLAVISTA-LA PALMERA"," 43",307,351,658
" 10","BELLAVISTA-LA PALMERA"," 44",334,351,685
" 10","BELLAVISTA-LA PALMERA"," 45",332,337,669
" 10","BELLAVISTA-LA PALMERA"," 46",309,348,657
" 10","BELLAVISTA-LA PALMERA"," 47",312,358,670
" 10","BELLAVISTA-LA PALMERA"," 48",324,349,673
" 10","BELLAVISTA-LA PALMERA"," 49",343,367,710
" 10","BELLAVISTA-LA PALMERA"," 50",327,355,682
" 10","BELLAVISTA-LA PALMERA"," 51",293,297,590
" 10","BELLAVISTA-LA PALMERA"," 52",280,277,557
" 10","BELLAVISTA-LA PALMERA"," 53",268,277,545
" 10","BELLAVISTA-LA PALMERA"," 54",258,258,516
" 10","BELLAVISTA-LA PALMERA"," 55",229,255,484
" 10","BELLAVISTA-LA PALMERA"," 56",225,243,468
" 10","BELLAVISTA-LA PALMERA"," 57",205,256,461
" 10","BELLAVISTA-LA PALMERA"," 58",200,233,433
" 10","BELLAVISTA-LA PALMERA"," 59",178,197,375
" 10","BELLAVISTA-LA PALMERA"," 60",151,193,344
" 10","BELLAVISTA-LA PALMERA"," 61",177,178,355
" 10","BELLAVISTA-LA PALMERA"," 62",183,166,349
" 10","BELLAVISTA-LA PALMERA"," 63",151,189,340
" 10","BELLAVISTA-LA PALMERA"," 64",140,174,314
" 10","BELLAVISTA-LA PALMERA"," 65",153,169,322
" 10","BELLAVISTA-LA PALMERA"," 66",143,187,330
" 10","BELLAVISTA-LA PALMERA"," 67",112,160,272
" 10","BELLAVISTA-LA PALMERA"," 68",131,165,296
" 10","BELLAVISTA-LA PALMERA"," 69",145,210,355
" 10","BELLAVISTA-LA PALMERA"," 70",123,182,305
" 10","BELLAVISTA-LA PALMERA"," 71",134,157,291
" 10","BELLAVISTA-LA PALMERA"," 72",108,130,238
" 10","BELLAVISTA-LA PALMERA"," 73",99,142,241
" 10","BELLAVISTA-LA PALMERA"," 74",117,174,291
" 10","BELLAVISTA-LA PALMERA"," 75",91,142,233
" 10","BELLAVISTA-LA PALMERA"," 76",102,105,207
" 10","BELLAVISTA-LA PALMERA"," 77",101,106,207
" 10","BELLAVISTA-LA PALMERA"," 78",94,148,242
" 10","BELLAVISTA-LA PALMERA"," 79",93,158,251
" 10","BELLAVISTA-LA PALMERA"," 80",86,149,235
" 10","BELLAVISTA-LA PALMERA"," 81",109,140,249
" 10","BELLAVISTA-LA PALMERA"," 82",84,139,223
" 10","BELLAVISTA-LA PALMERA"," 83",63,122,185
" 10","BELLAVISTA-LA PALMERA"," 84",51,113,164
" 10","BELLAVISTA-LA PALMERA"," 85",50,112,162
" 10","BELLAVISTA-LA PALMERA"," 86",49,84,133
" 10","BELLAVISTA-LA PALMERA"," 87",34,61,95
" 10","BELLAVISTA-LA PALMERA"," 88",20,73,93
" 10","BELLAVISTA-LA PALMERA"," 89",18,59,77
" 10","BELLAVISTA-LA PALMERA","90 y más años",82,222,304
" 10","BELLAVISTA-LA PALMERA","TOTAL POBLACION",19723,21222,40945
" 11","LOS REMEDIOS"," 00",122,110,232
" 11","LOS REMEDIOS"," 01",120,110,230
" 11","LOS REMEDIOS"," 02",122,92,214
" 11","LOS REMEDIOS"," 03",117,118,235
" 11","LOS REMEDIOS"," 04",126,136,262
" 11","LOS REMEDIOS"," 05",129,106,235
" 11","LOS REMEDIOS"," 06",131,134,265
" 11","LOS REMEDIOS"," 07",116,128,244
" 11","LOS REMEDIOS"," 08",136,135,271
" 11","LOS REMEDIOS"," 09",123,103,226
" 11","LOS REMEDIOS"," 10",109,113,222
" 11","LOS REMEDIOS"," 11",104,128,232
" 11","LOS REMEDIOS"," 12",114,113,227
" 11","LOS REMEDIOS"," 13",122,116,238
" 11","LOS REMEDIOS"," 14",120,117,237
" 11","LOS REMEDIOS"," 15",104,110,214
" 11","LOS REMEDIOS"," 16",112,128,240
" 11","LOS REMEDIOS"," 17",116,105,221
" 11","LOS REMEDIOS"," 18",140,102,242
" 11","LOS REMEDIOS"," 19",121,132,253
" 11","LOS REMEDIOS"," 20",124,137,261
" 11","LOS REMEDIOS"," 21",123,120,243
" 11","LOS REMEDIOS"," 22",124,137,261
" 11","LOS REMEDIOS"," 23",126,132,258
" 11","LOS REMEDIOS"," 24",131,124,255
" 11","LOS REMEDIOS"," 25",112,139,251
" 11","LOS REMEDIOS"," 26",122,132,254
" 11","LOS REMEDIOS"," 27",132,142,274
" 11","LOS REMEDIOS"," 28",139,116,255
" 11","LOS REMEDIOS"," 29",138,126,264
" 11","LOS REMEDIOS"," 30",148,154,302
" 11","LOS REMEDIOS"," 31",132,154,286
" 11","LOS REMEDIOS"," 32",122,177,299
" 11","LOS REMEDIOS"," 33",124,179,303
" 11","LOS REMEDIOS"," 34",199,180,379
" 11","LOS REMEDIOS"," 35",183,193,376
" 11","LOS REMEDIOS"," 36",158,163,321
" 11","LOS REMEDIOS"," 37",175,191,366
" 11","LOS REMEDIOS"," 38",161,198,359
" 11","LOS REMEDIOS"," 39",194,203,397
" 11","LOS REMEDIOS"," 40",198,201,399
" 11","LOS REMEDIOS"," 41",174,178,352
" 11","LOS REMEDIOS"," 42",177,173,350
" 11","LOS REMEDIOS"," 43",165,169,334
" 11","LOS REMEDIOS"," 44",142,191,333
" 11","LOS REMEDIOS"," 45",180,203,383
" 11","LOS REMEDIOS"," 46",142,188,330
" 11","LOS REMEDIOS"," 47",186,197,383
" 11","LOS REMEDIOS"," 48",176,197,373
" 11","LOS REMEDIOS"," 49",200,214,414
" 11","LOS REMEDIOS"," 50",155,208,363
" 11","LOS REMEDIOS"," 51",176,214,390
" 11","LOS REMEDIOS"," 52",173,205,378
" 11","LOS REMEDIOS"," 53",155,165,320
" 11","LOS REMEDIOS"," 54",149,169,318
" 11","LOS REMEDIOS"," 55",139,195,334
" 11","LOS REMEDIOS"," 56",148,175,323
" 11","LOS REMEDIOS"," 57",141,165,306
" 11","LOS REMEDIOS"," 58",112,161,273
" 11","LOS REMEDIOS"," 59",120,158,278
" 11","LOS REMEDIOS"," 60",96,166,262
" 11","LOS REMEDIOS"," 61",111,172,283
" 11","LOS REMEDIOS"," 62",112,147,259
" 11","LOS REMEDIOS"," 63",85,156,241
" 11","LOS REMEDIOS"," 64",129,159,288
" 11","LOS REMEDIOS"," 65",105,150,255
" 11","LOS REMEDIOS"," 66",113,160,273
" 11","LOS REMEDIOS"," 67",107,183,290
" 11","LOS REMEDIOS"," 68",104,168,272
" 11","LOS REMEDIOS"," 69",108,184,292
" 11","LOS REMEDIOS"," 70",122,199,321
" 11","LOS REMEDIOS"," 71",128,214,342
" 11","LOS REMEDIOS"," 72",108,165,273
" 11","LOS REMEDIOS"," 73",108,149,257
" 11","LOS REMEDIOS"," 74",108,187,295
" 11","LOS REMEDIOS"," 75",98,174,272
" 11","LOS REMEDIOS"," 76",87,144,231
" 11","LOS REMEDIOS"," 77",91,135,226
" 11","LOS REMEDIOS"," 78",91,144,235
" 11","LOS REMEDIOS"," 79",105,167,272
" 11","LOS REMEDIOS"," 80",89,144,233
" 11","LOS REMEDIOS"," 81",73,129,202
" 11","LOS REMEDIOS"," 82",68,127,195
" 11","LOS REMEDIOS"," 83",68,111,179
" 11","LOS REMEDIOS"," 84",56,139,195
" 11","LOS REMEDIOS"," 85",64,110,174
" 11","LOS REMEDIOS"," 86",49,105,154
" 11","LOS REMEDIOS"," 87",30,90,120
" 11","LOS REMEDIOS"," 88",40,75,115
" 11","LOS REMEDIOS"," 89",27,62,89
" 11","LOS REMEDIOS","90 y más años",96,264,360
" 11","LOS REMEDIOS","TOTAL POBLACION",11255,13838,25093
