"CD","ND","GRUPO","HOMBRES","MUJERES","TOTAL"
" 00","01 TOTAL DISTRITOS","TOTAL POBLACION",331979,367026,699005
" 01","CASCO ANTIGUO"," 00",215,221,436
" 01","CASCO ANTIGUO"," 01",214,190,404
" 01","CASCO ANTIGUO"," 02",240,246,486
" 01","CASCO ANTIGUO"," 03",245,214,459
" 01","CASCO ANTIGUO"," 04",209,219,428
" 01","CASCO ANTIGUO"," 05",243,221,464
" 01","CASCO ANTIGUO"," 06",263,230,493
" 01","CASCO ANTIGUO"," 07",261,238,499
" 01","CASCO ANTIGUO"," 08",264,247,511
" 01","CASCO ANTIGUO"," 09",251,244,495
" 01","CASCO ANTIGUO"," 10",261,245,506
" 01","CASCO ANTIGUO"," 11",257,266,523
" 01","CASCO ANTIGUO"," 12",288,245,533
" 01","CASCO ANTIGUO"," 13",245,291,536
" 01","CASCO ANTIGUO"," 14",252,258,510
" 01","CASCO ANTIGUO"," 15",251,248,499
" 01","CASCO ANTIGUO"," 16",238,244,482
" 01","CASCO ANTIGUO"," 17",230,250,480
" 01","CASCO ANTIGUO"," 18",231,231,462
" 01","CASCO ANTIGUO"," 19",211,219,430
" 01","CASCO ANTIGUO"," 20",229,193,422
" 01","CASCO ANTIGUO"," 21",188,235,423
" 01","CASCO ANTIGUO"," 22",241,239,480
" 01","CASCO ANTIGUO"," 23",235,236,471
" 01","CASCO ANTIGUO"," 24",245,279,524
" 01","CASCO ANTIGUO"," 25",253,277,530
" 01","CASCO ANTIGUO"," 26",269,322,591
" 01","CASCO ANTIGUO"," 27",281,353,634
" 01","CASCO ANTIGUO"," 28",311,366,677
" 01","CASCO ANTIGUO"," 29",292,360,652
" 01","CASCO ANTIGUO"," 30",327,376,703
" 01","CASCO ANTIGUO"," 31",314,420,734
" 01","CASCO ANTIGUO"," 32",355,401,756
" 01","CASCO ANTIGUO"," 33",362,410,772
" 01","CASCO ANTIGUO"," 34",396,429,825
" 01","CASCO ANTIGUO"," 35",412,476,888
" 01","CASCO ANTIGUO"," 36",441,461,902
" 01","CASCO ANTIGUO"," 37",487,502,989
" 01","CASCO ANTIGUO"," 38",502,462,964
" 01","CASCO ANTIGUO"," 39",505,514,1019
" 01","CASCO ANTIGUO"," 40",513,511,1024
" 01","CASCO ANTIGUO"," 41",531,527,1058
" 01","CASCO ANTIGUO"," 42",530,512,1042
" 01","CASCO ANTIGUO"," 43",507,523,1030
" 01","CASCO ANTIGUO"," 44",517,526,1043
" 01","CASCO ANTIGUO"," 45",504,509,1013
" 01","CASCO ANTIGUO"," 46",490,560,1050
" 01","CASCO ANTIGUO"," 47",481,501,982
" 01","CASCO ANTIGUO"," 48",555,497,1052
" 01","CASCO ANTIGUO"," 49",508,474,982
" 01","CASCO ANTIGUO"," 50",490,509,999
" 01","CASCO ANTIGUO"," 51",503,480,983
" 01","CASCO ANTIGUO"," 52",498,518,1016
" 01","CASCO ANTIGUO"," 53",472,506,978
" 01","CASCO ANTIGUO"," 54",488,481,969
" 01","CASCO ANTIGUO"," 55",510,445,955
" 01","CASCO ANTIGUO"," 56",386,440,826
" 01","CASCO ANTIGUO"," 57",378,453,831
" 01","CASCO ANTIGUO"," 58",387,422,809
" 01","CASCO ANTIGUO"," 59",351,371,722
" 01","CASCO ANTIGUO"," 60",388,404,792
" 01","CASCO ANTIGUO"," 61",350,429,779
" 01","CASCO ANTIGUO"," 62",329,423,752
" 01","CASCO ANTIGUO"," 63",303,366,669
" 01","CASCO ANTIGUO"," 64",331,383,714
" 01","CASCO ANTIGUO"," 65",321,367,688
" 01","CASCO ANTIGUO"," 66",291,350,641
" 01","CASCO ANTIGUO"," 67",300,349,649
" 01","CASCO ANTIGUO"," 68",261,359,620
" 01","CASCO ANTIGUO"," 69",273,335,608
" 01","CASCO ANTIGUO"," 70",267,313,580
" 01","CASCO ANTIGUO"," 71",245,318,563
" 01","CASCO ANTIGUO"," 72",239,329,568
" 01","CASCO ANTIGUO"," 73",223,296,519
" 01","CASCO ANTIGUO"," 74",220,288,508
" 01","CASCO ANTIGUO"," 75",218,300,518
" 01","CASCO ANTIGUO"," 76",183,248,431
" 01","CASCO ANTIGUO"," 77",155,230,385
" 01","CASCO ANTIGUO"," 78",186,275,461
" 01","CASCO ANTIGUO"," 79",145,254,399
" 01","CASCO ANTIGUO"," 80",129,253,382
" 01","CASCO ANTIGUO"," 81",105,192,297
" 01","CASCO ANTIGUO"," 82",127,206,333
" 01","CASCO ANTIGUO"," 83",128,218,346
" 01","CASCO ANTIGUO"," 84",100,207,307
" 01","CASCO ANTIGUO"," 85",96,189,285
" 01","CASCO ANTIGUO"," 86",82,185,267
" 01","CASCO ANTIGUO"," 87",59,148,207
" 01","CASCO ANTIGUO"," 88",45,135,180
" 01","CASCO ANTIGUO"," 89",56,138,194
" 01","CASCO ANTIGUO","90 y más años",161,619,780
" 01","CASCO ANTIGUO","TOTAL POBLACION",27429,30949,58378
" 02","MACARENA"," 00",285,255,540
" 02","MACARENA"," 01",306,294,600
" 02","MACARENA"," 02",246,248,494
" 02","MACARENA"," 03",308,293,601
" 02","MACARENA"," 04",295,337,632
" 02","MACARENA"," 05",297,280,577
" 02","MACARENA"," 06",322,324,646
" 02","MACARENA"," 07",337,304,641
" 02","MACARENA"," 08",362,303,665
" 02","MACARENA"," 09",375,346,721
" 02","MACARENA"," 10",364,378,742
" 02","MACARENA"," 11",342,358,700
" 02","MACARENA"," 12",323,290,613
" 02","MACARENA"," 13",330,328,658
" 02","MACARENA"," 14",335,320,655
" 02","MACARENA"," 15",310,277,587
" 02","MACARENA"," 16",268,295,563
" 02","MACARENA"," 17",289,308,597
" 02","MACARENA"," 18",324,306,630
" 02","MACARENA"," 19",316,292,608
" 02","MACARENA"," 20",337,293,630
" 02","MACARENA"," 21",351,336,687
" 02","MACARENA"," 22",351,355,706
" 02","MACARENA"," 23",366,358,724
" 02","MACARENA"," 24",436,408,844
" 02","MACARENA"," 25",416,443,859
" 02","MACARENA"," 26",457,397,854
" 02","MACARENA"," 27",414,455,869
" 02","MACARENA"," 28",435,409,844
" 02","MACARENA"," 29",433,414,847
" 02","MACARENA"," 30",414,448,862
" 02","MACARENA"," 31",433,459,892
" 02","MACARENA"," 32",437,490,927
" 02","MACARENA"," 33",491,515,1006
" 02","MACARENA"," 34",523,558,1081
" 02","MACARENA"," 35",516,496,1012
" 02","MACARENA"," 36",502,589,1091
" 02","MACARENA"," 37",549,591,1140
" 02","MACARENA"," 38",595,620,1215
" 02","MACARENA"," 39",585,594,1179
" 02","MACARENA"," 40",617,614,1231
" 02","MACARENA"," 41",625,652,1277
" 02","MACARENA"," 42",627,660,1287
" 02","MACARENA"," 43",576,632,1208
" 02","MACARENA"," 44",602,624,1226
" 02","MACARENA"," 45",612,580,1192
" 02","MACARENA"," 46",579,614,1193
" 02","MACARENA"," 47",566,557,1123
" 02","MACARENA"," 48",531,538,1069
" 02","MACARENA"," 49",553,550,1103
" 02","MACARENA"," 50",514,614,1128
" 02","MACARENA"," 51",510,523,1033
" 02","MACARENA"," 52",543,581,1124
" 02","MACARENA"," 53",493,531,1024
" 02","MACARENA"," 54",537,614,1151
" 02","MACARENA"," 55",469,567,1036
" 02","MACARENA"," 56",464,550,1014
" 02","MACARENA"," 57",455,549,1004
" 02","MACARENA"," 58",477,522,999
" 02","MACARENA"," 59",446,464,910
" 02","MACARENA"," 60",444,492,936
" 02","MACARENA"," 61",411,496,907
" 02","MACARENA"," 62",361,463,824
" 02","MACARENA"," 63",383,463,846
" 02","MACARENA"," 64",326,438,764
" 02","MACARENA"," 65",309,471,780
" 02","MACARENA"," 66",345,461,806
" 02","MACARENA"," 67",338,455,793
" 02","MACARENA"," 68",313,432,745
" 02","MACARENA"," 69",337,511,848
" 02","MACARENA"," 70",344,579,923
" 02","MACARENA"," 71",364,522,886
" 02","MACARENA"," 72",333,550,883
" 02","MACARENA"," 73",394,571,965
" 02","MACARENA"," 74",364,540,904
" 02","MACARENA"," 75",380,528,908
" 02","MACARENA"," 76",297,425,722
" 02","MACARENA"," 77",289,348,637
" 02","MACARENA"," 78",301,445,746
" 02","MACARENA"," 79",262,340,602
" 02","MACARENA"," 80",198,371,569
" 02","MACARENA"," 81",195,289,484
" 02","MACARENA"," 82",174,373,547
" 02","MACARENA"," 83",196,348,544
" 02","MACARENA"," 84",148,273,421
" 02","MACARENA"," 85",146,274,420
" 02","MACARENA"," 86",124,259,383
" 02","MACARENA"," 87",100,226,326
" 02","MACARENA"," 88",100,219,319
" 02","MACARENA"," 89",71,182,253
" 02","MACARENA","90 y más años",193,621,814
" 02","MACARENA","TOTAL POBLACION",34711,39865,74576
" 03","NERVION"," 00",208,193,401
" 03","NERVION"," 01",216,205,421
" 03","NERVION"," 02",258,214,472
" 03","NERVION"," 03",218,218,436
" 03","NERVION"," 04",251,246,497
" 03","NERVION"," 05",217,243,460
" 03","NERVION"," 06",257,235,492
" 03","NERVION"," 07",245,270,515
" 03","NERVION"," 08",240,218,458
" 03","NERVION"," 09",254,244,498
" 03","NERVION"," 10",249,217,466
" 03","NERVION"," 11",259,214,473
" 03","NERVION"," 12",259,277,536
" 03","NERVION"," 13",273,257,530
" 03","NERVION"," 14",270,237,507
" 03","NERVION"," 15",271,259,530
" 03","NERVION"," 16",251,219,470
" 03","NERVION"," 17",235,258,493
" 03","NERVION"," 18",254,233,487
" 03","NERVION"," 19",233,233,466
" 03","NERVION"," 20",207,253,460
" 03","NERVION"," 21",227,270,497
" 03","NERVION"," 22",280,239,519
" 03","NERVION"," 23",256,238,494
" 03","NERVION"," 24",233,267,500
" 03","NERVION"," 25",217,273,490
" 03","NERVION"," 26",258,238,496
" 03","NERVION"," 27",240,253,493
" 03","NERVION"," 28",250,219,469
" 03","NERVION"," 29",264,237,501
" 03","NERVION"," 30",264,286,550
" 03","NERVION"," 31",298,257,555
" 03","NERVION"," 32",260,304,564
" 03","NERVION"," 33",283,300,583
" 03","NERVION"," 34",276,306,582
" 03","NERVION"," 35",278,340,618
" 03","NERVION"," 36",341,366,707
" 03","NERVION"," 37",327,347,674
" 03","NERVION"," 38",357,398,755
" 03","NERVION"," 39",355,343,698
" 03","NERVION"," 40",394,383,777
" 03","NERVION"," 41",366,404,770
" 03","NERVION"," 42",392,462,854
" 03","NERVION"," 43",396,376,772
" 03","NERVION"," 44",343,422,765
" 03","NERVION"," 45",365,402,767
" 03","NERVION"," 46",359,395,754
" 03","NERVION"," 47",357,384,741
" 03","NERVION"," 48",343,380,723
" 03","NERVION"," 49",339,420,759
" 03","NERVION"," 50",349,410,759
" 03","NERVION"," 51",331,434,765
" 03","NERVION"," 52",393,394,787
" 03","NERVION"," 53",364,419,783
" 03","NERVION"," 54",328,405,733
" 03","NERVION"," 55",349,406,755
" 03","NERVION"," 56",347,368,715
" 03","NERVION"," 57",323,379,702
" 03","NERVION"," 58",291,382,673
" 03","NERVION"," 59",291,396,687
" 03","NERVION"," 60",278,349,627
" 03","NERVION"," 61",285,382,667
" 03","NERVION"," 62",268,351,619
" 03","NERVION"," 63",247,395,642
" 03","NERVION"," 64",270,312,582
" 03","NERVION"," 65",288,378,666
" 03","NERVION"," 66",266,371,637
" 03","NERVION"," 67",271,337,608
" 03","NERVION"," 68",251,369,620
" 03","NERVION"," 69",268,417,685
" 03","NERVION"," 70",324,404,728
" 03","NERVION"," 71",273,373,646
" 03","NERVION"," 72",274,338,612
" 03","NERVION"," 73",274,355,629
" 03","NERVION"," 74",283,383,666
" 03","NERVION"," 75",230,360,590
" 03","NERVION"," 76",221,318,539
" 03","NERVION"," 77",209,278,487
" 03","NERVION"," 78",179,271,450
" 03","NERVION"," 79",152,223,375
" 03","NERVION"," 80",134,243,377
" 03","NERVION"," 81",145,223,368
" 03","NERVION"," 82",134,261,395
" 03","NERVION"," 83",133,224,357
" 03","NERVION"," 84",114,186,300
" 03","NERVION"," 85",96,185,281
" 03","NERVION"," 86",104,195,299
" 03","NERVION"," 87",64,152,216
" 03","NERVION"," 88",60,162,222
" 03","NERVION"," 89",54,130,184
" 03","NERVION","90 y más años",147,520,667
" 03","NERVION","TOTAL POBLACION",23705,27890,51595
" 04","CERRO-AMATE"," 00",398,361,759
" 04","CERRO-AMATE"," 01",419,378,797
" 04","CERRO-AMATE"," 02",415,378,793
" 04","CERRO-AMATE"," 03",386,389,775
" 04","CERRO-AMATE"," 04",447,372,819
" 04","CERRO-AMATE"," 05",446,444,890
" 04","CERRO-AMATE"," 06",480,431,911
" 04","CERRO-AMATE"," 07",471,451,922
" 04","CERRO-AMATE"," 08",497,506,1003
" 04","CERRO-AMATE"," 09",510,524,1034
" 04","CERRO-AMATE"," 10",609,571,1180
" 04","CERRO-AMATE"," 11",603,529,1132
" 04","CERRO-AMATE"," 12",501,495,996
" 04","CERRO-AMATE"," 13",493,489,982
" 04","CERRO-AMATE"," 14",467,404,871
" 04","CERRO-AMATE"," 15",406,402,808
" 04","CERRO-AMATE"," 16",403,379,782
" 04","CERRO-AMATE"," 17",434,425,859
" 04","CERRO-AMATE"," 18",414,412,826
" 04","CERRO-AMATE"," 19",458,409,867
" 04","CERRO-AMATE"," 20",453,397,850
" 04","CERRO-AMATE"," 21",442,428,870
" 04","CERRO-AMATE"," 22",444,466,910
" 04","CERRO-AMATE"," 23",486,458,944
" 04","CERRO-AMATE"," 24",520,517,1037
" 04","CERRO-AMATE"," 25",551,527,1078
" 04","CERRO-AMATE"," 26",576,591,1167
" 04","CERRO-AMATE"," 27",580,556,1136
" 04","CERRO-AMATE"," 28",557,585,1142
" 04","CERRO-AMATE"," 29",625,572,1197
" 04","CERRO-AMATE"," 30",633,593,1226
" 04","CERRO-AMATE"," 31",625,602,1227
" 04","CERRO-AMATE"," 32",629,596,1225
" 04","CERRO-AMATE"," 33",596,594,1190
" 04","CERRO-AMATE"," 34",577,558,1135
" 04","CERRO-AMATE"," 35",621,636,1257
" 04","CERRO-AMATE"," 36",683,678,1361
" 04","CERRO-AMATE"," 37",691,697,1388
" 04","CERRO-AMATE"," 38",749,712,1461
" 04","CERRO-AMATE"," 39",775,720,1495
" 04","CERRO-AMATE"," 40",828,847,1675
" 04","CERRO-AMATE"," 41",838,792,1630
" 04","CERRO-AMATE"," 42",822,808,1630
" 04","CERRO-AMATE"," 43",836,715,1551
" 04","CERRO-AMATE"," 44",743,746,1489
" 04","CERRO-AMATE"," 45",729,679,1408
" 04","CERRO-AMATE"," 46",713,666,1379
" 04","CERRO-AMATE"," 47",681,645,1326
" 04","CERRO-AMATE"," 48",646,675,1321
" 04","CERRO-AMATE"," 49",654,639,1293
" 04","CERRO-AMATE"," 50",605,656,1261
" 04","CERRO-AMATE"," 51",560,616,1176
" 04","CERRO-AMATE"," 52",617,705,1322
" 04","CERRO-AMATE"," 53",611,658,1269
" 04","CERRO-AMATE"," 54",611,680,1291
" 04","CERRO-AMATE"," 55",632,678,1310
" 04","CERRO-AMATE"," 56",578,629,1207
" 04","CERRO-AMATE"," 57",561,598,1159
" 04","CERRO-AMATE"," 58",549,585,1134
" 04","CERRO-AMATE"," 59",530,581,1111
" 04","CERRO-AMATE"," 60",522,623,1145
" 04","CERRO-AMATE"," 61",559,615,1174
" 04","CERRO-AMATE"," 62",456,559,1015
" 04","CERRO-AMATE"," 63",468,545,1013
" 04","CERRO-AMATE"," 64",448,512,960
" 04","CERRO-AMATE"," 65",452,488,940
" 04","CERRO-AMATE"," 66",420,480,900
" 04","CERRO-AMATE"," 67",407,497,904
" 04","CERRO-AMATE"," 68",344,430,774
" 04","CERRO-AMATE"," 69",424,487,911
" 04","CERRO-AMATE"," 70",413,500,913
" 04","CERRO-AMATE"," 71",357,468,825
" 04","CERRO-AMATE"," 72",297,387,684
" 04","CERRO-AMATE"," 73",349,493,842
" 04","CERRO-AMATE"," 74",342,430,772
" 04","CERRO-AMATE"," 75",342,421,763
" 04","CERRO-AMATE"," 76",217,352,569
" 04","CERRO-AMATE"," 77",237,296,533
" 04","CERRO-AMATE"," 78",236,371,607
" 04","CERRO-AMATE"," 79",193,273,466
" 04","CERRO-AMATE"," 80",192,281,473
" 04","CERRO-AMATE"," 81",160,291,451
" 04","CERRO-AMATE"," 82",184,313,497
" 04","CERRO-AMATE"," 83",146,312,458
" 04","CERRO-AMATE"," 84",134,255,389
" 04","CERRO-AMATE"," 85",141,268,409
" 04","CERRO-AMATE"," 86",120,245,365
" 04","CERRO-AMATE"," 87",82,174,256
" 04","CERRO-AMATE"," 88",80,176,256
" 04","CERRO-AMATE"," 89",68,166,234
" 04","CERRO-AMATE","90 y más años",190,501,691
" 04","CERRO-AMATE","TOTAL POBLACION",43394,46039,89433
" 05","SUR"," 00",326,311,637
" 05","SUR"," 01",336,298,634
" 05","SUR"," 02",335,296,631
" 05","SUR"," 03",331,331,662
" 05","SUR"," 04",301,316,617
" 05","SUR"," 05",324,334,658
" 05","SUR"," 06",362,343,705
" 05","SUR"," 07",349,340,689
" 05","SUR"," 08",383,368,751
" 05","SUR"," 09",464,366,830
" 05","SUR"," 10",434,370,804
" 05","SUR"," 11",411,388,799
" 05","SUR"," 12",403,368,771
" 05","SUR"," 13",382,407,789
" 05","SUR"," 14",389,396,785
" 05","SUR"," 15",407,418,825
" 05","SUR"," 16",377,405,782
" 05","SUR"," 17",393,372,765
" 05","SUR"," 18",418,395,813
" 05","SUR"," 19",369,374,743
" 05","SUR"," 20",417,402,819
" 05","SUR"," 21",394,403,797
" 05","SUR"," 22",416,408,824
" 05","SUR"," 23",384,410,794
" 05","SUR"," 24",388,413,801
" 05","SUR"," 25",422,450,872
" 05","SUR"," 26",406,425,831
" 05","SUR"," 27",486,396,882
" 05","SUR"," 28",424,412,836
" 05","SUR"," 29",440,413,853
" 05","SUR"," 30",398,411,809
" 05","SUR"," 31",401,417,818
" 05","SUR"," 32",387,408,795
" 05","SUR"," 33",485,429,914
" 05","SUR"," 34",410,460,870
" 05","SUR"," 35",447,414,861
" 05","SUR"," 36",482,454,936
" 05","SUR"," 37",450,479,929
" 05","SUR"," 38",518,485,1003
" 05","SUR"," 39",486,504,990
" 05","SUR"," 40",488,536,1024
" 05","SUR"," 41",547,551,1098
" 05","SUR"," 42",548,501,1049
" 05","SUR"," 43",497,532,1029
" 05","SUR"," 44",532,508,1040
" 05","SUR"," 45",485,503,988
" 05","SUR"," 46",517,493,1010
" 05","SUR"," 47",427,507,934
" 05","SUR"," 48",480,513,993
" 05","SUR"," 49",499,520,1019
" 05","SUR"," 50",489,586,1075
" 05","SUR"," 51",495,555,1050
" 05","SUR"," 52",549,566,1115
" 05","SUR"," 53",500,566,1066
" 05","SUR"," 54",472,550,1022
" 05","SUR"," 55",513,553,1066
" 05","SUR"," 56",461,543,1004
" 05","SUR"," 57",446,467,913
" 05","SUR"," 58",424,505,929
" 05","SUR"," 59",381,485,866
" 05","SUR"," 60",383,466,849
" 05","SUR"," 61",400,466,866
" 05","SUR"," 62",365,451,816
" 05","SUR"," 63",334,448,782
" 05","SUR"," 64",312,420,732
" 05","SUR"," 65",334,421,755
" 05","SUR"," 66",325,401,726
" 05","SUR"," 67",317,405,722
" 05","SUR"," 68",285,354,639
" 05","SUR"," 69",327,418,745
" 05","SUR"," 70",305,408,713
" 05","SUR"," 71",291,399,690
" 05","SUR"," 72",252,355,607
" 05","SUR"," 73",297,406,703
" 05","SUR"," 74",292,428,720
" 05","SUR"," 75",296,421,717
" 05","SUR"," 76",221,342,563
" 05","SUR"," 77",220,286,506
" 05","SUR"," 78",262,362,624
" 05","SUR"," 79",219,276,495
" 05","SUR"," 80",198,302,500
" 05","SUR"," 81",177,273,450
" 05","SUR"," 82",166,311,477
" 05","SUR"," 83",151,277,428
" 05","SUR"," 84",126,249,375
" 05","SUR"," 85",148,228,376
" 05","SUR"," 86",95,235,330
" 05","SUR"," 87",77,182,259
" 05","SUR"," 88",61,169,230
" 05","SUR"," 89",64,144,208
" 05","SUR","90 y más años",201,472,673
" 05","SUR","TOTAL POBLACION",33386,37104,70490
" 06","TRIANA"," 00",135,147,282
" 06","TRIANA"," 01",161,149,310
" 06","TRIANA"," 02",196,181,377
" 06","TRIANA"," 03",173,184,357
" 06","TRIANA"," 04",166,191,357
" 06","TRIANA"," 05",195,172,367
" 06","TRIANA"," 06",206,219,425
" 06","TRIANA"," 07",192,194,386
" 06","TRIANA"," 08",206,214,420
" 06","TRIANA"," 09",214,245,459
" 06","TRIANA"," 10",212,227,439
" 06","TRIANA"," 11",229,223,452
" 06","TRIANA"," 12",221,210,431
" 06","TRIANA"," 13",225,252,477
" 06","TRIANA"," 14",205,216,421
" 06","TRIANA"," 15",216,218,434
" 06","TRIANA"," 16",220,216,436
" 06","TRIANA"," 17",195,183,378
" 06","TRIANA"," 18",225,201,426
" 06","TRIANA"," 19",215,188,403
" 06","TRIANA"," 20",182,194,376
" 06","TRIANA"," 21",211,205,416
" 06","TRIANA"," 22",199,211,410
" 06","TRIANA"," 23",207,220,427
" 06","TRIANA"," 24",204,239,443
" 06","TRIANA"," 25",233,231,464
" 06","TRIANA"," 26",244,239,483
" 06","TRIANA"," 27",269,274,543
" 06","TRIANA"," 28",218,256,474
" 06","TRIANA"," 29",199,254,453
" 06","TRIANA"," 30",249,248,497
" 06","TRIANA"," 31",270,265,535
" 06","TRIANA"," 32",243,276,519
" 06","TRIANA"," 33",232,293,525
" 06","TRIANA"," 34",272,284,556
" 06","TRIANA"," 35",295,326,621
" 06","TRIANA"," 36",290,315,605
" 06","TRIANA"," 37",302,336,638
" 06","TRIANA"," 38",340,333,673
" 06","TRIANA"," 39",344,326,670
" 06","TRIANA"," 40",343,387,730
" 06","TRIANA"," 41",378,389,767
" 06","TRIANA"," 42",351,427,778
" 06","TRIANA"," 43",344,361,705
" 06","TRIANA"," 44",372,437,809
" 06","TRIANA"," 45",350,405,755
" 06","TRIANA"," 46",359,373,732
" 06","TRIANA"," 47",337,373,710
" 06","TRIANA"," 48",352,379,731
" 06","TRIANA"," 49",354,387,741
" 06","TRIANA"," 50",342,377,719
" 06","TRIANA"," 51",388,392,780
" 06","TRIANA"," 52",339,422,761
" 06","TRIANA"," 53",346,402,748
" 06","TRIANA"," 54",354,449,803
" 06","TRIANA"," 55",306,399,705
" 06","TRIANA"," 56",295,348,643
" 06","TRIANA"," 57",319,387,706
" 06","TRIANA"," 58",294,370,664
" 06","TRIANA"," 59",297,386,683
" 06","TRIANA"," 60",265,344,609
" 06","TRIANA"," 61",275,352,627
" 06","TRIANA"," 62",237,295,532
" 06","TRIANA"," 63",248,324,572
" 06","TRIANA"," 64",213,289,502
" 06","TRIANA"," 65",212,316,528
" 06","TRIANA"," 66",220,338,558
" 06","TRIANA"," 67",237,332,569
" 06","TRIANA"," 68",201,345,546
" 06","TRIANA"," 69",226,312,538
" 06","TRIANA"," 70",264,361,625
" 06","TRIANA"," 71",265,347,612
" 06","TRIANA"," 72",223,326,549
" 06","TRIANA"," 73",267,385,652
" 06","TRIANA"," 74",232,374,606
" 06","TRIANA"," 75",261,393,654
" 06","TRIANA"," 76",204,322,526
" 06","TRIANA"," 77",177,255,432
" 06","TRIANA"," 78",207,308,515
" 06","TRIANA"," 79",146,248,394
" 06","TRIANA"," 80",142,239,381
" 06","TRIANA"," 81",119,195,314
" 06","TRIANA"," 82",136,236,372
" 06","TRIANA"," 83",138,239,377
" 06","TRIANA"," 84",97,210,307
" 06","TRIANA"," 85",86,221,307
" 06","TRIANA"," 86",85,220,305
" 06","TRIANA"," 87",85,171,256
" 06","TRIANA"," 88",67,149,216
" 06","TRIANA"," 89",59,143,202
" 06","TRIANA","90 y más años",174,537,711
" 06","TRIANA","TOTAL POBLACION",21598,26331,47929
" 07","NORTE"," 00",279,299,578
" 07","NORTE"," 01",318,315,633
" 07","NORTE"," 02",352,322,674
" 07","NORTE"," 03",374,324,698
" 07","NORTE"," 04",359,329,688
" 07","NORTE"," 05",350,310,660
" 07","NORTE"," 06",356,314,670
" 07","NORTE"," 07",345,359,704
" 07","NORTE"," 08",399,355,754
" 07","NORTE"," 09",425,368,793
" 07","NORTE"," 10",412,440,852
" 07","NORTE"," 11",397,369,766
" 07","NORTE"," 12",404,365,769
" 07","NORTE"," 13",401,375,776
" 07","NORTE"," 14",404,359,763
" 07","NORTE"," 15",432,389,821
" 07","NORTE"," 16",350,373,723
" 07","NORTE"," 17",402,369,771
" 07","NORTE"," 18",432,389,821
" 07","NORTE"," 19",381,382,763
" 07","NORTE"," 20",370,370,740
" 07","NORTE"," 21",389,361,750
" 07","NORTE"," 22",398,361,759
" 07","NORTE"," 23",389,375,764
" 07","NORTE"," 24",417,378,795
" 07","NORTE"," 25",449,369,818
" 07","NORTE"," 26",440,378,818
" 07","NORTE"," 27",468,404,872
" 07","NORTE"," 28",432,430,862
" 07","NORTE"," 29",424,453,877
" 07","NORTE"," 30",442,424,866
" 07","NORTE"," 31",454,494,948
" 07","NORTE"," 32",460,504,964
" 07","NORTE"," 33",533,525,1058
" 07","NORTE"," 34",531,530,1061
" 07","NORTE"," 35",608,539,1147
" 07","NORTE"," 36",625,574,1199
" 07","NORTE"," 37",550,586,1136
" 07","NORTE"," 38",585,588,1173
" 07","NORTE"," 39",651,583,1234
" 07","NORTE"," 40",650,646,1296
" 07","NORTE"," 41",649,632,1281
" 07","NORTE"," 42",621,586,1207
" 07","NORTE"," 43",594,599,1193
" 07","NORTE"," 44",547,524,1071
" 07","NORTE"," 45",540,589,1129
" 07","NORTE"," 46",532,613,1145
" 07","NORTE"," 47",508,582,1090
" 07","NORTE"," 48",574,598,1172
" 07","NORTE"," 49",552,642,1194
" 07","NORTE"," 50",581,591,1172
" 07","NORTE"," 51",582,636,1218
" 07","NORTE"," 52",591,636,1227
" 07","NORTE"," 53",556,679,1235
" 07","NORTE"," 54",578,632,1210
" 07","NORTE"," 55",548,654,1202
" 07","NORTE"," 56",508,584,1092
" 07","NORTE"," 57",495,598,1093
" 07","NORTE"," 58",513,652,1165
" 07","NORTE"," 59",510,611,1121
" 07","NORTE"," 60",538,663,1201
" 07","NORTE"," 61",584,665,1249
" 07","NORTE"," 62",498,574,1072
" 07","NORTE"," 63",460,538,998
" 07","NORTE"," 64",448,479,927
" 07","NORTE"," 65",403,434,837
" 07","NORTE"," 66",420,403,823
" 07","NORTE"," 67",366,367,733
" 07","NORTE"," 68",296,331,627
" 07","NORTE"," 69",348,369,717
" 07","NORTE"," 70",289,347,636
" 07","NORTE"," 71",292,325,617
" 07","NORTE"," 72",212,266,478
" 07","NORTE"," 73",256,297,553
" 07","NORTE"," 74",235,292,527
" 07","NORTE"," 75",219,299,518
" 07","NORTE"," 76",153,192,345
" 07","NORTE"," 77",145,154,299
" 07","NORTE"," 78",165,215,380
" 07","NORTE"," 79",126,188,314
" 07","NORTE"," 80",92,162,254
" 07","NORTE"," 81",95,150,245
" 07","NORTE"," 82",84,191,275
" 07","NORTE"," 83",80,147,227
" 07","NORTE"," 84",72,143,215
" 07","NORTE"," 85",71,151,222
" 07","NORTE"," 86",61,123,184
" 07","NORTE"," 87",48,99,147
" 07","NORTE"," 88",40,105,145
" 07","NORTE"," 89",29,80,109
" 07","NORTE","90 y más años",102,252,354
" 07","NORTE","TOTAL POBLACION",35643,37616,73259
" 08","S. PABLO-STA. JUSTA"," 00",218,203,421
" 08","S. PABLO-STA. JUSTA"," 01",229,204,433
" 08","S. PABLO-STA. JUSTA"," 02",242,231,473
" 08","S. PABLO-STA. JUSTA"," 03",253,228,481
" 08","S. PABLO-STA. JUSTA"," 04",259,220,479
" 08","S. PABLO-STA. JUSTA"," 05",268,225,493
" 08","S. PABLO-STA. JUSTA"," 06",295,261,556
" 08","S. PABLO-STA. JUSTA"," 07",279,256,535
" 08","S. PABLO-STA. JUSTA"," 08",273,276,549
" 08","S. PABLO-STA. JUSTA"," 09",302,284,586
" 08","S. PABLO-STA. JUSTA"," 10",284,269,553
" 08","S. PABLO-STA. JUSTA"," 11",296,264,560
" 08","S. PABLO-STA. JUSTA"," 12",282,298,580
" 08","S. PABLO-STA. JUSTA"," 13",261,282,543
" 08","S. PABLO-STA. JUSTA"," 14",270,254,524
" 08","S. PABLO-STA. JUSTA"," 15",279,272,551
" 08","S. PABLO-STA. JUSTA"," 16",270,252,522
" 08","S. PABLO-STA. JUSTA"," 17",277,245,522
" 08","S. PABLO-STA. JUSTA"," 18",280,249,529
" 08","S. PABLO-STA. JUSTA"," 19",308,226,534
" 08","S. PABLO-STA. JUSTA"," 20",287,252,539
" 08","S. PABLO-STA. JUSTA"," 21",309,289,598
" 08","S. PABLO-STA. JUSTA"," 22",298,289,587
" 08","S. PABLO-STA. JUSTA"," 23",297,298,595
" 08","S. PABLO-STA. JUSTA"," 24",330,324,654
" 08","S. PABLO-STA. JUSTA"," 25",341,300,641
" 08","S. PABLO-STA. JUSTA"," 26",360,358,718
" 08","S. PABLO-STA. JUSTA"," 27",379,336,715
" 08","S. PABLO-STA. JUSTA"," 28",321,336,657
" 08","S. PABLO-STA. JUSTA"," 29",322,329,651
" 08","S. PABLO-STA. JUSTA"," 30",326,328,654
" 08","S. PABLO-STA. JUSTA"," 31",325,370,695
" 08","S. PABLO-STA. JUSTA"," 32",340,345,685
" 08","S. PABLO-STA. JUSTA"," 33",323,357,680
" 08","S. PABLO-STA. JUSTA"," 34",347,373,720
" 08","S. PABLO-STA. JUSTA"," 35",367,367,734
" 08","S. PABLO-STA. JUSTA"," 36",390,390,780
" 08","S. PABLO-STA. JUSTA"," 37",378,399,777
" 08","S. PABLO-STA. JUSTA"," 38",403,420,823
" 08","S. PABLO-STA. JUSTA"," 39",447,414,861
" 08","S. PABLO-STA. JUSTA"," 40",479,462,941
" 08","S. PABLO-STA. JUSTA"," 41",474,462,936
" 08","S. PABLO-STA. JUSTA"," 42",480,461,941
" 08","S. PABLO-STA. JUSTA"," 43",446,447,893
" 08","S. PABLO-STA. JUSTA"," 44",455,461,916
" 08","S. PABLO-STA. JUSTA"," 45",437,435,872
" 08","S. PABLO-STA. JUSTA"," 46",470,405,875
" 08","S. PABLO-STA. JUSTA"," 47",460,432,892
" 08","S. PABLO-STA. JUSTA"," 48",443,481,924
" 08","S. PABLO-STA. JUSTA"," 49",422,452,874
" 08","S. PABLO-STA. JUSTA"," 50",401,471,872
" 08","S. PABLO-STA. JUSTA"," 51",460,470,930
" 08","S. PABLO-STA. JUSTA"," 52",420,472,892
" 08","S. PABLO-STA. JUSTA"," 53",449,550,999
" 08","S. PABLO-STA. JUSTA"," 54",473,491,964
" 08","S. PABLO-STA. JUSTA"," 55",469,538,1007
" 08","S. PABLO-STA. JUSTA"," 56",444,472,916
" 08","S. PABLO-STA. JUSTA"," 57",390,452,842
" 08","S. PABLO-STA. JUSTA"," 58",413,426,839
" 08","S. PABLO-STA. JUSTA"," 59",377,453,830
" 08","S. PABLO-STA. JUSTA"," 60",358,458,816
" 08","S. PABLO-STA. JUSTA"," 61",354,415,769
" 08","S. PABLO-STA. JUSTA"," 62",346,403,749
" 08","S. PABLO-STA. JUSTA"," 63",312,405,717
" 08","S. PABLO-STA. JUSTA"," 64",290,421,711
" 08","S. PABLO-STA. JUSTA"," 65",327,413,740
" 08","S. PABLO-STA. JUSTA"," 66",315,492,807
" 08","S. PABLO-STA. JUSTA"," 67",342,426,768
" 08","S. PABLO-STA. JUSTA"," 68",271,411,682
" 08","S. PABLO-STA. JUSTA"," 69",329,446,775
" 08","S. PABLO-STA. JUSTA"," 70",360,429,789
" 08","S. PABLO-STA. JUSTA"," 71",335,422,757
" 08","S. PABLO-STA. JUSTA"," 72",284,375,659
" 08","S. PABLO-STA. JUSTA"," 73",298,424,722
" 08","S. PABLO-STA. JUSTA"," 74",290,398,688
" 08","S. PABLO-STA. JUSTA"," 75",317,386,703
" 08","S. PABLO-STA. JUSTA"," 76",261,344,605
" 08","S. PABLO-STA. JUSTA"," 77",205,299,504
" 08","S. PABLO-STA. JUSTA"," 78",264,400,664
" 08","S. PABLO-STA. JUSTA"," 79",181,288,469
" 08","S. PABLO-STA. JUSTA"," 80",174,279,453
" 08","S. PABLO-STA. JUSTA"," 81",159,255,414
" 08","S. PABLO-STA. JUSTA"," 82",141,273,414
" 08","S. PABLO-STA. JUSTA"," 83",139,257,396
" 08","S. PABLO-STA. JUSTA"," 84",104,226,330
" 08","S. PABLO-STA. JUSTA"," 85",100,233,333
" 08","S. PABLO-STA. JUSTA"," 86",100,201,301
" 08","S. PABLO-STA. JUSTA"," 87",90,176,266
" 08","S. PABLO-STA. JUSTA"," 88",60,150,210
" 08","S. PABLO-STA. JUSTA"," 89",49,137,186
" 08","S. PABLO-STA. JUSTA","90 y más años",174,486,660
" 08","S. PABLO-STA. JUSTA","TOTAL POBLACION",28506,31894,60400
" 09","ESTE"," 00",474,459,933
" 09","ESTE"," 01",529,478,1007
" 09","ESTE"," 02",588,526,1114
" 09","ESTE"," 03",591,532,1123
" 09","ESTE"," 04",603,557,1160
" 09","ESTE"," 05",572,471,1043
" 09","ESTE"," 06",537,518,1055
" 09","ESTE"," 07",590,602,1192
" 09","ESTE"," 08",624,605,1229
" 09","ESTE"," 09",665,635,1300
" 09","ESTE"," 10",698,659,1357
" 09","ESTE"," 11",706,669,1375
" 09","ESTE"," 12",727,716,1443
" 09","ESTE"," 13",752,715,1467
" 09","ESTE"," 14",820,688,1508
" 09","ESTE"," 15",764,690,1454
" 09","ESTE"," 16",750,702,1452
" 09","ESTE"," 17",735,652,1387
" 09","ESTE"," 18",730,623,1353
" 09","ESTE"," 19",691,636,1327
" 09","ESTE"," 20",592,632,1224
" 09","ESTE"," 21",616,533,1149
" 09","ESTE"," 22",572,559,1131
" 09","ESTE"," 23",595,519,1114
" 09","ESTE"," 24",579,570,1149
" 09","ESTE"," 25",607,586,1193
" 09","ESTE"," 26",585,543,1128
" 09","ESTE"," 27",618,535,1153
" 09","ESTE"," 28",576,577,1153
" 09","ESTE"," 29",596,574,1170
" 09","ESTE"," 30",589,597,1186
" 09","ESTE"," 31",603,599,1202
" 09","ESTE"," 32",633,682,1315
" 09","ESTE"," 33",676,665,1341
" 09","ESTE"," 34",729,774,1503
" 09","ESTE"," 35",738,705,1443
" 09","ESTE"," 36",816,777,1593
" 09","ESTE"," 37",788,867,1655
" 09","ESTE"," 38",858,842,1700
" 09","ESTE"," 39",772,903,1675
" 09","ESTE"," 40",883,933,1816
" 09","ESTE"," 41",871,870,1741
" 09","ESTE"," 42",885,1016,1901
" 09","ESTE"," 43",882,996,1878
" 09","ESTE"," 44",893,988,1881
" 09","ESTE"," 45",896,985,1881
" 09","ESTE"," 46",970,1009,1979
" 09","ESTE"," 47",950,1036,1986
" 09","ESTE"," 48",960,1012,1972
" 09","ESTE"," 49",932,955,1887
" 09","ESTE"," 50",864,929,1793
" 09","ESTE"," 51",870,953,1823
" 09","ESTE"," 52",861,930,1791
" 09","ESTE"," 53",882,864,1746
" 09","ESTE"," 54",837,925,1762
" 09","ESTE"," 55",767,851,1618
" 09","ESTE"," 56",749,770,1519
" 09","ESTE"," 57",688,716,1404
" 09","ESTE"," 58",643,754,1397
" 09","ESTE"," 59",637,646,1283
" 09","ESTE"," 60",615,649,1264
" 09","ESTE"," 61",625,664,1289
" 09","ESTE"," 62",491,589,1080
" 09","ESTE"," 63",489,552,1041
" 09","ESTE"," 64",456,507,963
" 09","ESTE"," 65",455,472,927
" 09","ESTE"," 66",457,507,964
" 09","ESTE"," 67",418,481,899
" 09","ESTE"," 68",356,441,797
" 09","ESTE"," 69",414,426,840
" 09","ESTE"," 70",401,477,878
" 09","ESTE"," 71",366,407,773
" 09","ESTE"," 72",325,330,655
" 09","ESTE"," 73",332,390,722
" 09","ESTE"," 74",363,345,708
" 09","ESTE"," 75",289,347,636
" 09","ESTE"," 76",208,256,464
" 09","ESTE"," 77",169,222,391
" 09","ESTE"," 78",186,257,443
" 09","ESTE"," 79",139,181,320
" 09","ESTE"," 80",125,174,299
" 09","ESTE"," 81",136,199,335
" 09","ESTE"," 82",124,177,301
" 09","ESTE"," 83",103,171,274
" 09","ESTE"," 84",107,158,265
" 09","ESTE"," 85",84,152,236
" 09","ESTE"," 86",74,127,201
" 09","ESTE"," 87",53,108,161
" 09","ESTE"," 88",44,101,145
" 09","ESTE"," 89",46,80,126
" 09","ESTE","90 y más años",115,285,400
" 09","ESTE","TOTAL POBLACION",51769,53542,105311
" 10","BELLAVISTA-LA PALMERA"," 00",237,230,467
" 10","BELLAVISTA-LA PALMERA"," 01",234,209,443
" 10","BELLAVISTA-LA PALMERA"," 02",289,245,534
" 10","BELLAVISTA-LA PALMERA"," 03",305,250,555
" 10","BELLAVISTA-LA PALMERA"," 04",308,289,597
" 10","BELLAVISTA-LA PALMERA"," 05",299,264,563
" 10","BELLAVISTA-LA PALMERA"," 06",332,291,623
" 10","BELLAVISTA-LA PALMERA"," 07",308,275,583
" 10","BELLAVISTA-LA PALMERA"," 08",295,289,584
" 10","BELLAVISTA-LA PALMERA"," 09",312,285,597
" 10","BELLAVISTA-LA PALMERA"," 10",292,270,562
" 10","BELLAVISTA-LA PALMERA"," 11",281,234,515
" 10","BELLAVISTA-LA PALMERA"," 12",264,239,503
" 10","BELLAVISTA-LA PALMERA"," 13",216,237,453
" 10","BELLAVISTA-LA PALMERA"," 14",223,235,458
" 10","BELLAVISTA-LA PALMERA"," 15",248,243,491
" 10","BELLAVISTA-LA PALMERA"," 16",250,205,455
" 10","BELLAVISTA-LA PALMERA"," 17",226,195,421
" 10","BELLAVISTA-LA PALMERA"," 18",212,213,425
" 10","BELLAVISTA-LA PALMERA"," 19",210,192,402
" 10","BELLAVISTA-LA PALMERA"," 20",206,214,420
" 10","BELLAVISTA-LA PALMERA"," 21",221,232,453
" 10","BELLAVISTA-LA PALMERA"," 22",220,202,422
" 10","BELLAVISTA-LA PALMERA"," 23",218,212,430
" 10","BELLAVISTA-LA PALMERA"," 24",236,204,440
" 10","BELLAVISTA-LA PALMERA"," 25",219,203,422
" 10","BELLAVISTA-LA PALMERA"," 26",208,220,428
" 10","BELLAVISTA-LA PALMERA"," 27",220,199,419
" 10","BELLAVISTA-LA PALMERA"," 28",223,203,426
" 10","BELLAVISTA-LA PALMERA"," 29",188,208,396
" 10","BELLAVISTA-LA PALMERA"," 30",182,207,389
" 10","BELLAVISTA-LA PALMERA"," 31",194,198,392
" 10","BELLAVISTA-LA PALMERA"," 32",238,225,463
" 10","BELLAVISTA-LA PALMERA"," 33",218,256,474
" 10","BELLAVISTA-LA PALMERA"," 34",213,273,486
" 10","BELLAVISTA-LA PALMERA"," 35",272,315,587
" 10","BELLAVISTA-LA PALMERA"," 36",305,299,604
" 10","BELLAVISTA-LA PALMERA"," 37",333,349,682
" 10","BELLAVISTA-LA PALMERA"," 38",357,388,745
" 10","BELLAVISTA-LA PALMERA"," 39",401,446,847
" 10","BELLAVISTA-LA PALMERA"," 40",393,430,823
" 10","BELLAVISTA-LA PALMERA"," 41",421,461,882
" 10","BELLAVISTA-LA PALMERA"," 42",439,452,891
" 10","BELLAVISTA-LA PALMERA"," 43",406,399,805
" 10","BELLAVISTA-LA PALMERA"," 44",372,358,730
" 10","BELLAVISTA-LA PALMERA"," 45",351,354,705
" 10","BELLAVISTA-LA PALMERA"," 46",334,335,669
" 10","BELLAVISTA-LA PALMERA"," 47",316,339,655
" 10","BELLAVISTA-LA PALMERA"," 48",315,357,672
" 10","BELLAVISTA-LA PALMERA"," 49",325,332,657
" 10","BELLAVISTA-LA PALMERA"," 50",305,357,662
" 10","BELLAVISTA-LA PALMERA"," 51",314,352,666
" 10","BELLAVISTA-LA PALMERA"," 52",321,342,663
" 10","BELLAVISTA-LA PALMERA"," 53",343,365,708
" 10","BELLAVISTA-LA PALMERA"," 54",321,356,677
" 10","BELLAVISTA-LA PALMERA"," 55",293,293,586
" 10","BELLAVISTA-LA PALMERA"," 56",278,271,549
" 10","BELLAVISTA-LA PALMERA"," 57",249,279,528
" 10","BELLAVISTA-LA PALMERA"," 58",258,251,509
" 10","BELLAVISTA-LA PALMERA"," 59",202,246,448
" 10","BELLAVISTA-LA PALMERA"," 60",218,241,459
" 10","BELLAVISTA-LA PALMERA"," 61",189,255,444
" 10","BELLAVISTA-LA PALMERA"," 62",196,236,432
" 10","BELLAVISTA-LA PALMERA"," 63",174,198,372
" 10","BELLAVISTA-LA PALMERA"," 64",148,188,336
" 10","BELLAVISTA-LA PALMERA"," 65",171,173,344
" 10","BELLAVISTA-LA PALMERA"," 66",175,163,338
" 10","BELLAVISTA-LA PALMERA"," 67",150,187,337
" 10","BELLAVISTA-LA PALMERA"," 68",131,174,305
" 10","BELLAVISTA-LA PALMERA"," 69",143,168,311
" 10","BELLAVISTA-LA PALMERA"," 70",133,177,310
" 10","BELLAVISTA-LA PALMERA"," 71",102,156,258
" 10","BELLAVISTA-LA PALMERA"," 72",127,163,290
" 10","BELLAVISTA-LA PALMERA"," 73",126,194,320
" 10","BELLAVISTA-LA PALMERA"," 74",115,182,297
" 10","BELLAVISTA-LA PALMERA"," 75",125,158,283
" 10","BELLAVISTA-LA PALMERA"," 76",97,130,227
" 10","BELLAVISTA-LA PALMERA"," 77",89,127,216
" 10","BELLAVISTA-LA PALMERA"," 78",106,161,267
" 10","BELLAVISTA-LA PALMERA"," 79",79,136,215
" 10","BELLAVISTA-LA PALMERA"," 80",86,99,185
" 10","BELLAVISTA-LA PALMERA"," 81",93,96,189
" 10","BELLAVISTA-LA PALMERA"," 82",76,135,211
" 10","BELLAVISTA-LA PALMERA"," 83",79,139,218
" 10","BELLAVISTA-LA PALMERA"," 84",67,133,200
" 10","BELLAVISTA-LA PALMERA"," 85",76,112,188
" 10","BELLAVISTA-LA PALMERA"," 86",57,113,170
" 10","BELLAVISTA-LA PALMERA"," 87",43,99,142
" 10","BELLAVISTA-LA PALMERA"," 88",34,91,125
" 10","BELLAVISTA-LA PALMERA"," 89",30,67,97
" 10","BELLAVISTA-LA PALMERA","90 y más años",87,287,374
" 10","BELLAVISTA-LA PALMERA","TOTAL POBLACION",20291,21810,42101
" 11","LOS REMEDIOS"," 00",113,101,214
" 11","LOS REMEDIOS"," 01",120,97,217
" 11","LOS REMEDIOS"," 02",130,125,255
" 11","LOS REMEDIOS"," 03",115,120,235
" 11","LOS REMEDIOS"," 04",149,122,271
" 11","LOS REMEDIOS"," 05",139,115,254
" 11","LOS REMEDIOS"," 06",131,101,232
" 11","LOS REMEDIOS"," 07",129,127,256
" 11","LOS REMEDIOS"," 08",128,148,276
" 11","LOS REMEDIOS"," 09",132,124,256
" 11","LOS REMEDIOS"," 10",148,139,287
" 11","LOS REMEDIOS"," 11",132,142,274
" 11","LOS REMEDIOS"," 12",158,140,298
" 11","LOS REMEDIOS"," 13",136,141,277
" 11","LOS REMEDIOS"," 14",122,131,253
" 11","LOS REMEDIOS"," 15",119,141,260
" 11","LOS REMEDIOS"," 16",131,136,267
" 11","LOS REMEDIOS"," 17",135,126,261
" 11","LOS REMEDIOS"," 18",125,131,256
" 11","LOS REMEDIOS"," 19",120,126,246
" 11","LOS REMEDIOS"," 20",121,143,264
" 11","LOS REMEDIOS"," 21",127,121,248
" 11","LOS REMEDIOS"," 22",145,112,257
" 11","LOS REMEDIOS"," 23",120,142,262
" 11","LOS REMEDIOS"," 24",125,131,256
" 11","LOS REMEDIOS"," 25",124,128,252
" 11","LOS REMEDIOS"," 26",128,119,247
" 11","LOS REMEDIOS"," 27",122,124,246
" 11","LOS REMEDIOS"," 28",120,124,244
" 11","LOS REMEDIOS"," 29",116,137,253
" 11","LOS REMEDIOS"," 30",116,131,247
" 11","LOS REMEDIOS"," 31",116,131,247
" 11","LOS REMEDIOS"," 32",126,122,248
" 11","LOS REMEDIOS"," 33",127,124,251
" 11","LOS REMEDIOS"," 34",152,133,285
" 11","LOS REMEDIOS"," 35",134,153,287
" 11","LOS REMEDIOS"," 36",122,187,309
" 11","LOS REMEDIOS"," 37",129,186,315
" 11","LOS REMEDIOS"," 38",195,173,368
" 11","LOS REMEDIOS"," 39",183,195,378
" 11","LOS REMEDIOS"," 40",173,180,353
" 11","LOS REMEDIOS"," 41",180,204,384
" 11","LOS REMEDIOS"," 42",177,199,376
" 11","LOS REMEDIOS"," 43",199,218,417
" 11","LOS REMEDIOS"," 44",209,214,423
" 11","LOS REMEDIOS"," 45",164,182,346
" 11","LOS REMEDIOS"," 46",206,186,392
" 11","LOS REMEDIOS"," 47",174,183,357
" 11","LOS REMEDIOS"," 48",136,207,343
" 11","LOS REMEDIOS"," 49",170,198,368
" 11","LOS REMEDIOS"," 50",147,204,351
" 11","LOS REMEDIOS"," 51",188,201,389
" 11","LOS REMEDIOS"," 52",178,202,380
" 11","LOS REMEDIOS"," 53",186,226,412
" 11","LOS REMEDIOS"," 54",167,216,383
" 11","LOS REMEDIOS"," 55",173,222,395
" 11","LOS REMEDIOS"," 56",172,199,371
" 11","LOS REMEDIOS"," 57",159,171,330
" 11","LOS REMEDIOS"," 58",155,162,317
" 11","LOS REMEDIOS"," 59",141,205,346
" 11","LOS REMEDIOS"," 60",149,174,323
" 11","LOS REMEDIOS"," 61",134,158,292
" 11","LOS REMEDIOS"," 62",106,161,267
" 11","LOS REMEDIOS"," 63",116,155,271
" 11","LOS REMEDIOS"," 64",97,162,259
" 11","LOS REMEDIOS"," 65",115,175,290
" 11","LOS REMEDIOS"," 66",111,151,262
" 11","LOS REMEDIOS"," 67",76,144,220
" 11","LOS REMEDIOS"," 68",120,165,285
" 11","LOS REMEDIOS"," 69",104,147,251
" 11","LOS REMEDIOS"," 70",112,165,277
" 11","LOS REMEDIOS"," 71",102,173,275
" 11","LOS REMEDIOS"," 72",102,165,267
" 11","LOS REMEDIOS"," 73",100,173,273
" 11","LOS REMEDIOS"," 74",114,193,307
" 11","LOS REMEDIOS"," 75",116,207,323
" 11","LOS REMEDIOS"," 76",107,155,262
" 11","LOS REMEDIOS"," 77",93,136,229
" 11","LOS REMEDIOS"," 78",96,163,259
" 11","LOS REMEDIOS"," 79",84,156,240
" 11","LOS REMEDIOS"," 80",73,136,209
" 11","LOS REMEDIOS"," 81",73,117,190
" 11","LOS REMEDIOS"," 82",76,124,200
" 11","LOS REMEDIOS"," 83",77,140,217
" 11","LOS REMEDIOS"," 84",67,111,178
" 11","LOS REMEDIOS"," 85",53,99,152
" 11","LOS REMEDIOS"," 86",42,96,138
" 11","LOS REMEDIOS"," 87",41,81,122
" 11","LOS REMEDIOS"," 88",27,108,135
" 11","LOS REMEDIOS"," 89",41,71,112
" 11","LOS REMEDIOS","90 y más años",109,297,406
" 11","LOS REMEDIOS","TOTAL POBLACION",11547,13986,25533
