"CD","ND","GRUPO","HOMBRES","MUJERES","TOTAL"
" 00","01 TOTAL DISTRITOS","TOTAL POBLACION",328030,363185,691215
" 01","CASCO ANTIGUO"," 00",198,157,355
" 01","CASCO ANTIGUO"," 01",148,163,311
" 01","CASCO ANTIGUO"," 02",162,162,324
" 01","CASCO ANTIGUO"," 03",175,205,380
" 01","CASCO ANTIGUO"," 04",185,184,369
" 01","CASCO ANTIGUO"," 05",225,227,452
" 01","CASCO ANTIGUO"," 06",221,200,421
" 01","CASCO ANTIGUO"," 07",213,202,415
" 01","CASCO ANTIGUO"," 08",232,218,450
" 01","CASCO ANTIGUO"," 09",258,230,488
" 01","CASCO ANTIGUO"," 10",264,246,510
" 01","CASCO ANTIGUO"," 11",249,241,490
" 01","CASCO ANTIGUO"," 12",238,237,475
" 01","CASCO ANTIGUO"," 13",270,259,529
" 01","CASCO ANTIGUO"," 14",267,261,528
" 01","CASCO ANTIGUO"," 15",279,248,527
" 01","CASCO ANTIGUO"," 16",244,285,529
" 01","CASCO ANTIGUO"," 17",255,250,505
" 01","CASCO ANTIGUO"," 18",256,252,508
" 01","CASCO ANTIGUO"," 19",244,259,503
" 01","CASCO ANTIGUO"," 20",254,298,552
" 01","CASCO ANTIGUO"," 21",274,304,578
" 01","CASCO ANTIGUO"," 22",257,275,532
" 01","CASCO ANTIGUO"," 23",251,264,515
" 01","CASCO ANTIGUO"," 24",222,266,488
" 01","CASCO ANTIGUO"," 25",285,290,575
" 01","CASCO ANTIGUO"," 26",257,303,560
" 01","CASCO ANTIGUO"," 27",293,323,616
" 01","CASCO ANTIGUO"," 28",297,330,627
" 01","CASCO ANTIGUO"," 29",306,331,637
" 01","CASCO ANTIGUO"," 30",302,351,653
" 01","CASCO ANTIGUO"," 31",352,362,714
" 01","CASCO ANTIGUO"," 32",335,356,691
" 01","CASCO ANTIGUO"," 33",333,377,710
" 01","CASCO ANTIGUO"," 34",325,396,721
" 01","CASCO ANTIGUO"," 35",350,372,722
" 01","CASCO ANTIGUO"," 36",368,381,749
" 01","CASCO ANTIGUO"," 37",367,374,741
" 01","CASCO ANTIGUO"," 38",397,438,835
" 01","CASCO ANTIGUO"," 39",395,422,817
" 01","CASCO ANTIGUO"," 40",451,462,913
" 01","CASCO ANTIGUO"," 41",443,468,911
" 01","CASCO ANTIGUO"," 42",461,502,963
" 01","CASCO ANTIGUO"," 43",468,510,978
" 01","CASCO ANTIGUO"," 44",481,496,977
" 01","CASCO ANTIGUO"," 45",491,485,976
" 01","CASCO ANTIGUO"," 46",489,506,995
" 01","CASCO ANTIGUO"," 47",483,501,984
" 01","CASCO ANTIGUO"," 48",512,507,1019
" 01","CASCO ANTIGUO"," 49",468,558,1026
" 01","CASCO ANTIGUO"," 50",458,483,941
" 01","CASCO ANTIGUO"," 51",541,472,1013
" 01","CASCO ANTIGUO"," 52",490,456,946
" 01","CASCO ANTIGUO"," 53",477,485,962
" 01","CASCO ANTIGUO"," 54",482,463,945
" 01","CASCO ANTIGUO"," 55",464,505,969
" 01","CASCO ANTIGUO"," 56",469,473,942
" 01","CASCO ANTIGUO"," 57",473,464,937
" 01","CASCO ANTIGUO"," 58",487,435,922
" 01","CASCO ANTIGUO"," 59",366,426,792
" 01","CASCO ANTIGUO"," 60",359,438,797
" 01","CASCO ANTIGUO"," 61",375,411,786
" 01","CASCO ANTIGUO"," 62",344,350,694
" 01","CASCO ANTIGUO"," 63",344,388,732
" 01","CASCO ANTIGUO"," 64",326,419,745
" 01","CASCO ANTIGUO"," 65",301,405,706
" 01","CASCO ANTIGUO"," 66",280,356,636
" 01","CASCO ANTIGUO"," 67",309,377,686
" 01","CASCO ANTIGUO"," 68",292,342,634
" 01","CASCO ANTIGUO"," 69",271,338,609
" 01","CASCO ANTIGUO"," 70",281,331,612
" 01","CASCO ANTIGUO"," 71",240,332,572
" 01","CASCO ANTIGUO"," 72",247,318,565
" 01","CASCO ANTIGUO"," 73",249,298,547
" 01","CASCO ANTIGUO"," 74",219,303,522
" 01","CASCO ANTIGUO"," 75",221,309,530
" 01","CASCO ANTIGUO"," 76",206,287,493
" 01","CASCO ANTIGUO"," 77",186,270,456
" 01","CASCO ANTIGUO"," 78",203,276,479
" 01","CASCO ANTIGUO"," 79",172,229,401
" 01","CASCO ANTIGUO"," 80",138,216,354
" 01","CASCO ANTIGUO"," 81",143,257,400
" 01","CASCO ANTIGUO"," 82",126,224,350
" 01","CASCO ANTIGUO"," 83",97,219,316
" 01","CASCO ANTIGUO"," 84",87,165,252
" 01","CASCO ANTIGUO"," 85",101,184,285
" 01","CASCO ANTIGUO"," 86",100,172,272
" 01","CASCO ANTIGUO"," 87",64,165,229
" 01","CASCO ANTIGUO"," 88",54,139,193
" 01","CASCO ANTIGUO"," 89",58,127,185
" 01","CASCO ANTIGUO","90 y más años",165,595,760
" 01","CASCO ANTIGUO","TOTAL POBLACION",26815,30196,57011
" 02","MACARENA"," 00",299,236,535
" 02","MACARENA"," 01",267,256,523
" 02","MACARENA"," 02",267,291,558
" 02","MACARENA"," 03",309,275,584
" 02","MACARENA"," 04",316,288,604
" 02","MACARENA"," 05",244,254,498
" 02","MACARENA"," 06",328,287,615
" 02","MACARENA"," 07",307,335,642
" 02","MACARENA"," 08",296,282,578
" 02","MACARENA"," 09",348,333,681
" 02","MACARENA"," 10",330,297,627
" 02","MACARENA"," 11",365,317,682
" 02","MACARENA"," 12",365,330,695
" 02","MACARENA"," 13",359,367,726
" 02","MACARENA"," 14",343,368,711
" 02","MACARENA"," 15",334,284,618
" 02","MACARENA"," 16",326,321,647
" 02","MACARENA"," 17",344,316,660
" 02","MACARENA"," 18",333,294,627
" 02","MACARENA"," 19",312,319,631
" 02","MACARENA"," 20",342,358,700
" 02","MACARENA"," 21",383,328,711
" 02","MACARENA"," 22",349,321,670
" 02","MACARENA"," 23",373,360,733
" 02","MACARENA"," 24",404,385,789
" 02","MACARENA"," 25",397,398,795
" 02","MACARENA"," 26",428,388,816
" 02","MACARENA"," 27",496,459,955
" 02","MACARENA"," 28",496,513,1009
" 02","MACARENA"," 29",497,438,935
" 02","MACARENA"," 30",490,488,978
" 02","MACARENA"," 31",478,456,934
" 02","MACARENA"," 32",453,462,915
" 02","MACARENA"," 33",419,484,903
" 02","MACARENA"," 34",471,476,947
" 02","MACARENA"," 35",472,495,967
" 02","MACARENA"," 36",505,521,1026
" 02","MACARENA"," 37",499,538,1037
" 02","MACARENA"," 38",550,511,1061
" 02","MACARENA"," 39",528,563,1091
" 02","MACARENA"," 40",551,602,1153
" 02","MACARENA"," 41",580,604,1184
" 02","MACARENA"," 42",569,588,1157
" 02","MACARENA"," 43",602,635,1237
" 02","MACARENA"," 44",625,672,1297
" 02","MACARENA"," 45",626,647,1273
" 02","MACARENA"," 46",595,660,1255
" 02","MACARENA"," 47",600,610,1210
" 02","MACARENA"," 48",599,568,1167
" 02","MACARENA"," 49",576,596,1172
" 02","MACARENA"," 50",531,555,1086
" 02","MACARENA"," 51",524,536,1060
" 02","MACARENA"," 52",520,550,1070
" 02","MACARENA"," 53",490,616,1106
" 02","MACARENA"," 54",530,525,1055
" 02","MACARENA"," 55",533,549,1082
" 02","MACARENA"," 56",481,531,1012
" 02","MACARENA"," 57",523,593,1116
" 02","MACARENA"," 58",430,539,969
" 02","MACARENA"," 59",444,521,965
" 02","MACARENA"," 60",445,508,953
" 02","MACARENA"," 61",456,513,969
" 02","MACARENA"," 62",433,453,886
" 02","MACARENA"," 63",393,465,858
" 02","MACARENA"," 64",376,480,856
" 02","MACARENA"," 65",331,444,775
" 02","MACARENA"," 66",336,452,788
" 02","MACARENA"," 67",302,429,731
" 02","MACARENA"," 68",280,443,723
" 02","MACARENA"," 69",322,441,763
" 02","MACARENA"," 70",314,438,752
" 02","MACARENA"," 71",277,408,685
" 02","MACARENA"," 72",318,481,799
" 02","MACARENA"," 73",305,535,840
" 02","MACARENA"," 74",325,496,821
" 02","MACARENA"," 75",285,514,799
" 02","MACARENA"," 76",338,534,872
" 02","MACARENA"," 77",313,513,826
" 02","MACARENA"," 78",309,479,788
" 02","MACARENA"," 79",258,388,646
" 02","MACARENA"," 80",239,311,550
" 02","MACARENA"," 81",254,388,642
" 02","MACARENA"," 82",210,298,508
" 02","MACARENA"," 83",159,307,466
" 02","MACARENA"," 84",141,245,386
" 02","MACARENA"," 85",110,296,406
" 02","MACARENA"," 86",142,269,411
" 02","MACARENA"," 87",98,209,307
" 02","MACARENA"," 88",103,189,292
" 02","MACARENA"," 89",66,167,233
" 02","MACARENA","90 y más años",238,722,960
" 02","MACARENA","TOTAL POBLACION",34827,39504,74331
" 03","NERVION"," 00",201,200,401
" 03","NERVION"," 01",168,192,360
" 03","NERVION"," 02",210,200,410
" 03","NERVION"," 03",214,201,415
" 03","NERVION"," 04",219,200,419
" 03","NERVION"," 05",236,213,449
" 03","NERVION"," 06",209,218,427
" 03","NERVION"," 07",230,240,470
" 03","NERVION"," 08",220,237,457
" 03","NERVION"," 09",241,227,468
" 03","NERVION"," 10",249,271,520
" 03","NERVION"," 11",238,219,457
" 03","NERVION"," 12",265,249,514
" 03","NERVION"," 13",258,234,492
" 03","NERVION"," 14",266,213,479
" 03","NERVION"," 15",268,277,545
" 03","NERVION"," 16",285,269,554
" 03","NERVION"," 17",272,249,521
" 03","NERVION"," 18",278,269,547
" 03","NERVION"," 19",266,234,500
" 03","NERVION"," 20",251,286,537
" 03","NERVION"," 21",265,254,519
" 03","NERVION"," 22",240,237,477
" 03","NERVION"," 23",227,254,481
" 03","NERVION"," 24",231,273,504
" 03","NERVION"," 25",278,256,534
" 03","NERVION"," 26",248,256,504
" 03","NERVION"," 27",234,269,503
" 03","NERVION"," 28",231,277,508
" 03","NERVION"," 29",258,246,504
" 03","NERVION"," 30",235,255,490
" 03","NERVION"," 31",259,242,501
" 03","NERVION"," 32",247,229,476
" 03","NERVION"," 33",251,268,519
" 03","NERVION"," 34",278,267,545
" 03","NERVION"," 35",248,289,537
" 03","NERVION"," 36",280,307,587
" 03","NERVION"," 37",275,287,562
" 03","NERVION"," 38",266,309,575
" 03","NERVION"," 39",311,347,658
" 03","NERVION"," 40",300,357,657
" 03","NERVION"," 41",319,364,683
" 03","NERVION"," 42",337,338,675
" 03","NERVION"," 43",398,376,774
" 03","NERVION"," 44",364,402,766
" 03","NERVION"," 45",402,462,864
" 03","NERVION"," 46",410,380,790
" 03","NERVION"," 47",363,422,785
" 03","NERVION"," 48",374,404,778
" 03","NERVION"," 49",354,406,760
" 03","NERVION"," 50",361,394,755
" 03","NERVION"," 51",338,379,717
" 03","NERVION"," 52",340,417,757
" 03","NERVION"," 53",334,412,746
" 03","NERVION"," 54",342,429,771
" 03","NERVION"," 55",375,393,768
" 03","NERVION"," 56",347,424,771
" 03","NERVION"," 57",309,384,693
" 03","NERVION"," 58",339,391,730
" 03","NERVION"," 59",333,354,687
" 03","NERVION"," 60",306,364,670
" 03","NERVION"," 61",286,368,654
" 03","NERVION"," 62",286,391,677
" 03","NERVION"," 63",265,344,609
" 03","NERVION"," 64",260,380,640
" 03","NERVION"," 65",261,336,597
" 03","NERVION"," 66",228,388,616
" 03","NERVION"," 67",250,317,567
" 03","NERVION"," 68",269,366,635
" 03","NERVION"," 69",249,362,611
" 03","NERVION"," 70",246,338,584
" 03","NERVION"," 71",245,364,609
" 03","NERVION"," 72",252,393,645
" 03","NERVION"," 73",296,393,689
" 03","NERVION"," 74",246,356,602
" 03","NERVION"," 75",256,338,594
" 03","NERVION"," 76",242,346,588
" 03","NERVION"," 77",257,359,616
" 03","NERVION"," 78",207,336,543
" 03","NERVION"," 79",191,303,494
" 03","NERVION"," 80",192,257,449
" 03","NERVION"," 81",162,246,408
" 03","NERVION"," 82",131,206,337
" 03","NERVION"," 83",109,211,320
" 03","NERVION"," 84",124,198,322
" 03","NERVION"," 85",109,221,330
" 03","NERVION"," 86",100,191,291
" 03","NERVION"," 87",82,154,236
" 03","NERVION"," 88",63,138,201
" 03","NERVION"," 89",66,148,214
" 03","NERVION","90 y más años",167,588,755
" 03","NERVION","TOTAL POBLACION",23348,27608,50956
" 04","CERRO-AMATE"," 00",351,347,698
" 04","CERRO-AMATE"," 01",377,360,737
" 04","CERRO-AMATE"," 02",377,335,712
" 04","CERRO-AMATE"," 03",402,359,761
" 04","CERRO-AMATE"," 04",416,372,788
" 04","CERRO-AMATE"," 05",416,378,794
" 04","CERRO-AMATE"," 06",382,394,776
" 04","CERRO-AMATE"," 07",455,380,835
" 04","CERRO-AMATE"," 08",445,426,871
" 04","CERRO-AMATE"," 09",486,417,903
" 04","CERRO-AMATE"," 10",469,418,887
" 04","CERRO-AMATE"," 11",478,489,967
" 04","CERRO-AMATE"," 12",488,511,999
" 04","CERRO-AMATE"," 13",608,575,1183
" 04","CERRO-AMATE"," 14",575,518,1093
" 04","CERRO-AMATE"," 15",503,498,1001
" 04","CERRO-AMATE"," 16",502,491,993
" 04","CERRO-AMATE"," 17",459,414,873
" 04","CERRO-AMATE"," 18",418,425,843
" 04","CERRO-AMATE"," 19",453,400,853
" 04","CERRO-AMATE"," 20",493,457,950
" 04","CERRO-AMATE"," 21",463,430,893
" 04","CERRO-AMATE"," 22",501,457,958
" 04","CERRO-AMATE"," 23",468,428,896
" 04","CERRO-AMATE"," 24",482,488,970
" 04","CERRO-AMATE"," 25",496,482,978
" 04","CERRO-AMATE"," 26",537,500,1037
" 04","CERRO-AMATE"," 27",576,538,1114
" 04","CERRO-AMATE"," 28",582,564,1146
" 04","CERRO-AMATE"," 29",615,620,1235
" 04","CERRO-AMATE"," 30",620,602,1222
" 04","CERRO-AMATE"," 31",571,608,1179
" 04","CERRO-AMATE"," 32",646,586,1232
" 04","CERRO-AMATE"," 33",652,596,1248
" 04","CERRO-AMATE"," 34",594,601,1195
" 04","CERRO-AMATE"," 35",622,600,1222
" 04","CERRO-AMATE"," 36",611,608,1219
" 04","CERRO-AMATE"," 37",555,578,1133
" 04","CERRO-AMATE"," 38",593,637,1230
" 04","CERRO-AMATE"," 39",690,648,1338
" 04","CERRO-AMATE"," 40",681,686,1367
" 04","CERRO-AMATE"," 41",751,685,1436
" 04","CERRO-AMATE"," 42",719,719,1438
" 04","CERRO-AMATE"," 43",794,839,1633
" 04","CERRO-AMATE"," 44",778,764,1542
" 04","CERRO-AMATE"," 45",786,800,1586
" 04","CERRO-AMATE"," 46",810,710,1520
" 04","CERRO-AMATE"," 47",717,717,1434
" 04","CERRO-AMATE"," 48",678,686,1364
" 04","CERRO-AMATE"," 49",669,662,1331
" 04","CERRO-AMATE"," 50",662,629,1291
" 04","CERRO-AMATE"," 51",622,661,1283
" 04","CERRO-AMATE"," 52",654,643,1297
" 04","CERRO-AMATE"," 53",600,660,1260
" 04","CERRO-AMATE"," 54",544,610,1154
" 04","CERRO-AMATE"," 55",589,687,1276
" 04","CERRO-AMATE"," 56",591,649,1240
" 04","CERRO-AMATE"," 57",578,676,1254
" 04","CERRO-AMATE"," 58",606,654,1260
" 04","CERRO-AMATE"," 59",564,610,1174
" 04","CERRO-AMATE"," 60",533,611,1144
" 04","CERRO-AMATE"," 61",534,564,1098
" 04","CERRO-AMATE"," 62",505,566,1071
" 04","CERRO-AMATE"," 63",488,602,1090
" 04","CERRO-AMATE"," 64",528,601,1129
" 04","CERRO-AMATE"," 65",430,542,972
" 04","CERRO-AMATE"," 66",432,531,963
" 04","CERRO-AMATE"," 67",417,494,911
" 04","CERRO-AMATE"," 68",428,468,896
" 04","CERRO-AMATE"," 69",387,458,845
" 04","CERRO-AMATE"," 70",373,472,845
" 04","CERRO-AMATE"," 71",307,427,734
" 04","CERRO-AMATE"," 72",374,457,831
" 04","CERRO-AMATE"," 73",389,474,863
" 04","CERRO-AMATE"," 74",319,453,772
" 04","CERRO-AMATE"," 75",267,365,632
" 04","CERRO-AMATE"," 76",312,458,770
" 04","CERRO-AMATE"," 77",309,402,711
" 04","CERRO-AMATE"," 78",298,396,694
" 04","CERRO-AMATE"," 79",194,314,508
" 04","CERRO-AMATE"," 80",214,263,477
" 04","CERRO-AMATE"," 81",198,324,522
" 04","CERRO-AMATE"," 82",162,227,389
" 04","CERRO-AMATE"," 83",139,224,363
" 04","CERRO-AMATE"," 84",117,239,356
" 04","CERRO-AMATE"," 85",128,242,370
" 04","CERRO-AMATE"," 86",99,228,327
" 04","CERRO-AMATE"," 87",82,184,266
" 04","CERRO-AMATE"," 88",85,197,282
" 04","CERRO-AMATE"," 89",70,169,239
" 04","CERRO-AMATE","90 y más años",201,549,750
" 04","CERRO-AMATE","TOTAL POBLACION",43139,45783,88922
" 05","SUR"," 00",348,300,648
" 05","SUR"," 01",337,308,645
" 05","SUR"," 02",322,297,619
" 05","SUR"," 03",330,295,625
" 05","SUR"," 04",320,304,624
" 05","SUR"," 05",333,304,637
" 05","SUR"," 06",324,344,668
" 05","SUR"," 07",311,320,631
" 05","SUR"," 08",317,346,663
" 05","SUR"," 09",344,344,688
" 05","SUR"," 10",344,346,690
" 05","SUR"," 11",388,357,745
" 05","SUR"," 12",449,377,826
" 05","SUR"," 13",415,360,775
" 05","SUR"," 14",412,377,789
" 05","SUR"," 15",392,375,767
" 05","SUR"," 16",378,412,790
" 05","SUR"," 17",394,377,771
" 05","SUR"," 18",428,415,843
" 05","SUR"," 19",391,406,797
" 05","SUR"," 20",418,382,800
" 05","SUR"," 21",428,409,837
" 05","SUR"," 22",394,400,794
" 05","SUR"," 23",414,433,847
" 05","SUR"," 24",386,397,783
" 05","SUR"," 25",418,425,843
" 05","SUR"," 26",406,448,854
" 05","SUR"," 27",398,449,847
" 05","SUR"," 28",435,473,908
" 05","SUR"," 29",408,414,822
" 05","SUR"," 30",440,410,850
" 05","SUR"," 31",417,405,822
" 05","SUR"," 32",433,396,829
" 05","SUR"," 33",406,403,809
" 05","SUR"," 34",405,400,805
" 05","SUR"," 35",371,408,779
" 05","SUR"," 36",466,413,879
" 05","SUR"," 37",396,433,829
" 05","SUR"," 38",436,418,854
" 05","SUR"," 39",466,449,915
" 05","SUR"," 40",436,463,899
" 05","SUR"," 41",506,470,976
" 05","SUR"," 42",470,483,953
" 05","SUR"," 43",465,531,996
" 05","SUR"," 44",538,557,1095
" 05","SUR"," 45",534,501,1035
" 05","SUR"," 46",484,535,1019
" 05","SUR"," 47",520,503,1023
" 05","SUR"," 48",464,477,941
" 05","SUR"," 49",509,497,1006
" 05","SUR"," 50",422,486,908
" 05","SUR"," 51",449,500,949
" 05","SUR"," 52",498,493,991
" 05","SUR"," 53",470,569,1039
" 05","SUR"," 54",467,543,1010
" 05","SUR"," 55",519,537,1056
" 05","SUR"," 56",464,546,1010
" 05","SUR"," 57",449,539,988
" 05","SUR"," 58",481,545,1026
" 05","SUR"," 59",430,518,948
" 05","SUR"," 60",410,454,864
" 05","SUR"," 61",391,478,869
" 05","SUR"," 62",372,469,841
" 05","SUR"," 63",367,457,824
" 05","SUR"," 64",378,456,834
" 05","SUR"," 65",328,444,772
" 05","SUR"," 66",301,427,728
" 05","SUR"," 67",295,403,698
" 05","SUR"," 68",309,406,715
" 05","SUR"," 69",298,390,688
" 05","SUR"," 70",285,387,672
" 05","SUR"," 71",254,342,596
" 05","SUR"," 72",302,403,705
" 05","SUR"," 73",278,386,664
" 05","SUR"," 74",272,375,647
" 05","SUR"," 75",239,331,570
" 05","SUR"," 76",263,372,635
" 05","SUR"," 77",242,407,649
" 05","SUR"," 78",249,399,648
" 05","SUR"," 79",177,311,488
" 05","SUR"," 80",191,254,445
" 05","SUR"," 81",221,320,541
" 05","SUR"," 82",168,251,419
" 05","SUR"," 83",163,245,408
" 05","SUR"," 84",121,224,345
" 05","SUR"," 85",111,266,377
" 05","SUR"," 86",111,226,337
" 05","SUR"," 87",82,178,260
" 05","SUR"," 88",108,172,280
" 05","SUR"," 89",61,160,221
" 05","SUR","90 y más años",207,571,778
" 05","SUR","TOTAL POBLACION",32747,36586,69333
" 06","TRIANA"," 00",149,134,283
" 06","TRIANA"," 01",163,152,315
" 06","TRIANA"," 02",148,160,308
" 06","TRIANA"," 03",138,140,278
" 06","TRIANA"," 04",164,140,304
" 06","TRIANA"," 05",191,181,372
" 06","TRIANA"," 06",172,174,346
" 06","TRIANA"," 07",165,184,349
" 06","TRIANA"," 08",183,171,354
" 06","TRIANA"," 09",208,212,420
" 06","TRIANA"," 10",195,197,392
" 06","TRIANA"," 11",203,216,419
" 06","TRIANA"," 12",232,250,482
" 06","TRIANA"," 13",214,228,442
" 06","TRIANA"," 14",225,222,447
" 06","TRIANA"," 15",226,219,445
" 06","TRIANA"," 16",231,251,482
" 06","TRIANA"," 17",198,228,426
" 06","TRIANA"," 18",222,213,435
" 06","TRIANA"," 19",224,211,435
" 06","TRIANA"," 20",196,193,389
" 06","TRIANA"," 21",234,207,441
" 06","TRIANA"," 22",210,198,408
" 06","TRIANA"," 23",185,211,396
" 06","TRIANA"," 24",209,225,434
" 06","TRIANA"," 25",211,223,434
" 06","TRIANA"," 26",213,226,439
" 06","TRIANA"," 27",210,250,460
" 06","TRIANA"," 28",235,253,488
" 06","TRIANA"," 29",266,247,513
" 06","TRIANA"," 30",281,248,529
" 06","TRIANA"," 31",222,254,476
" 06","TRIANA"," 32",225,261,486
" 06","TRIANA"," 33",255,246,501
" 06","TRIANA"," 34",248,272,520
" 06","TRIANA"," 35",237,268,505
" 06","TRIANA"," 36",225,306,531
" 06","TRIANA"," 37",269,272,541
" 06","TRIANA"," 38",275,321,596
" 06","TRIANA"," 39",267,317,584
" 06","TRIANA"," 40",302,333,635
" 06","TRIANA"," 41",347,310,657
" 06","TRIANA"," 42",335,322,657
" 06","TRIANA"," 43",349,365,714
" 06","TRIANA"," 44",375,386,761
" 06","TRIANA"," 45",334,438,772
" 06","TRIANA"," 46",354,369,723
" 06","TRIANA"," 47",357,423,780
" 06","TRIANA"," 48",339,409,748
" 06","TRIANA"," 49",350,362,712
" 06","TRIANA"," 50",346,376,722
" 06","TRIANA"," 51",334,385,719
" 06","TRIANA"," 52",348,386,734
" 06","TRIANA"," 53",342,362,704
" 06","TRIANA"," 54",373,379,752
" 06","TRIANA"," 55",330,416,746
" 06","TRIANA"," 56",335,394,729
" 06","TRIANA"," 57",339,444,783
" 06","TRIANA"," 58",295,399,694
" 06","TRIANA"," 59",281,341,622
" 06","TRIANA"," 60",296,387,683
" 06","TRIANA"," 61",299,369,668
" 06","TRIANA"," 62",282,366,648
" 06","TRIANA"," 63",242,323,565
" 06","TRIANA"," 64",258,347,605
" 06","TRIANA"," 65",229,290,519
" 06","TRIANA"," 66",229,310,539
" 06","TRIANA"," 67",197,279,476
" 06","TRIANA"," 68",204,310,514
" 06","TRIANA"," 69",215,321,536
" 06","TRIANA"," 70",214,324,538
" 06","TRIANA"," 71",193,330,523
" 06","TRIANA"," 72",203,302,505
" 06","TRIANA"," 73",248,348,596
" 06","TRIANA"," 74",240,336,576
" 06","TRIANA"," 75",200,316,516
" 06","TRIANA"," 76",245,363,608
" 06","TRIANA"," 77",199,354,553
" 06","TRIANA"," 78",231,371,602
" 06","TRIANA"," 79",175,295,470
" 06","TRIANA"," 80",149,231,380
" 06","TRIANA"," 81",170,277,447
" 06","TRIANA"," 82",120,220,340
" 06","TRIANA"," 83",117,224,341
" 06","TRIANA"," 84",98,157,255
" 06","TRIANA"," 85",101,195,296
" 06","TRIANA"," 86",91,184,275
" 06","TRIANA"," 87",66,177,243
" 06","TRIANA"," 88",61,169,230
" 06","TRIANA"," 89",65,150,215
" 06","TRIANA","90 y más años",184,597,781
" 06","TRIANA","TOTAL POBLACION",21110,25702,46812
" 07","NORTE"," 00",254,214,468
" 07","NORTE"," 01",252,283,535
" 07","NORTE"," 02",254,250,504
" 07","NORTE"," 03",278,285,563
" 07","NORTE"," 04",296,296,592
" 07","NORTE"," 05",333,307,640
" 07","NORTE"," 06",364,306,670
" 07","NORTE"," 07",356,311,667
" 07","NORTE"," 08",340,308,648
" 07","NORTE"," 09",352,314,666
" 07","NORTE"," 10",341,345,686
" 07","NORTE"," 11",397,338,735
" 07","NORTE"," 12",412,376,788
" 07","NORTE"," 13",415,438,853
" 07","NORTE"," 14",387,360,747
" 07","NORTE"," 15",405,352,757
" 07","NORTE"," 16",390,369,759
" 07","NORTE"," 17",393,355,748
" 07","NORTE"," 18",436,399,835
" 07","NORTE"," 19",361,373,734
" 07","NORTE"," 20",406,362,768
" 07","NORTE"," 21",423,387,810
" 07","NORTE"," 22",378,370,748
" 07","NORTE"," 23",364,361,725
" 07","NORTE"," 24",384,335,719
" 07","NORTE"," 25",383,364,747
" 07","NORTE"," 26",381,361,742
" 07","NORTE"," 27",418,378,796
" 07","NORTE"," 28",413,363,776
" 07","NORTE"," 29",446,399,845
" 07","NORTE"," 30",430,389,819
" 07","NORTE"," 31",421,412,833
" 07","NORTE"," 32",408,461,869
" 07","NORTE"," 33",414,405,819
" 07","NORTE"," 34",428,460,888
" 07","NORTE"," 35",434,499,933
" 07","NORTE"," 36",528,520,1048
" 07","NORTE"," 37",505,514,1019
" 07","NORTE"," 38",577,547,1124
" 07","NORTE"," 39",572,564,1136
" 07","NORTE"," 40",539,557,1096
" 07","NORTE"," 41",547,581,1128
" 07","NORTE"," 42",615,550,1165
" 07","NORTE"," 43",640,623,1263
" 07","NORTE"," 44",624,602,1226
" 07","NORTE"," 45",587,576,1163
" 07","NORTE"," 46",563,566,1129
" 07","NORTE"," 47",538,518,1056
" 07","NORTE"," 48",533,572,1105
" 07","NORTE"," 49",510,607,1117
" 07","NORTE"," 50",506,557,1063
" 07","NORTE"," 51",541,600,1141
" 07","NORTE"," 52",542,627,1169
" 07","NORTE"," 53",567,577,1144
" 07","NORTE"," 54",565,617,1182
" 07","NORTE"," 55",579,632,1211
" 07","NORTE"," 56",548,663,1211
" 07","NORTE"," 57",556,616,1172
" 07","NORTE"," 58",530,637,1167
" 07","NORTE"," 59",487,556,1043
" 07","NORTE"," 60",476,592,1068
" 07","NORTE"," 61",488,644,1132
" 07","NORTE"," 62",490,598,1088
" 07","NORTE"," 63",508,642,1150
" 07","NORTE"," 64",559,651,1210
" 07","NORTE"," 65",475,560,1035
" 07","NORTE"," 66",434,523,957
" 07","NORTE"," 67",414,464,878
" 07","NORTE"," 68",380,430,810
" 07","NORTE"," 69",380,381,761
" 07","NORTE"," 70",334,354,688
" 07","NORTE"," 71",269,316,585
" 07","NORTE"," 72",306,353,659
" 07","NORTE"," 73",265,325,590
" 07","NORTE"," 74",263,314,577
" 07","NORTE"," 75",188,256,444
" 07","NORTE"," 76",227,283,510
" 07","NORTE"," 77",207,269,476
" 07","NORTE"," 78",192,274,466
" 07","NORTE"," 79",132,184,316
" 07","NORTE"," 80",119,146,265
" 07","NORTE"," 81",135,200,335
" 07","NORTE"," 82",100,164,264
" 07","NORTE"," 83",70,141,211
" 07","NORTE"," 84",71,125,196
" 07","NORTE"," 85",65,159,224
" 07","NORTE"," 86",51,114,165
" 07","NORTE"," 87",50,102,152
" 07","NORTE"," 88",54,109,163
" 07","NORTE"," 89",35,83,118
" 07","NORTE","90 y más años",115,307,422
" 07","NORTE","TOTAL POBLACION",34698,36927,71625
" 08","S. PABLO-STA. JUSTA"," 00",196,206,402
" 08","S. PABLO-STA. JUSTA"," 01",215,185,400
" 08","S. PABLO-STA. JUSTA"," 02",217,195,412
" 08","S. PABLO-STA. JUSTA"," 03",219,203,422
" 08","S. PABLO-STA. JUSTA"," 04",231,206,437
" 08","S. PABLO-STA. JUSTA"," 05",231,223,454
" 08","S. PABLO-STA. JUSTA"," 06",250,238,488
" 08","S. PABLO-STA. JUSTA"," 07",257,226,483
" 08","S. PABLO-STA. JUSTA"," 08",266,214,480
" 08","S. PABLO-STA. JUSTA"," 09",290,258,548
" 08","S. PABLO-STA. JUSTA"," 10",273,258,531
" 08","S. PABLO-STA. JUSTA"," 11",270,272,542
" 08","S. PABLO-STA. JUSTA"," 12",307,285,592
" 08","S. PABLO-STA. JUSTA"," 13",294,266,560
" 08","S. PABLO-STA. JUSTA"," 14",299,259,558
" 08","S. PABLO-STA. JUSTA"," 15",287,301,588
" 08","S. PABLO-STA. JUSTA"," 16",255,293,548
" 08","S. PABLO-STA. JUSTA"," 17",275,247,522
" 08","S. PABLO-STA. JUSTA"," 18",281,281,562
" 08","S. PABLO-STA. JUSTA"," 19",276,247,523
" 08","S. PABLO-STA. JUSTA"," 20",303,248,551
" 08","S. PABLO-STA. JUSTA"," 21",288,268,556
" 08","S. PABLO-STA. JUSTA"," 22",315,234,549
" 08","S. PABLO-STA. JUSTA"," 23",292,250,542
" 08","S. PABLO-STA. JUSTA"," 24",322,294,616
" 08","S. PABLO-STA. JUSTA"," 25",309,293,602
" 08","S. PABLO-STA. JUSTA"," 26",302,339,641
" 08","S. PABLO-STA. JUSTA"," 27",331,337,668
" 08","S. PABLO-STA. JUSTA"," 28",344,314,658
" 08","S. PABLO-STA. JUSTA"," 29",345,369,714
" 08","S. PABLO-STA. JUSTA"," 30",366,331,697
" 08","S. PABLO-STA. JUSTA"," 31",322,321,643
" 08","S. PABLO-STA. JUSTA"," 32",328,312,640
" 08","S. PABLO-STA. JUSTA"," 33",336,358,694
" 08","S. PABLO-STA. JUSTA"," 34",335,358,693
" 08","S. PABLO-STA. JUSTA"," 35",339,346,685
" 08","S. PABLO-STA. JUSTA"," 36",324,353,677
" 08","S. PABLO-STA. JUSTA"," 37",350,381,731
" 08","S. PABLO-STA. JUSTA"," 38",363,368,731
" 08","S. PABLO-STA. JUSTA"," 39",389,411,800
" 08","S. PABLO-STA. JUSTA"," 40",356,410,766
" 08","S. PABLO-STA. JUSTA"," 41",410,430,840
" 08","S. PABLO-STA. JUSTA"," 42",430,404,834
" 08","S. PABLO-STA. JUSTA"," 43",478,448,926
" 08","S. PABLO-STA. JUSTA"," 44",448,450,898
" 08","S. PABLO-STA. JUSTA"," 45",459,463,922
" 08","S. PABLO-STA. JUSTA"," 46",434,449,883
" 08","S. PABLO-STA. JUSTA"," 47",449,450,899
" 08","S. PABLO-STA. JUSTA"," 48",422,431,853
" 08","S. PABLO-STA. JUSTA"," 49",459,411,870
" 08","S. PABLO-STA. JUSTA"," 50",444,435,879
" 08","S. PABLO-STA. JUSTA"," 51",438,480,918
" 08","S. PABLO-STA. JUSTA"," 52",416,442,858
" 08","S. PABLO-STA. JUSTA"," 53",396,451,847
" 08","S. PABLO-STA. JUSTA"," 54",436,463,899
" 08","S. PABLO-STA. JUSTA"," 55",417,472,889
" 08","S. PABLO-STA. JUSTA"," 56",433,540,973
" 08","S. PABLO-STA. JUSTA"," 57",470,479,949
" 08","S. PABLO-STA. JUSTA"," 58",453,536,989
" 08","S. PABLO-STA. JUSTA"," 59",410,468,878
" 08","S. PABLO-STA. JUSTA"," 60",361,460,821
" 08","S. PABLO-STA. JUSTA"," 61",395,429,824
" 08","S. PABLO-STA. JUSTA"," 62",358,442,800
" 08","S. PABLO-STA. JUSTA"," 63",334,445,779
" 08","S. PABLO-STA. JUSTA"," 64",339,401,740
" 08","S. PABLO-STA. JUSTA"," 65",325,385,710
" 08","S. PABLO-STA. JUSTA"," 66",300,407,707
" 08","S. PABLO-STA. JUSTA"," 67",280,407,687
" 08","S. PABLO-STA. JUSTA"," 68",309,394,703
" 08","S. PABLO-STA. JUSTA"," 69",279,459,738
" 08","S. PABLO-STA. JUSTA"," 70",318,421,739
" 08","S. PABLO-STA. JUSTA"," 71",250,398,648
" 08","S. PABLO-STA. JUSTA"," 72",301,428,729
" 08","S. PABLO-STA. JUSTA"," 73",321,408,729
" 08","S. PABLO-STA. JUSTA"," 74",305,394,699
" 08","S. PABLO-STA. JUSTA"," 75",258,345,603
" 08","S. PABLO-STA. JUSTA"," 76",261,390,651
" 08","S. PABLO-STA. JUSTA"," 77",259,373,632
" 08","S. PABLO-STA. JUSTA"," 78",289,363,652
" 08","S. PABLO-STA. JUSTA"," 79",217,314,531
" 08","S. PABLO-STA. JUSTA"," 80",159,266,425
" 08","S. PABLO-STA. JUSTA"," 81",220,349,569
" 08","S. PABLO-STA. JUSTA"," 82",139,248,387
" 08","S. PABLO-STA. JUSTA"," 83",140,238,378
" 08","S. PABLO-STA. JUSTA"," 84",124,219,343
" 08","S. PABLO-STA. JUSTA"," 85",102,217,319
" 08","S. PABLO-STA. JUSTA"," 86",89,204,293
" 08","S. PABLO-STA. JUSTA"," 87",70,180,250
" 08","S. PABLO-STA. JUSTA"," 88",62,177,239
" 08","S. PABLO-STA. JUSTA"," 89",67,142,209
" 08","S. PABLO-STA. JUSTA","90 y más años",188,580,768
" 08","S. PABLO-STA. JUSTA","TOTAL POBLACION",27869,31343,59212
" 09","ESTE"," 00",405,425,830
" 09","ESTE"," 01",439,415,854
" 09","ESTE"," 02",470,395,865
" 09","ESTE"," 03",499,462,961
" 09","ESTE"," 04",555,496,1051
" 09","ESTE"," 05",611,535,1146
" 09","ESTE"," 06",590,545,1135
" 09","ESTE"," 07",600,569,1169
" 09","ESTE"," 08",574,489,1063
" 09","ESTE"," 09",542,526,1068
" 09","ESTE"," 10",585,597,1182
" 09","ESTE"," 11",638,616,1254
" 09","ESTE"," 12",648,623,1271
" 09","ESTE"," 13",679,655,1334
" 09","ESTE"," 14",680,662,1342
" 09","ESTE"," 15",717,699,1416
" 09","ESTE"," 16",750,705,1455
" 09","ESTE"," 17",816,681,1497
" 09","ESTE"," 18",782,682,1464
" 09","ESTE"," 19",751,705,1456
" 09","ESTE"," 20",740,636,1376
" 09","ESTE"," 21",721,608,1329
" 09","ESTE"," 22",669,622,1291
" 09","ESTE"," 23",594,600,1194
" 09","ESTE"," 24",596,529,1125
" 09","ESTE"," 25",554,549,1103
" 09","ESTE"," 26",593,510,1103
" 09","ESTE"," 27",577,553,1130
" 09","ESTE"," 28",621,576,1197
" 09","ESTE"," 29",573,561,1134
" 09","ESTE"," 30",595,561,1156
" 09","ESTE"," 31",570,578,1148
" 09","ESTE"," 32",590,604,1194
" 09","ESTE"," 33",593,580,1173
" 09","ESTE"," 34",636,616,1252
" 09","ESTE"," 35",627,718,1345
" 09","ESTE"," 36",673,685,1358
" 09","ESTE"," 37",767,771,1538
" 09","ESTE"," 38",756,719,1475
" 09","ESTE"," 39",825,785,1610
" 09","ESTE"," 40",784,875,1659
" 09","ESTE"," 41",854,851,1705
" 09","ESTE"," 42",793,913,1706
" 09","ESTE"," 43",884,932,1816
" 09","ESTE"," 44",869,878,1747
" 09","ESTE"," 45",857,998,1855
" 09","ESTE"," 46",854,992,1846
" 09","ESTE"," 47",864,990,1854
" 09","ESTE"," 48",893,973,1866
" 09","ESTE"," 49",957,991,1948
" 09","ESTE"," 50",923,1000,1923
" 09","ESTE"," 51",933,981,1914
" 09","ESTE"," 52",889,946,1835
" 09","ESTE"," 53",840,922,1762
" 09","ESTE"," 54",815,953,1768
" 09","ESTE"," 55",819,914,1733
" 09","ESTE"," 56",833,842,1675
" 09","ESTE"," 57",828,908,1736
" 09","ESTE"," 58",743,836,1579
" 09","ESTE"," 59",719,745,1464
" 09","ESTE"," 60",679,697,1376
" 09","ESTE"," 61",613,738,1351
" 09","ESTE"," 62",595,646,1241
" 09","ESTE"," 63",591,633,1224
" 09","ESTE"," 64",593,651,1244
" 09","ESTE"," 65",458,584,1042
" 09","ESTE"," 66",450,539,989
" 09","ESTE"," 67",438,495,933
" 09","ESTE"," 68",417,467,884
" 09","ESTE"," 69",430,500,930
" 09","ESTE"," 70",400,476,876
" 09","ESTE"," 71",334,435,769
" 09","ESTE"," 72",386,409,795
" 09","ESTE"," 73",373,461,834
" 09","ESTE"," 74",346,394,740
" 09","ESTE"," 75",300,322,622
" 09","ESTE"," 76",309,358,667
" 09","ESTE"," 77",307,337,644
" 09","ESTE"," 78",266,325,591
" 09","ESTE"," 79",174,244,418
" 09","ESTE"," 80",148,209,357
" 09","ESTE"," 81",147,236,383
" 09","ESTE"," 82",110,166,276
" 09","ESTE"," 83",105,161,266
" 09","ESTE"," 84",107,172,279
" 09","ESTE"," 85",88,144,232
" 09","ESTE"," 86",83,133,216
" 09","ESTE"," 87",69,129,198
" 09","ESTE"," 88",50,111,161
" 09","ESTE"," 89",39,89,128
" 09","ESTE","90 y más años",132,333,465
" 09","ESTE","TOTAL POBLACION",51689,53877,105566
" 10","BELLAVISTA-LA PALMERA"," 00",173,183,356
" 10","BELLAVISTA-LA PALMERA"," 01",187,161,348
" 10","BELLAVISTA-LA PALMERA"," 02",203,207,410
" 10","BELLAVISTA-LA PALMERA"," 03",242,236,478
" 10","BELLAVISTA-LA PALMERA"," 04",223,196,419
" 10","BELLAVISTA-LA PALMERA"," 05",280,242,522
" 10","BELLAVISTA-LA PALMERA"," 06",303,234,537
" 10","BELLAVISTA-LA PALMERA"," 07",300,278,578
" 10","BELLAVISTA-LA PALMERA"," 08",287,247,534
" 10","BELLAVISTA-LA PALMERA"," 09",325,274,599
" 10","BELLAVISTA-LA PALMERA"," 10",308,278,586
" 10","BELLAVISTA-LA PALMERA"," 11",284,278,562
" 10","BELLAVISTA-LA PALMERA"," 12",313,272,585
" 10","BELLAVISTA-LA PALMERA"," 13",300,265,565
" 10","BELLAVISTA-LA PALMERA"," 14",278,244,522
" 10","BELLAVISTA-LA PALMERA"," 15",269,237,506
" 10","BELLAVISTA-LA PALMERA"," 16",229,230,459
" 10","BELLAVISTA-LA PALMERA"," 17",237,241,478
" 10","BELLAVISTA-LA PALMERA"," 18",250,236,486
" 10","BELLAVISTA-LA PALMERA"," 19",265,212,477
" 10","BELLAVISTA-LA PALMERA"," 20",236,223,459
" 10","BELLAVISTA-LA PALMERA"," 21",229,219,448
" 10","BELLAVISTA-LA PALMERA"," 22",229,205,434
" 10","BELLAVISTA-LA PALMERA"," 23",213,218,431
" 10","BELLAVISTA-LA PALMERA"," 24",237,232,469
" 10","BELLAVISTA-LA PALMERA"," 25",221,201,422
" 10","BELLAVISTA-LA PALMERA"," 26",230,231,461
" 10","BELLAVISTA-LA PALMERA"," 27",223,206,429
" 10","BELLAVISTA-LA PALMERA"," 28",226,210,436
" 10","BELLAVISTA-LA PALMERA"," 29",225,225,450
" 10","BELLAVISTA-LA PALMERA"," 30",231,204,435
" 10","BELLAVISTA-LA PALMERA"," 31",224,207,431
" 10","BELLAVISTA-LA PALMERA"," 32",200,219,419
" 10","BELLAVISTA-LA PALMERA"," 33",194,239,433
" 10","BELLAVISTA-LA PALMERA"," 34",217,223,440
" 10","BELLAVISTA-LA PALMERA"," 35",240,225,465
" 10","BELLAVISTA-LA PALMERA"," 36",221,267,488
" 10","BELLAVISTA-LA PALMERA"," 37",226,270,496
" 10","BELLAVISTA-LA PALMERA"," 38",275,304,579
" 10","BELLAVISTA-LA PALMERA"," 39",294,308,602
" 10","BELLAVISTA-LA PALMERA"," 40",338,359,697
" 10","BELLAVISTA-LA PALMERA"," 41",325,363,688
" 10","BELLAVISTA-LA PALMERA"," 42",386,436,822
" 10","BELLAVISTA-LA PALMERA"," 43",379,426,805
" 10","BELLAVISTA-LA PALMERA"," 44",418,443,861
" 10","BELLAVISTA-LA PALMERA"," 45",419,444,863
" 10","BELLAVISTA-LA PALMERA"," 46",392,397,789
" 10","BELLAVISTA-LA PALMERA"," 47",368,345,713
" 10","BELLAVISTA-LA PALMERA"," 48",354,351,705
" 10","BELLAVISTA-LA PALMERA"," 49",326,333,659
" 10","BELLAVISTA-LA PALMERA"," 50",303,346,649
" 10","BELLAVISTA-LA PALMERA"," 51",310,357,667
" 10","BELLAVISTA-LA PALMERA"," 52",315,323,638
" 10","BELLAVISTA-LA PALMERA"," 53",300,352,652
" 10","BELLAVISTA-LA PALMERA"," 54",288,340,628
" 10","BELLAVISTA-LA PALMERA"," 55",316,334,650
" 10","BELLAVISTA-LA PALMERA"," 56",334,364,698
" 10","BELLAVISTA-LA PALMERA"," 57",310,347,657
" 10","BELLAVISTA-LA PALMERA"," 58",295,293,588
" 10","BELLAVISTA-LA PALMERA"," 59",266,271,537
" 10","BELLAVISTA-LA PALMERA"," 60",240,275,515
" 10","BELLAVISTA-LA PALMERA"," 61",243,238,481
" 10","BELLAVISTA-LA PALMERA"," 62",192,245,437
" 10","BELLAVISTA-LA PALMERA"," 63",209,235,444
" 10","BELLAVISTA-LA PALMERA"," 64",168,249,417
" 10","BELLAVISTA-LA PALMERA"," 65",183,230,413
" 10","BELLAVISTA-LA PALMERA"," 66",167,200,367
" 10","BELLAVISTA-LA PALMERA"," 67",138,188,326
" 10","BELLAVISTA-LA PALMERA"," 68",160,164,324
" 10","BELLAVISTA-LA PALMERA"," 69",158,163,321
" 10","BELLAVISTA-LA PALMERA"," 70",133,179,312
" 10","BELLAVISTA-LA PALMERA"," 71",119,170,289
" 10","BELLAVISTA-LA PALMERA"," 72",125,167,292
" 10","BELLAVISTA-LA PALMERA"," 73",128,175,303
" 10","BELLAVISTA-LA PALMERA"," 74",95,152,247
" 10","BELLAVISTA-LA PALMERA"," 75",116,150,266
" 10","BELLAVISTA-LA PALMERA"," 76",116,188,304
" 10","BELLAVISTA-LA PALMERA"," 77",107,170,277
" 10","BELLAVISTA-LA PALMERA"," 78",111,152,263
" 10","BELLAVISTA-LA PALMERA"," 79",81,118,199
" 10","BELLAVISTA-LA PALMERA"," 80",73,110,183
" 10","BELLAVISTA-LA PALMERA"," 81",88,145,233
" 10","BELLAVISTA-LA PALMERA"," 82",65,121,186
" 10","BELLAVISTA-LA PALMERA"," 83",73,90,163
" 10","BELLAVISTA-LA PALMERA"," 84",69,87,156
" 10","BELLAVISTA-LA PALMERA"," 85",54,119,173
" 10","BELLAVISTA-LA PALMERA"," 86",60,112,172
" 10","BELLAVISTA-LA PALMERA"," 87",41,105,146
" 10","BELLAVISTA-LA PALMERA"," 88",52,74,126
" 10","BELLAVISTA-LA PALMERA"," 89",34,81,115
" 10","BELLAVISTA-LA PALMERA","90 y más años",100,342,442
" 10","BELLAVISTA-LA PALMERA","TOTAL POBLACION",20287,21805,42092
" 11","LOS REMEDIOS"," 00",101,100,201
" 11","LOS REMEDIOS"," 01",111,87,198
" 11","LOS REMEDIOS"," 02",113,92,205
" 11","LOS REMEDIOS"," 03",125,106,231
" 11","LOS REMEDIOS"," 04",133,110,243
" 11","LOS REMEDIOS"," 05",126,120,246
" 11","LOS REMEDIOS"," 06",116,130,246
" 11","LOS REMEDIOS"," 07",147,130,277
" 11","LOS REMEDIOS"," 08",143,126,269
" 11","LOS REMEDIOS"," 09",132,107,239
" 11","LOS REMEDIOS"," 10",134,133,267
" 11","LOS REMEDIOS"," 11",138,149,287
" 11","LOS REMEDIOS"," 12",133,132,265
" 11","LOS REMEDIOS"," 13",148,146,294
" 11","LOS REMEDIOS"," 14",131,146,277
" 11","LOS REMEDIOS"," 15",163,152,315
" 11","LOS REMEDIOS"," 16",142,143,285
" 11","LOS REMEDIOS"," 17",132,131,263
" 11","LOS REMEDIOS"," 18",125,143,268
" 11","LOS REMEDIOS"," 19",124,141,265
" 11","LOS REMEDIOS"," 20",138,139,277
" 11","LOS REMEDIOS"," 21",124,136,260
" 11","LOS REMEDIOS"," 22",121,144,265
" 11","LOS REMEDIOS"," 23",125,147,272
" 11","LOS REMEDIOS"," 24",129,126,255
" 11","LOS REMEDIOS"," 25",144,123,267
" 11","LOS REMEDIOS"," 26",124,138,262
" 11","LOS REMEDIOS"," 27",128,134,262
" 11","LOS REMEDIOS"," 28",120,125,245
" 11","LOS REMEDIOS"," 29",128,131,259
" 11","LOS REMEDIOS"," 30",126,124,250
" 11","LOS REMEDIOS"," 31",120,126,246
" 11","LOS REMEDIOS"," 32",108,151,259
" 11","LOS REMEDIOS"," 33",110,112,222
" 11","LOS REMEDIOS"," 34",101,132,233
" 11","LOS REMEDIOS"," 35",109,125,234
" 11","LOS REMEDIOS"," 36",134,131,265
" 11","LOS REMEDIOS"," 37",137,136,273
" 11","LOS REMEDIOS"," 38",128,137,265
" 11","LOS REMEDIOS"," 39",131,180,311
" 11","LOS REMEDIOS"," 40",128,180,308
" 11","LOS REMEDIOS"," 41",192,180,372
" 11","LOS REMEDIOS"," 42",169,196,365
" 11","LOS REMEDIOS"," 43",173,188,361
" 11","LOS REMEDIOS"," 44",185,207,392
" 11","LOS REMEDIOS"," 45",182,203,385
" 11","LOS REMEDIOS"," 46",201,216,417
" 11","LOS REMEDIOS"," 47",213,228,441
" 11","LOS REMEDIOS"," 48",165,187,352
" 11","LOS REMEDIOS"," 49",220,185,405
" 11","LOS REMEDIOS"," 50",168,177,345
" 11","LOS REMEDIOS"," 51",140,213,353
" 11","LOS REMEDIOS"," 52",172,195,367
" 11","LOS REMEDIOS"," 53",155,210,365
" 11","LOS REMEDIOS"," 54",185,195,380
" 11","LOS REMEDIOS"," 55",168,202,370
" 11","LOS REMEDIOS"," 56",178,219,397
" 11","LOS REMEDIOS"," 57",160,210,370
" 11","LOS REMEDIOS"," 58",162,220,382
" 11","LOS REMEDIOS"," 59",170,188,358
" 11","LOS REMEDIOS"," 60",157,169,326
" 11","LOS REMEDIOS"," 61",152,155,307
" 11","LOS REMEDIOS"," 62",132,194,326
" 11","LOS REMEDIOS"," 63",143,171,314
" 11","LOS REMEDIOS"," 64",131,156,287
" 11","LOS REMEDIOS"," 65",97,149,246
" 11","LOS REMEDIOS"," 66",110,151,261
" 11","LOS REMEDIOS"," 67",99,151,250
" 11","LOS REMEDIOS"," 68",106,162,268
" 11","LOS REMEDIOS"," 69",107,140,247
" 11","LOS REMEDIOS"," 70",73,140,213
" 11","LOS REMEDIOS"," 71",110,161,271
" 11","LOS REMEDIOS"," 72",103,146,249
" 11","LOS REMEDIOS"," 73",105,159,264
" 11","LOS REMEDIOS"," 74",93,161,254
" 11","LOS REMEDIOS"," 75",90,166,256
" 11","LOS REMEDIOS"," 76",94,165,259
" 11","LOS REMEDIOS"," 77",99,191,290
" 11","LOS REMEDIOS"," 78",98,198,296
" 11","LOS REMEDIOS"," 79",93,146,239
" 11","LOS REMEDIOS"," 80",83,120,203
" 11","LOS REMEDIOS"," 81",80,160,240
" 11","LOS REMEDIOS"," 82",69,135,204
" 11","LOS REMEDIOS"," 83",57,124,181
" 11","LOS REMEDIOS"," 84",57,97,154
" 11","LOS REMEDIOS"," 85",63,116,179
" 11","LOS REMEDIOS"," 86",63,102,165
" 11","LOS REMEDIOS"," 87",47,84,131
" 11","LOS REMEDIOS"," 88",38,77,115
" 11","LOS REMEDIOS"," 89",28,67,95
" 11","LOS REMEDIOS","90 y más años",136,321,457
" 11","LOS REMEDIOS","TOTAL POBLACION",11501,13854,25355
