"CD","DISTRITO","PROCEDENCIA","NACIONALIDAD","HOMBRES","MUJERES","TOTAL"
" 01","CASCO ANTIGUO","- TODOS -","ESPA�OLES",615,718,1333
" 01","CASCO ANTIGUO","- TODOS -","EXTRANJEROS",251,304,555
" 01","CASCO ANTIGUO","- TODOS -","TOTAL POBLACION",866,1022,1888
" 01","CASCO ANTIGUO","ALBANIA","EXTRANJEROS",0,3,3
" 01","CASCO ANTIGUO","ALBANIA","TOTAL POBLACION",0,3,3
" 01","CASCO ANTIGUO","ALEMANIA","ESPA�OLES",1,2,3
" 01","CASCO ANTIGUO","ALEMANIA","EXTRANJEROS",10,5,15
" 01","CASCO ANTIGUO","ALEMANIA","TOTAL POBLACION",11,7,18
" 01","CASCO ANTIGUO","ARGENTINA","ESPA�OLES",0,3,3
" 01","CASCO ANTIGUO","ARGENTINA","EXTRANJEROS",3,4,7
" 01","CASCO ANTIGUO","ARGENTINA","TOTAL POBLACION",3,7,10
" 01","CASCO ANTIGUO","AUSTRALIA","ESPA�OLES",0,1,1
" 01","CASCO ANTIGUO","AUSTRALIA","EXTRANJEROS",0,1,1
" 01","CASCO ANTIGUO","AUSTRALIA","TOTAL POBLACION",0,2,2
" 01","CASCO ANTIGUO","BELGICA","ESPA�OLES",2,1,3
" 01","CASCO ANTIGUO","BELGICA","EXTRANJEROS",2,1,3
" 01","CASCO ANTIGUO","BELGICA","TOTAL POBLACION",4,2,6
" 01","CASCO ANTIGUO","BOLIVIA","EXTRANJEROS",1,1,2
" 01","CASCO ANTIGUO","BOLIVIA","TOTAL POBLACION",1,1,2
" 01","CASCO ANTIGUO","BRASIL","ESPA�OLES",0,2,2
" 01","CASCO ANTIGUO","BRASIL","EXTRANJEROS",1,4,5
" 01","CASCO ANTIGUO","BRASIL","TOTAL POBLACION",1,6,7
" 01","CASCO ANTIGUO","BULGARIA","EXTRANJEROS",1,1,2
" 01","CASCO ANTIGUO","BULGARIA","TOTAL POBLACION",1,1,2
" 01","CASCO ANTIGUO","CAMERUN","EXTRANJEROS",1,0,1
" 01","CASCO ANTIGUO","CAMERUN","TOTAL POBLACION",1,0,1
" 01","CASCO ANTIGUO","CANADA","EXTRANJEROS",0,1,1
" 01","CASCO ANTIGUO","CANADA","TOTAL POBLACION",0,1,1
" 01","CASCO ANTIGUO","CHILE","ESPA�OLES",0,1,1
" 01","CASCO ANTIGUO","CHILE","EXTRANJEROS",2,4,6
" 01","CASCO ANTIGUO","CHILE","TOTAL POBLACION",2,5,7
" 01","CASCO ANTIGUO","CHINA","ESPA�OLES",1,1,2
" 01","CASCO ANTIGUO","CHINA","EXTRANJEROS",2,8,10
" 01","CASCO ANTIGUO","CHINA","TOTAL POBLACION",3,9,12
" 01","CASCO ANTIGUO","COLOMBIA","ESPA�OLES",0,1,1
" 01","CASCO ANTIGUO","COLOMBIA","EXTRANJEROS",2,4,6
" 01","CASCO ANTIGUO","COLOMBIA","TOTAL POBLACION",2,5,7
" 01","CASCO ANTIGUO","COSTA DE MARFIL","EXTRANJEROS",2,2,4
" 01","CASCO ANTIGUO","COSTA DE MARFIL","TOTAL POBLACION",2,2,4
" 01","CASCO ANTIGUO","CUBA","EXTRANJEROS",2,2,4
" 01","CASCO ANTIGUO","CUBA","TOTAL POBLACION",2,2,4
" 01","CASCO ANTIGUO","DINAMARCA","EXTRANJEROS",2,2,4
" 01","CASCO ANTIGUO","DINAMARCA","TOTAL POBLACION",2,2,4
" 01","CASCO ANTIGUO","ECUADOR","EXTRANJEROS",2,1,3
" 01","CASCO ANTIGUO","ECUADOR","TOTAL POBLACION",2,1,3
" 01","CASCO ANTIGUO","EGIPTO","ESPA�OLES",1,0,1
" 01","CASCO ANTIGUO","EGIPTO","EXTRANJEROS",1,0,1
" 01","CASCO ANTIGUO","EGIPTO","TOTAL POBLACION",2,0,2
" 01","CASCO ANTIGUO","EL SALVADOR","EXTRANJEROS",0,1,1
" 01","CASCO ANTIGUO","EL SALVADOR","TOTAL POBLACION",0,1,1
" 01","CASCO ANTIGUO","EMIRATOS ARABES UNIDOS","ESPA�OLES",2,1,3
" 01","CASCO ANTIGUO","EMIRATOS ARABES UNIDOS","TOTAL POBLACION",2,1,3
" 01","CASCO ANTIGUO","ESLOVAQUIA","EXTRANJEROS",1,0,1
" 01","CASCO ANTIGUO","ESLOVAQUIA","TOTAL POBLACION",1,0,1
" 01","CASCO ANTIGUO","ESPA�A","ESPA�OLES",596,689,1285
" 01","CASCO ANTIGUO","ESPA�A","EXTRANJEROS",113,139,252
" 01","CASCO ANTIGUO","ESPA�A","TOTAL POBLACION",709,828,1537
" 01","CASCO ANTIGUO","ESTADOS UNIDOS DE AMERICA","ESPA�OLES",0,1,1
" 01","CASCO ANTIGUO","ESTADOS UNIDOS DE AMERICA","EXTRANJEROS",8,11,19
" 01","CASCO ANTIGUO","ESTADOS UNIDOS DE AMERICA","TOTAL POBLACION",8,12,20
" 01","CASCO ANTIGUO","FILIPINAS","ESPA�OLES",1,1,2
" 01","CASCO ANTIGUO","FILIPINAS","EXTRANJEROS",1,0,1
" 01","CASCO ANTIGUO","FILIPINAS","TOTAL POBLACION",2,1,3
" 01","CASCO ANTIGUO","FRANCIA","ESPA�OLES",2,1,3
" 01","CASCO ANTIGUO","FRANCIA","EXTRANJEROS",12,19,31
" 01","CASCO ANTIGUO","FRANCIA","TOTAL POBLACION",14,20,34
" 01","CASCO ANTIGUO","GRECIA","EXTRANJEROS",2,6,8
" 01","CASCO ANTIGUO","GRECIA","TOTAL POBLACION",2,6,8
" 01","CASCO ANTIGUO","GUATEMALA","EXTRANJEROS",0,2,2
" 01","CASCO ANTIGUO","GUATEMALA","TOTAL POBLACION",0,2,2
" 01","CASCO ANTIGUO","HONDURAS","EXTRANJEROS",2,4,6
" 01","CASCO ANTIGUO","HONDURAS","TOTAL POBLACION",2,4,6
" 01","CASCO ANTIGUO","IRLANDA","ESPA�OLES",1,0,1
" 01","CASCO ANTIGUO","IRLANDA","EXTRANJEROS",3,2,5
" 01","CASCO ANTIGUO","IRLANDA","TOTAL POBLACION",4,2,6
" 01","CASCO ANTIGUO","ITALIA","ESPA�OLES",0,1,1
" 01","CASCO ANTIGUO","ITALIA","EXTRANJEROS",26,15,41
" 01","CASCO ANTIGUO","ITALIA","TOTAL POBLACION",26,16,42
" 01","CASCO ANTIGUO","JORDANIA","EXTRANJEROS",2,0,2
" 01","CASCO ANTIGUO","JORDANIA","TOTAL POBLACION",2,0,2
" 01","CASCO ANTIGUO","KAZAJSTAN","EXTRANJEROS",1,1,2
" 01","CASCO ANTIGUO","KAZAJSTAN","TOTAL POBLACION",1,1,2
" 01","CASCO ANTIGUO","LIBANO","EXTRANJEROS",1,2,3
" 01","CASCO ANTIGUO","LIBANO","TOTAL POBLACION",1,2,3
" 01","CASCO ANTIGUO","MALASIA","ESPA�OLES",1,1,2
" 01","CASCO ANTIGUO","MALASIA","TOTAL POBLACION",1,1,2
" 01","CASCO ANTIGUO","MALI","EXTRANJEROS",0,1,1
" 01","CASCO ANTIGUO","MALI","TOTAL POBLACION",0,1,1
" 01","CASCO ANTIGUO","MARRUECOS","ESPA�OLES",0,2,2
" 01","CASCO ANTIGUO","MARRUECOS","EXTRANJEROS",3,4,7
" 01","CASCO ANTIGUO","MARRUECOS","TOTAL POBLACION",3,6,9
" 01","CASCO ANTIGUO","MEXICO","ESPA�OLES",0,3,3
" 01","CASCO ANTIGUO","MEXICO","EXTRANJEROS",2,6,8
" 01","CASCO ANTIGUO","MEXICO","TOTAL POBLACION",2,9,11
" 01","CASCO ANTIGUO","MOLDAVIA","EXTRANJEROS",0,1,1
" 01","CASCO ANTIGUO","MOLDAVIA","TOTAL POBLACION",0,1,1
" 01","CASCO ANTIGUO","NICARAGUA","EXTRANJEROS",0,3,3
" 01","CASCO ANTIGUO","NICARAGUA","TOTAL POBLACION",0,3,3
" 01","CASCO ANTIGUO","NUEVA ZELANDA","EXTRANJEROS",1,0,1
" 01","CASCO ANTIGUO","NUEVA ZELANDA","TOTAL POBLACION",1,0,1
" 01","CASCO ANTIGUO","OMAN","ESPA�OLES",0,1,1
" 01","CASCO ANTIGUO","OMAN","TOTAL POBLACION",0,1,1
" 01","CASCO ANTIGUO","PAISES BAJOS","EXTRANJEROS",1,2,3
" 01","CASCO ANTIGUO","PAISES BAJOS","TOTAL POBLACION",1,2,3
" 01","CASCO ANTIGUO","PAKISTAN","EXTRANJEROS",1,0,1
" 01","CASCO ANTIGUO","PAKISTAN","TOTAL POBLACION",1,0,1
" 01","CASCO ANTIGUO","PANAMA","ESPA�OLES",0,1,1
" 01","CASCO ANTIGUO","PANAMA","TOTAL POBLACION",0,1,1
" 01","CASCO ANTIGUO","PERU","EXTRANJEROS",2,3,5
" 01","CASCO ANTIGUO","PERU","TOTAL POBLACION",2,3,5
" 01","CASCO ANTIGUO","POLONIA","EXTRANJEROS",1,0,1
" 01","CASCO ANTIGUO","POLONIA","TOTAL POBLACION",1,0,1
" 01","CASCO ANTIGUO","PORTUGAL","ESPA�OLES",0,1,1
" 01","CASCO ANTIGUO","PORTUGAL","EXTRANJEROS",2,4,6
" 01","CASCO ANTIGUO","PORTUGAL","TOTAL POBLACION",2,5,7
" 01","CASCO ANTIGUO","REINO UNIDO","ESPA�OLES",4,0,4
" 01","CASCO ANTIGUO","REINO UNIDO","EXTRANJEROS",19,14,33
" 01","CASCO ANTIGUO","REINO UNIDO","TOTAL POBLACION",23,14,37
" 01","CASCO ANTIGUO","REPUBLICA DE COREA","EXTRANJEROS",3,0,3
" 01","CASCO ANTIGUO","REPUBLICA DE COREA","TOTAL POBLACION",3,0,3
" 01","CASCO ANTIGUO","REPUBLICA DOMINICANA","EXTRANJEROS",0,1,1
" 01","CASCO ANTIGUO","REPUBLICA DOMINICANA","TOTAL POBLACION",0,1,1
" 01","CASCO ANTIGUO","REPUBLICA SUDAFRICANA","EXTRANJEROS",1,1,2
" 01","CASCO ANTIGUO","REPUBLICA SUDAFRICANA","TOTAL POBLACION",1,1,2
" 01","CASCO ANTIGUO","RUMANIA","EXTRANJEROS",4,4,8
" 01","CASCO ANTIGUO","RUMANIA","TOTAL POBLACION",4,4,8
" 01","CASCO ANTIGUO","RUSIA","EXTRANJEROS",2,3,5
" 01","CASCO ANTIGUO","RUSIA","TOTAL POBLACION",2,3,5
" 01","CASCO ANTIGUO","SANTO TOME Y PRINCIPE","EXTRANJEROS",0,1,1
" 01","CASCO ANTIGUO","SANTO TOME Y PRINCIPE","TOTAL POBLACION",0,1,1
" 01","CASCO ANTIGUO","SENEGAL","ESPA�OLES",1,0,1
" 01","CASCO ANTIGUO","SENEGAL","TOTAL POBLACION",1,0,1
" 01","CASCO ANTIGUO","SIRIA","ESPA�OLES",0,1,1
" 01","CASCO ANTIGUO","SIRIA","EXTRANJEROS",1,1,2
" 01","CASCO ANTIGUO","SIRIA","TOTAL POBLACION",1,2,3
" 01","CASCO ANTIGUO","SUECIA","EXTRANJEROS",0,1,1
" 01","CASCO ANTIGUO","SUECIA","TOTAL POBLACION",0,1,1
" 01","CASCO ANTIGUO","SUIZA","ESPA�OLES",1,0,1
" 01","CASCO ANTIGUO","SUIZA","EXTRANJEROS",0,2,2
" 01","CASCO ANTIGUO","SUIZA","TOTAL POBLACION",1,2,3
" 01","CASCO ANTIGUO","TANZANIA","EXTRANJEROS",0,1,1
" 01","CASCO ANTIGUO","TANZANIA","TOTAL POBLACION",0,1,1
" 01","CASCO ANTIGUO","TUNEZ","ESPA�OLES",0,1,1
" 01","CASCO ANTIGUO","TUNEZ","TOTAL POBLACION",0,1,1
" 01","CASCO ANTIGUO","TURQUIA","EXTRANJEROS",1,0,1
" 01","CASCO ANTIGUO","TURQUIA","TOTAL POBLACION",1,0,1
" 01","CASCO ANTIGUO","UCRANIA","EXTRANJEROS",0,1,1
" 01","CASCO ANTIGUO","UCRANIA","TOTAL POBLACION",0,1,1
" 01","CASCO ANTIGUO","UGANDA","ESPA�OLES",0,1,1
" 01","CASCO ANTIGUO","UGANDA","TOTAL POBLACION",0,1,1
" 01","CASCO ANTIGUO","VENEZUELA","EXTRANJEROS",1,4,5
" 01","CASCO ANTIGUO","VENEZUELA","TOTAL POBLACION",1,4,5
" 01","CASCO ANTIGUO","VIET-NAM","ESPA�OLES",1,0,1
" 01","CASCO ANTIGUO","VIET-NAM","TOTAL POBLACION",1,0,1
" 02","MACARENA","- TODOS -","ESPA�OLES",673,626,1299
" 02","MACARENA","- TODOS -","EXTRANJEROS",437,449,886
" 02","MACARENA","- TODOS -","TOTAL POBLACION",1110,1075,2185
" 02","MACARENA","ALBANIA","EXTRANJEROS",2,0,2
" 02","MACARENA","ALBANIA","TOTAL POBLACION",2,0,2
" 02","MACARENA","ALEMANIA","ESPA�OLES",2,2,4
" 02","MACARENA","ALEMANIA","EXTRANJEROS",1,3,4
" 02","MACARENA","ALEMANIA","TOTAL POBLACION",3,5,8
" 02","MACARENA","ARGELIA","EXTRANJEROS",2,0,2
" 02","MACARENA","ARGELIA","TOTAL POBLACION",2,0,2
" 02","MACARENA","ARGENTINA","ESPA�OLES",0,1,1
" 02","MACARENA","ARGENTINA","EXTRANJEROS",4,1,5
" 02","MACARENA","ARGENTINA","TOTAL POBLACION",4,2,6
" 02","MACARENA","AUSTRALIA","ESPA�OLES",1,0,1
" 02","MACARENA","AUSTRALIA","TOTAL POBLACION",1,0,1
" 02","MACARENA","AZERBAIYAN","EXTRANJEROS",1,0,1
" 02","MACARENA","AZERBAIYAN","TOTAL POBLACION",1,0,1
" 02","MACARENA","BANGLA-DESH","EXTRANJEROS",2,3,5
" 02","MACARENA","BANGLA-DESH","TOTAL POBLACION",2,3,5
" 02","MACARENA","BELGICA","EXTRANJEROS",1,0,1
" 02","MACARENA","BELGICA","TOTAL POBLACION",1,0,1
" 02","MACARENA","BOLIVIA","ESPA�OLES",0,2,2
" 02","MACARENA","BOLIVIA","EXTRANJEROS",24,18,42
" 02","MACARENA","BOLIVIA","TOTAL POBLACION",24,20,44
" 02","MACARENA","BRASIL","ESPA�OLES",1,1,2
" 02","MACARENA","BRASIL","EXTRANJEROS",2,1,3
" 02","MACARENA","BRASIL","TOTAL POBLACION",3,2,5
" 02","MACARENA","BULGARIA","EXTRANJEROS",3,3,6
" 02","MACARENA","BULGARIA","TOTAL POBLACION",3,3,6
" 02","MACARENA","CAMERUN","EXTRANJEROS",1,0,1
" 02","MACARENA","CAMERUN","TOTAL POBLACION",1,0,1
" 02","MACARENA","CANADA","EXTRANJEROS",0,1,1
" 02","MACARENA","CANADA","TOTAL POBLACION",0,1,1
" 02","MACARENA","CHILE","EXTRANJEROS",2,0,2
" 02","MACARENA","CHILE","TOTAL POBLACION",2,0,2
" 02","MACARENA","CHINA","EXTRANJEROS",6,9,15
" 02","MACARENA","CHINA","TOTAL POBLACION",6,9,15
" 02","MACARENA","COLOMBIA","ESPA�OLES",1,0,1
" 02","MACARENA","COLOMBIA","EXTRANJEROS",9,4,13
" 02","MACARENA","COLOMBIA","TOTAL POBLACION",10,4,14
" 02","MACARENA","CUBA","ESPA�OLES",0,2,2
" 02","MACARENA","CUBA","EXTRANJEROS",3,3,6
" 02","MACARENA","CUBA","TOTAL POBLACION",3,5,8
" 02","MACARENA","ECUADOR","ESPA�OLES",5,3,8
" 02","MACARENA","ECUADOR","EXTRANJEROS",5,4,9
" 02","MACARENA","ECUADOR","TOTAL POBLACION",10,7,17
" 02","MACARENA","EGIPTO","EXTRANJEROS",1,0,1
" 02","MACARENA","EGIPTO","TOTAL POBLACION",1,0,1
" 02","MACARENA","EL SALVADOR","EXTRANJEROS",0,1,1
" 02","MACARENA","EL SALVADOR","TOTAL POBLACION",0,1,1
" 02","MACARENA","ESPA�A","ESPA�OLES",648,605,1253
" 02","MACARENA","ESPA�A","EXTRANJEROS",250,261,511
" 02","MACARENA","ESPA�A","TOTAL POBLACION",898,866,1764
" 02","MACARENA","ESTADOS UNIDOS DE AMERICA","ESPA�OLES",1,0,1
" 02","MACARENA","ESTADOS UNIDOS DE AMERICA","EXTRANJEROS",1,0,1
" 02","MACARENA","ESTADOS UNIDOS DE AMERICA","TOTAL POBLACION",2,0,2
" 02","MACARENA","FILIPINAS","EXTRANJEROS",7,4,11
" 02","MACARENA","FILIPINAS","TOTAL POBLACION",7,4,11
" 02","MACARENA","FINLANDIA","EXTRANJEROS",0,2,2
" 02","MACARENA","FINLANDIA","TOTAL POBLACION",0,2,2
" 02","MACARENA","FRANCIA","ESPA�OLES",0,2,2
" 02","MACARENA","FRANCIA","EXTRANJEROS",1,1,2
" 02","MACARENA","FRANCIA","TOTAL POBLACION",1,3,4
" 02","MACARENA","GEORGIA","EXTRANJEROS",1,1,2
" 02","MACARENA","GEORGIA","TOTAL POBLACION",1,1,2
" 02","MACARENA","GHANA","EXTRANJEROS",0,1,1
" 02","MACARENA","GHANA","TOTAL POBLACION",0,1,1
" 02","MACARENA","GRECIA","EXTRANJEROS",0,1,1
" 02","MACARENA","GRECIA","TOTAL POBLACION",0,1,1
" 02","MACARENA","GUATEMALA","EXTRANJEROS",1,2,3
" 02","MACARENA","GUATEMALA","TOTAL POBLACION",1,2,3
" 02","MACARENA","GUINEA","EXTRANJEROS",2,2,4
" 02","MACARENA","GUINEA","TOTAL POBLACION",2,2,4
" 02","MACARENA","GUINEA ECUATORIAL","EXTRANJEROS",1,0,1
" 02","MACARENA","GUINEA ECUATORIAL","TOTAL POBLACION",1,0,1
" 02","MACARENA","HONDURAS","EXTRANJEROS",0,3,3
" 02","MACARENA","HONDURAS","TOTAL POBLACION",0,3,3
" 02","MACARENA","INDIA","EXTRANJEROS",1,0,1
" 02","MACARENA","INDIA","TOTAL POBLACION",1,0,1
" 02","MACARENA","ITALIA","EXTRANJEROS",5,3,8
" 02","MACARENA","ITALIA","TOTAL POBLACION",5,3,8
" 02","MACARENA","JAPON","EXTRANJEROS",0,1,1
" 02","MACARENA","JAPON","TOTAL POBLACION",0,1,1
" 02","MACARENA","LETONIA","EXTRANJEROS",1,0,1
" 02","MACARENA","LETONIA","TOTAL POBLACION",1,0,1
" 02","MACARENA","MALI","EXTRANJEROS",1,0,1
" 02","MACARENA","MALI","TOTAL POBLACION",1,0,1
" 02","MACARENA","MARRUECOS","ESPA�OLES",1,0,1
" 02","MACARENA","MARRUECOS","EXTRANJEROS",17,17,34
" 02","MACARENA","MARRUECOS","TOTAL POBLACION",18,17,35
" 02","MACARENA","MEXICO","ESPA�OLES",0,1,1
" 02","MACARENA","MEXICO","EXTRANJEROS",0,2,2
" 02","MACARENA","MEXICO","TOTAL POBLACION",0,3,3
" 02","MACARENA","NEPAL","EXTRANJEROS",2,0,2
" 02","MACARENA","NEPAL","TOTAL POBLACION",2,0,2
" 02","MACARENA","NICARAGUA","ESPA�OLES",1,0,1
" 02","MACARENA","NICARAGUA","EXTRANJEROS",7,30,37
" 02","MACARENA","NICARAGUA","TOTAL POBLACION",8,30,38
" 02","MACARENA","NIGERIA","EXTRANJEROS",4,2,6
" 02","MACARENA","NIGERIA","TOTAL POBLACION",4,2,6
" 02","MACARENA","NORUEGA","ESPA�OLES",0,1,1
" 02","MACARENA","NORUEGA","TOTAL POBLACION",0,1,1
" 02","MACARENA","OTROS PAISES SIN RELACION DIPLOMATICA","EXTRANJEROS",0,1,1
" 02","MACARENA","OTROS PAISES SIN RELACION DIPLOMATICA","TOTAL POBLACION",0,1,1
" 02","MACARENA","PAISES BAJOS","EXTRANJEROS",0,1,1
" 02","MACARENA","PAISES BAJOS","TOTAL POBLACION",0,1,1
" 02","MACARENA","PAKISTAN","EXTRANJEROS",6,2,8
" 02","MACARENA","PAKISTAN","TOTAL POBLACION",6,2,8
" 02","MACARENA","PARAGUAY","EXTRANJEROS",5,7,12
" 02","MACARENA","PARAGUAY","TOTAL POBLACION",5,7,12
" 02","MACARENA","PERU","ESPA�OLES",4,1,5
" 02","MACARENA","PERU","EXTRANJEROS",9,8,17
" 02","MACARENA","PERU","TOTAL POBLACION",13,9,22
" 02","MACARENA","PORTUGAL","ESPA�OLES",1,0,1
" 02","MACARENA","PORTUGAL","EXTRANJEROS",4,3,7
" 02","MACARENA","PORTUGAL","TOTAL POBLACION",5,3,8
" 02","MACARENA","PRINCIPADO DE ANDORRA","ESPA�OLES",1,1,2
" 02","MACARENA","PRINCIPADO DE ANDORRA","TOTAL POBLACION",1,1,2
" 02","MACARENA","REINO UNIDO","ESPA�OLES",5,2,7
" 02","MACARENA","REINO UNIDO","EXTRANJEROS",3,1,4
" 02","MACARENA","REINO UNIDO","TOTAL POBLACION",8,3,11
" 02","MACARENA","REPUBLICA DOMINICANA","EXTRANJEROS",9,3,12
" 02","MACARENA","REPUBLICA DOMINICANA","TOTAL POBLACION",9,3,12
" 02","MACARENA","RUMANIA","EXTRANJEROS",13,9,22
" 02","MACARENA","RUMANIA","TOTAL POBLACION",13,9,22
" 02","MACARENA","RUSIA","EXTRANJEROS",2,16,18
" 02","MACARENA","RUSIA","TOTAL POBLACION",2,16,18
" 02","MACARENA","SENEGAL","EXTRANJEROS",5,5,10
" 02","MACARENA","SENEGAL","TOTAL POBLACION",5,5,10
" 02","MACARENA","SIRIA","ESPA�OLES",0,2,2
" 02","MACARENA","SIRIA","EXTRANJEROS",1,0,1
" 02","MACARENA","SIRIA","TOTAL POBLACION",1,2,3
" 02","MACARENA","SOMALIA","EXTRANJEROS",1,0,1
" 02","MACARENA","SOMALIA","TOTAL POBLACION",1,0,1
" 02","MACARENA","SUECIA","ESPA�OLES",1,0,1
" 02","MACARENA","SUECIA","TOTAL POBLACION",1,0,1
" 02","MACARENA","TURQUIA","EXTRANJEROS",3,1,4
" 02","MACARENA","TURQUIA","TOTAL POBLACION",3,1,4
" 02","MACARENA","UCRANIA","EXTRANJEROS",1,5,6
" 02","MACARENA","UCRANIA","TOTAL POBLACION",1,5,6
" 02","MACARENA","VENEZUELA","EXTRANJEROS",4,3,7
" 02","MACARENA","VENEZUELA","TOTAL POBLACION",4,3,7
" 03","NERVION","- TODOS -","ESPA�OLES",466,499,965
" 03","NERVION","- TODOS -","EXTRANJEROS",116,154,270
" 03","NERVION","- TODOS -","TOTAL POBLACION",582,653,1235
" 03","NERVION","ALEMANIA","ESPA�OLES",0,3,3
" 03","NERVION","ALEMANIA","EXTRANJEROS",1,4,5
" 03","NERVION","ALEMANIA","TOTAL POBLACION",1,7,8
" 03","NERVION","ARABIA SAUDITA","ESPA�OLES",1,0,1
" 03","NERVION","ARABIA SAUDITA","TOTAL POBLACION",1,0,1
" 03","NERVION","ARGELIA","EXTRANJEROS",3,0,3
" 03","NERVION","ARGELIA","TOTAL POBLACION",3,0,3
" 03","NERVION","ARGENTINA","EXTRANJEROS",1,0,1
" 03","NERVION","ARGENTINA","TOTAL POBLACION",1,0,1
" 03","NERVION","BOLIVIA","ESPA�OLES",0,1,1
" 03","NERVION","BOLIVIA","EXTRANJEROS",2,0,2
" 03","NERVION","BOLIVIA","TOTAL POBLACION",2,1,3
" 03","NERVION","BRASIL","ESPA�OLES",1,1,2
" 03","NERVION","BRASIL","EXTRANJEROS",6,3,9
" 03","NERVION","BRASIL","TOTAL POBLACION",7,4,11
" 03","NERVION","BULGARIA","EXTRANJEROS",0,1,1
" 03","NERVION","BULGARIA","TOTAL POBLACION",0,1,1
" 03","NERVION","CAMERUN","EXTRANJEROS",1,0,1
" 03","NERVION","CAMERUN","TOTAL POBLACION",1,0,1
" 03","NERVION","CHILE","ESPA�OLES",1,0,1
" 03","NERVION","CHILE","EXTRANJEROS",0,2,2
" 03","NERVION","CHILE","TOTAL POBLACION",1,2,3
" 03","NERVION","CHINA","ESPA�OLES",1,0,1
" 03","NERVION","CHINA","EXTRANJEROS",5,6,11
" 03","NERVION","CHINA","TOTAL POBLACION",6,6,12
" 03","NERVION","COLOMBIA","EXTRANJEROS",6,4,10
" 03","NERVION","COLOMBIA","TOTAL POBLACION",6,4,10
" 03","NERVION","COSTA DE MARFIL","EXTRANJEROS",1,0,1
" 03","NERVION","COSTA DE MARFIL","TOTAL POBLACION",1,0,1
" 03","NERVION","COSTA RICA","EXTRANJEROS",0,2,2
" 03","NERVION","COSTA RICA","TOTAL POBLACION",0,2,2
" 03","NERVION","CUBA","ESPA�OLES",1,0,1
" 03","NERVION","CUBA","EXTRANJEROS",1,0,1
" 03","NERVION","CUBA","TOTAL POBLACION",2,0,2
" 03","NERVION","DINAMARCA","EXTRANJEROS",0,1,1
" 03","NERVION","DINAMARCA","TOTAL POBLACION",0,1,1
" 03","NERVION","ECUADOR","ESPA�OLES",0,1,1
" 03","NERVION","ECUADOR","EXTRANJEROS",1,1,2
" 03","NERVION","ECUADOR","TOTAL POBLACION",1,2,3
" 03","NERVION","EGIPTO","ESPA�OLES",1,0,1
" 03","NERVION","EGIPTO","TOTAL POBLACION",1,0,1
" 03","NERVION","ESPA�A","ESPA�OLES",448,485,933
" 03","NERVION","ESPA�A","EXTRANJEROS",56,80,136
" 03","NERVION","ESPA�A","TOTAL POBLACION",504,565,1069
" 03","NERVION","ESTADOS UNIDOS DE AMERICA","ESPA�OLES",2,2,4
" 03","NERVION","ESTADOS UNIDOS DE AMERICA","EXTRANJEROS",1,2,3
" 03","NERVION","ESTADOS UNIDOS DE AMERICA","TOTAL POBLACION",3,4,7
" 03","NERVION","FILIPINAS","EXTRANJEROS",1,1,2
" 03","NERVION","FILIPINAS","TOTAL POBLACION",1,1,2
" 03","NERVION","FRANCIA","ESPA�OLES",1,0,1
" 03","NERVION","FRANCIA","EXTRANJEROS",6,1,7
" 03","NERVION","FRANCIA","TOTAL POBLACION",7,1,8
" 03","NERVION","HONDURAS","EXTRANJEROS",0,1,1
" 03","NERVION","HONDURAS","TOTAL POBLACION",0,1,1
" 03","NERVION","HUNGRIA","EXTRANJEROS",0,2,2
" 03","NERVION","HUNGRIA","TOTAL POBLACION",0,2,2
" 03","NERVION","ITALIA","EXTRANJEROS",3,8,11
" 03","NERVION","ITALIA","TOTAL POBLACION",3,8,11
" 03","NERVION","JAPON","EXTRANJEROS",1,0,1
" 03","NERVION","JAPON","TOTAL POBLACION",1,0,1
" 03","NERVION","LIBIA","ESPA�OLES",1,0,1
" 03","NERVION","LIBIA","TOTAL POBLACION",1,0,1
" 03","NERVION","MARRUECOS","ESPA�OLES",2,0,2
" 03","NERVION","MARRUECOS","EXTRANJEROS",3,3,6
" 03","NERVION","MARRUECOS","TOTAL POBLACION",5,3,8
" 03","NERVION","MEXICO","EXTRANJEROS",2,3,5
" 03","NERVION","MEXICO","TOTAL POBLACION",2,3,5
" 03","NERVION","NICARAGUA","EXTRANJEROS",0,3,3
" 03","NERVION","NICARAGUA","TOTAL POBLACION",0,3,3
" 03","NERVION","NIGERIA","EXTRANJEROS",2,0,2
" 03","NERVION","NIGERIA","TOTAL POBLACION",2,0,2
" 03","NERVION","PANAMA","ESPA�OLES",1,2,3
" 03","NERVION","PANAMA","TOTAL POBLACION",1,2,3
" 03","NERVION","PARAGUAY","ESPA�OLES",1,0,1
" 03","NERVION","PARAGUAY","EXTRANJEROS",2,4,6
" 03","NERVION","PARAGUAY","TOTAL POBLACION",3,4,7
" 03","NERVION","PERU","EXTRANJEROS",0,5,5
" 03","NERVION","PERU","TOTAL POBLACION",0,5,5
" 03","NERVION","PORTUGAL","EXTRANJEROS",2,0,2
" 03","NERVION","PORTUGAL","TOTAL POBLACION",2,0,2
" 03","NERVION","REINO UNIDO","ESPA�OLES",0,2,2
" 03","NERVION","REINO UNIDO","EXTRANJEROS",2,2,4
" 03","NERVION","REINO UNIDO","TOTAL POBLACION",2,4,6
" 03","NERVION","REPUBLICA DE COREA","EXTRANJEROS",0,2,2
" 03","NERVION","REPUBLICA DE COREA","TOTAL POBLACION",0,2,2
" 03","NERVION","REPUBLICA DOMINICANA","ESPA�OLES",0,1,1
" 03","NERVION","REPUBLICA DOMINICANA","TOTAL POBLACION",0,1,1
" 03","NERVION","RUMANIA","EXTRANJEROS",4,2,6
" 03","NERVION","RUMANIA","TOTAL POBLACION",4,2,6
" 03","NERVION","RUSIA","ESPA�OLES",2,0,2
" 03","NERVION","RUSIA","EXTRANJEROS",0,6,6
" 03","NERVION","RUSIA","TOTAL POBLACION",2,6,8
" 03","NERVION","SIRIA","EXTRANJEROS",1,0,1
" 03","NERVION","SIRIA","TOTAL POBLACION",1,0,1
" 03","NERVION","SUIZA","ESPA�OLES",2,0,2
" 03","NERVION","SUIZA","TOTAL POBLACION",2,0,2
" 03","NERVION","TUNEZ","EXTRANJEROS",1,0,1
" 03","NERVION","TUNEZ","TOTAL POBLACION",1,0,1
" 03","NERVION","TURQUIA","EXTRANJEROS",0,1,1
" 03","NERVION","TURQUIA","TOTAL POBLACION",0,1,1
" 03","NERVION","UCRANIA","EXTRANJEROS",0,3,3
" 03","NERVION","UCRANIA","TOTAL POBLACION",0,3,3
" 03","NERVION","URUGUAY","EXTRANJEROS",0,1,1
" 03","NERVION","URUGUAY","TOTAL POBLACION",0,1,1
" 03","NERVION","VENEZUELA","ESPA�OLES",0,1,1
" 03","NERVION","VENEZUELA","EXTRANJEROS",1,0,1
" 03","NERVION","VENEZUELA","TOTAL POBLACION",1,1,2
" 04","CERRO-AMATE","- TODOS -","ESPA�OLES",636,690,1326
" 04","CERRO-AMATE","- TODOS -","EXTRANJEROS",390,379,769
" 04","CERRO-AMATE","- TODOS -","TOTAL POBLACION",1026,1069,2095
" 04","CERRO-AMATE","ALEMANIA","ESPA�OLES",1,0,1
" 04","CERRO-AMATE","ALEMANIA","TOTAL POBLACION",1,0,1
" 04","CERRO-AMATE","ARGELIA","EXTRANJEROS",9,2,11
" 04","CERRO-AMATE","ARGELIA","TOTAL POBLACION",9,2,11
" 04","CERRO-AMATE","ARGENTINA","ESPA�OLES",0,1,1
" 04","CERRO-AMATE","ARGENTINA","TOTAL POBLACION",0,1,1
" 04","CERRO-AMATE","AUSTRALIA","EXTRANJEROS",1,0,1
" 04","CERRO-AMATE","AUSTRALIA","TOTAL POBLACION",1,0,1
" 04","CERRO-AMATE","BELICE","ESPA�OLES",1,1,2
" 04","CERRO-AMATE","BELICE","EXTRANJEROS",1,0,1
" 04","CERRO-AMATE","BELICE","TOTAL POBLACION",2,1,3
" 04","CERRO-AMATE","BOLIVIA","ESPA�OLES",0,1,1
" 04","CERRO-AMATE","BOLIVIA","EXTRANJEROS",4,6,10
" 04","CERRO-AMATE","BOLIVIA","TOTAL POBLACION",4,7,11
" 04","CERRO-AMATE","BRASIL","ESPA�OLES",1,0,1
" 04","CERRO-AMATE","BRASIL","EXTRANJEROS",1,3,4
" 04","CERRO-AMATE","BRASIL","TOTAL POBLACION",2,3,5
" 04","CERRO-AMATE","BULGARIA","EXTRANJEROS",1,2,3
" 04","CERRO-AMATE","BULGARIA","TOTAL POBLACION",1,2,3
" 04","CERRO-AMATE","CAMERUN","EXTRANJEROS",3,1,4
" 04","CERRO-AMATE","CAMERUN","TOTAL POBLACION",3,1,4
" 04","CERRO-AMATE","CANADA","ESPA�OLES",1,0,1
" 04","CERRO-AMATE","CANADA","TOTAL POBLACION",1,0,1
" 04","CERRO-AMATE","CHILE","EXTRANJEROS",0,2,2
" 04","CERRO-AMATE","CHILE","TOTAL POBLACION",0,2,2
" 04","CERRO-AMATE","CHINA","EXTRANJEROS",15,18,33
" 04","CERRO-AMATE","CHINA","TOTAL POBLACION",15,18,33
" 04","CERRO-AMATE","CHIPRE","ESPA�OLES",2,1,3
" 04","CERRO-AMATE","CHIPRE","TOTAL POBLACION",2,1,3
" 04","CERRO-AMATE","COLOMBIA","EXTRANJEROS",7,5,12
" 04","CERRO-AMATE","COLOMBIA","TOTAL POBLACION",7,5,12
" 04","CERRO-AMATE","COSTA DE MARFIL","EXTRANJEROS",1,0,1
" 04","CERRO-AMATE","COSTA DE MARFIL","TOTAL POBLACION",1,0,1
" 04","CERRO-AMATE","CUBA","ESPA�OLES",7,5,12
" 04","CERRO-AMATE","CUBA","EXTRANJEROS",6,9,15
" 04","CERRO-AMATE","CUBA","TOTAL POBLACION",13,14,27
" 04","CERRO-AMATE","ECUADOR","ESPA�OLES",2,1,3
" 04","CERRO-AMATE","ECUADOR","EXTRANJEROS",0,3,3
" 04","CERRO-AMATE","ECUADOR","TOTAL POBLACION",2,4,6
" 04","CERRO-AMATE","ESPA�A","ESPA�OLES",612,670,1282
" 04","CERRO-AMATE","ESPA�A","EXTRANJEROS",237,228,465
" 04","CERRO-AMATE","ESPA�A","TOTAL POBLACION",849,898,1747
" 04","CERRO-AMATE","ESTADOS UNIDOS DE AMERICA","ESPA�OLES",0,1,1
" 04","CERRO-AMATE","ESTADOS UNIDOS DE AMERICA","EXTRANJEROS",2,1,3
" 04","CERRO-AMATE","ESTADOS UNIDOS DE AMERICA","TOTAL POBLACION",2,2,4
" 04","CERRO-AMATE","FILIPINAS","ESPA�OLES",1,0,1
" 04","CERRO-AMATE","FILIPINAS","EXTRANJEROS",0,2,2
" 04","CERRO-AMATE","FILIPINAS","TOTAL POBLACION",1,2,3
" 04","CERRO-AMATE","FRANCIA","ESPA�OLES",1,1,2
" 04","CERRO-AMATE","FRANCIA","EXTRANJEROS",4,1,5
" 04","CERRO-AMATE","FRANCIA","TOTAL POBLACION",5,2,7
" 04","CERRO-AMATE","GUATEMALA","EXTRANJEROS",0,1,1
" 04","CERRO-AMATE","GUATEMALA","TOTAL POBLACION",0,1,1
" 04","CERRO-AMATE","GUINEA BISSAU","EXTRANJEROS",1,0,1
" 04","CERRO-AMATE","GUINEA BISSAU","TOTAL POBLACION",1,0,1
" 04","CERRO-AMATE","GUINEA ECUATORIAL","ESPA�OLES",1,0,1
" 04","CERRO-AMATE","GUINEA ECUATORIAL","EXTRANJEROS",1,0,1
" 04","CERRO-AMATE","GUINEA ECUATORIAL","TOTAL POBLACION",2,0,2
" 04","CERRO-AMATE","HONDURAS","EXTRANJEROS",2,2,4
" 04","CERRO-AMATE","HONDURAS","TOTAL POBLACION",2,2,4
" 04","CERRO-AMATE","HUNGRIA","EXTRANJEROS",1,1,2
" 04","CERRO-AMATE","HUNGRIA","TOTAL POBLACION",1,1,2
" 04","CERRO-AMATE","ITALIA","ESPA�OLES",0,2,2
" 04","CERRO-AMATE","ITALIA","EXTRANJEROS",4,1,5
" 04","CERRO-AMATE","ITALIA","TOTAL POBLACION",4,3,7
" 04","CERRO-AMATE","JORDANIA","EXTRANJEROS",1,0,1
" 04","CERRO-AMATE","JORDANIA","TOTAL POBLACION",1,0,1
" 04","CERRO-AMATE","LITUANIA","EXTRANJEROS",0,1,1
" 04","CERRO-AMATE","LITUANIA","TOTAL POBLACION",0,1,1
" 04","CERRO-AMATE","MARRUECOS","ESPA�OLES",3,3,6
" 04","CERRO-AMATE","MARRUECOS","EXTRANJEROS",12,17,29
" 04","CERRO-AMATE","MARRUECOS","TOTAL POBLACION",15,20,35
" 04","CERRO-AMATE","NICARAGUA","EXTRANJEROS",4,14,18
" 04","CERRO-AMATE","NICARAGUA","TOTAL POBLACION",4,14,18
" 04","CERRO-AMATE","NIGERIA","EXTRANJEROS",4,5,9
" 04","CERRO-AMATE","NIGERIA","TOTAL POBLACION",4,5,9
" 04","CERRO-AMATE","PAISES BAJOS","EXTRANJEROS",1,0,1
" 04","CERRO-AMATE","PAISES BAJOS","TOTAL POBLACION",1,0,1
" 04","CERRO-AMATE","PAKISTAN","EXTRANJEROS",2,0,2
" 04","CERRO-AMATE","PAKISTAN","TOTAL POBLACION",2,0,2
" 04","CERRO-AMATE","PARAGUAY","EXTRANJEROS",5,6,11
" 04","CERRO-AMATE","PARAGUAY","TOTAL POBLACION",5,6,11
" 04","CERRO-AMATE","PERU","ESPA�OLES",0,1,1
" 04","CERRO-AMATE","PERU","EXTRANJEROS",6,6,12
" 04","CERRO-AMATE","PERU","TOTAL POBLACION",6,7,13
" 04","CERRO-AMATE","POLONIA","EXTRANJEROS",2,1,3
" 04","CERRO-AMATE","POLONIA","TOTAL POBLACION",2,1,3
" 04","CERRO-AMATE","PORTUGAL","EXTRANJEROS",3,0,3
" 04","CERRO-AMATE","PORTUGAL","TOTAL POBLACION",3,0,3
" 04","CERRO-AMATE","REINO UNIDO","ESPA�OLES",2,1,3
" 04","CERRO-AMATE","REINO UNIDO","TOTAL POBLACION",2,1,3
" 04","CERRO-AMATE","REPUBLICA DOMINICANA","EXTRANJEROS",7,4,11
" 04","CERRO-AMATE","REPUBLICA DOMINICANA","TOTAL POBLACION",7,4,11
" 04","CERRO-AMATE","RUMANIA","EXTRANJEROS",31,24,55
" 04","CERRO-AMATE","RUMANIA","TOTAL POBLACION",31,24,55
" 04","CERRO-AMATE","RUSIA","EXTRANJEROS",5,6,11
" 04","CERRO-AMATE","RUSIA","TOTAL POBLACION",5,6,11
" 04","CERRO-AMATE","SENEGAL","EXTRANJEROS",5,0,5
" 04","CERRO-AMATE","SENEGAL","TOTAL POBLACION",5,0,5
" 04","CERRO-AMATE","SUIZA","ESPA�OLES",1,1,2
" 04","CERRO-AMATE","SUIZA","TOTAL POBLACION",1,1,2
" 04","CERRO-AMATE","UCRANIA","EXTRANJEROS",1,1,2
" 04","CERRO-AMATE","UCRANIA","TOTAL POBLACION",1,1,2
" 04","CERRO-AMATE","VENEZUELA","EXTRANJEROS",0,6,6
" 04","CERRO-AMATE","VENEZUELA","TOTAL POBLACION",0,6,6
" 05","SUR","- TODOS -","ESPA�OLES",689,644,1333
" 05","SUR","- TODOS -","EXTRANJEROS",188,238,426
" 05","SUR","- TODOS -","TOTAL POBLACION",877,882,1759
" 05","SUR","ALEMANIA","ESPA�OLES",1,3,4
" 05","SUR","ALEMANIA","EXTRANJEROS",1,3,4
" 05","SUR","ALEMANIA","TOTAL POBLACION",2,6,8
" 05","SUR","ARGELIA","EXTRANJEROS",1,0,1
" 05","SUR","ARGELIA","TOTAL POBLACION",1,0,1
" 05","SUR","ARGENTINA","ESPA�OLES",1,0,1
" 05","SUR","ARGENTINA","EXTRANJEROS",3,1,4
" 05","SUR","ARGENTINA","TOTAL POBLACION",4,1,5
" 05","SUR","AUSTRIA","EXTRANJEROS",1,0,1
" 05","SUR","AUSTRIA","TOTAL POBLACION",1,0,1
" 05","SUR","BELGICA","ESPA�OLES",2,0,2
" 05","SUR","BELGICA","TOTAL POBLACION",2,0,2
" 05","SUR","BOLIVIA","EXTRANJEROS",1,1,2
" 05","SUR","BOLIVIA","TOTAL POBLACION",1,1,2
" 05","SUR","BRASIL","ESPA�OLES",0,1,1
" 05","SUR","BRASIL","EXTRANJEROS",6,5,11
" 05","SUR","BRASIL","TOTAL POBLACION",6,6,12
" 05","SUR","BULGARIA","EXTRANJEROS",1,1,2
" 05","SUR","BULGARIA","TOTAL POBLACION",1,1,2
" 05","SUR","CHILE","ESPA�OLES",2,2,4
" 05","SUR","CHILE","EXTRANJEROS",1,0,1
" 05","SUR","CHILE","TOTAL POBLACION",3,2,5
" 05","SUR","CHINA","ESPA�OLES",0,1,1
" 05","SUR","CHINA","EXTRANJEROS",12,11,23
" 05","SUR","CHINA","TOTAL POBLACION",12,12,24
" 05","SUR","COLOMBIA","EXTRANJEROS",2,2,4
" 05","SUR","COLOMBIA","TOTAL POBLACION",2,2,4
" 05","SUR","CUBA","EXTRANJEROS",1,0,1
" 05","SUR","CUBA","TOTAL POBLACION",1,0,1
" 05","SUR","DINAMARCA","EXTRANJEROS",1,0,1
" 05","SUR","DINAMARCA","TOTAL POBLACION",1,0,1
" 05","SUR","ECUADOR","ESPA�OLES",2,2,4
" 05","SUR","ECUADOR","EXTRANJEROS",4,2,6
" 05","SUR","ECUADOR","TOTAL POBLACION",6,4,10
" 05","SUR","EGIPTO","EXTRANJEROS",1,0,1
" 05","SUR","EGIPTO","TOTAL POBLACION",1,0,1
" 05","SUR","EL SALVADOR","EXTRANJEROS",3,4,7
" 05","SUR","EL SALVADOR","TOTAL POBLACION",3,4,7
" 05","SUR","ESPA�A","ESPA�OLES",659,623,1282
" 05","SUR","ESPA�A","EXTRANJEROS",103,133,236
" 05","SUR","ESPA�A","TOTAL POBLACION",762,756,1518
" 05","SUR","ESTADOS UNIDOS DE AMERICA","ESPA�OLES",4,3,7
" 05","SUR","ESTADOS UNIDOS DE AMERICA","EXTRANJEROS",0,3,3
" 05","SUR","ESTADOS UNIDOS DE AMERICA","TOTAL POBLACION",4,6,10
" 05","SUR","FILIPINAS","EXTRANJEROS",1,2,3
" 05","SUR","FILIPINAS","TOTAL POBLACION",1,2,3
" 05","SUR","FRANCIA","ESPA�OLES",1,1,2
" 05","SUR","FRANCIA","EXTRANJEROS",2,0,2
" 05","SUR","FRANCIA","TOTAL POBLACION",3,1,4
" 05","SUR","GEORGIA","EXTRANJEROS",0,1,1
" 05","SUR","GEORGIA","TOTAL POBLACION",0,1,1
" 05","SUR","GRECIA","ESPA�OLES",2,1,3
" 05","SUR","GRECIA","TOTAL POBLACION",2,1,3
" 05","SUR","GUINEA","EXTRANJEROS",2,0,2
" 05","SUR","GUINEA","TOTAL POBLACION",2,0,2
" 05","SUR","GUINEA ECUATORIAL","ESPA�OLES",1,1,2
" 05","SUR","GUINEA ECUATORIAL","EXTRANJEROS",1,0,1
" 05","SUR","GUINEA ECUATORIAL","TOTAL POBLACION",2,1,3
" 05","SUR","HONDURAS","ESPA�OLES",1,0,1
" 05","SUR","HONDURAS","EXTRANJEROS",0,4,4
" 05","SUR","HONDURAS","TOTAL POBLACION",1,4,5
" 05","SUR","ITALIA","ESPA�OLES",0,1,1
" 05","SUR","ITALIA","EXTRANJEROS",5,2,7
" 05","SUR","ITALIA","TOTAL POBLACION",5,3,8
" 05","SUR","KENIA","ESPA�OLES",2,1,3
" 05","SUR","KENIA","TOTAL POBLACION",2,1,3
" 05","SUR","MARRUECOS","EXTRANJEROS",15,6,21
" 05","SUR","MARRUECOS","TOTAL POBLACION",15,6,21
" 05","SUR","MEXICO","ESPA�OLES",4,2,6
" 05","SUR","MEXICO","EXTRANJEROS",1,2,3
" 05","SUR","MEXICO","TOTAL POBLACION",5,4,9
" 05","SUR","NICARAGUA","EXTRANJEROS",4,23,27
" 05","SUR","NICARAGUA","TOTAL POBLACION",4,23,27
" 05","SUR","NIGERIA","EXTRANJEROS",3,3,6
" 05","SUR","NIGERIA","TOTAL POBLACION",3,3,6
" 05","SUR","PAISES BAJOS","EXTRANJEROS",1,0,1
" 05","SUR","PAISES BAJOS","TOTAL POBLACION",1,0,1
" 05","SUR","PAKISTAN","EXTRANJEROS",1,0,1
" 05","SUR","PAKISTAN","TOTAL POBLACION",1,0,1
" 05","SUR","PARAGUAY","EXTRANJEROS",1,3,4
" 05","SUR","PARAGUAY","TOTAL POBLACION",1,3,4
" 05","SUR","PERU","ESPA�OLES",1,0,1
" 05","SUR","PERU","EXTRANJEROS",1,4,5
" 05","SUR","PERU","TOTAL POBLACION",2,4,6
" 05","SUR","POLONIA","EXTRANJEROS",0,1,1
" 05","SUR","POLONIA","TOTAL POBLACION",0,1,1
" 05","SUR","PORTUGAL","ESPA�OLES",3,0,3
" 05","SUR","PORTUGAL","EXTRANJEROS",3,2,5
" 05","SUR","PORTUGAL","TOTAL POBLACION",6,2,8
" 05","SUR","REINO UNIDO","ESPA�OLES",3,2,5
" 05","SUR","REINO UNIDO","EXTRANJEROS",0,4,4
" 05","SUR","REINO UNIDO","TOTAL POBLACION",3,6,9
" 05","SUR","REPUBLICA DOMINICANA","EXTRANJEROS",0,1,1
" 05","SUR","REPUBLICA DOMINICANA","TOTAL POBLACION",0,1,1
" 05","SUR","RUMANIA","EXTRANJEROS",2,1,3
" 05","SUR","RUMANIA","TOTAL POBLACION",2,1,3
" 05","SUR","RUSIA","EXTRANJEROS",0,8,8
" 05","SUR","RUSIA","TOTAL POBLACION",0,8,8
" 05","SUR","SENEGAL","EXTRANJEROS",1,3,4
" 05","SUR","SENEGAL","TOTAL POBLACION",1,3,4
" 05","SUR","UCRANIA","EXTRANJEROS",0,1,1
" 05","SUR","UCRANIA","TOTAL POBLACION",0,1,1
" 05","SUR","UZBEKISTAN","EXTRANJEROS",0,1,1
" 05","SUR","UZBEKISTAN","TOTAL POBLACION",0,1,1
" 05","SUR","VENEZUELA","EXTRANJEROS",1,0,1
" 05","SUR","VENEZUELA","TOTAL POBLACION",1,0,1
" 05","SUR","VIET-NAM","EXTRANJEROS",1,0,1
" 05","SUR","VIET-NAM","TOTAL POBLACION",1,0,1
" 06","TRIANA","- TODOS -","ESPA�OLES",500,543,1043
" 06","TRIANA","- TODOS -","EXTRANJEROS",131,206,337
" 06","TRIANA","- TODOS -","TOTAL POBLACION",631,749,1380
" 06","TRIANA","ALEMANIA","ESPA�OLES",1,0,1
" 06","TRIANA","ALEMANIA","EXTRANJEROS",0,2,2
" 06","TRIANA","ALEMANIA","TOTAL POBLACION",1,2,3
" 06","TRIANA","ARGELIA","EXTRANJEROS",1,3,4
" 06","TRIANA","ARGELIA","TOTAL POBLACION",1,3,4
" 06","TRIANA","ARGENTINA","ESPA�OLES",0,2,2
" 06","TRIANA","ARGENTINA","EXTRANJEROS",3,0,3
" 06","TRIANA","ARGENTINA","TOTAL POBLACION",3,2,5
" 06","TRIANA","BELGICA","ESPA�OLES",0,1,1
" 06","TRIANA","BELGICA","TOTAL POBLACION",0,1,1
" 06","TRIANA","BOLIVIA","ESPA�OLES",0,1,1
" 06","TRIANA","BOLIVIA","EXTRANJEROS",3,4,7
" 06","TRIANA","BOLIVIA","TOTAL POBLACION",3,5,8
" 06","TRIANA","BRASIL","EXTRANJEROS",0,1,1
" 06","TRIANA","BRASIL","TOTAL POBLACION",0,1,1
" 06","TRIANA","BULGARIA","EXTRANJEROS",0,1,1
" 06","TRIANA","BULGARIA","TOTAL POBLACION",0,1,1
" 06","TRIANA","CHILE","ESPA�OLES",1,0,1
" 06","TRIANA","CHILE","EXTRANJEROS",1,0,1
" 06","TRIANA","CHILE","TOTAL POBLACION",2,0,2
" 06","TRIANA","CHINA","EXTRANJEROS",2,3,5
" 06","TRIANA","CHINA","TOTAL POBLACION",2,3,5
" 06","TRIANA","COLOMBIA","EXTRANJEROS",1,3,4
" 06","TRIANA","COLOMBIA","TOTAL POBLACION",1,3,4
" 06","TRIANA","CROACIA","EXTRANJEROS",1,1,2
" 06","TRIANA","CROACIA","TOTAL POBLACION",1,1,2
" 06","TRIANA","CUBA","EXTRANJEROS",1,1,2
" 06","TRIANA","CUBA","TOTAL POBLACION",1,1,2
" 06","TRIANA","ECUADOR","EXTRANJEROS",1,0,1
" 06","TRIANA","ECUADOR","TOTAL POBLACION",1,0,1
" 06","TRIANA","EL SALVADOR","EXTRANJEROS",1,3,4
" 06","TRIANA","EL SALVADOR","TOTAL POBLACION",1,3,4
" 06","TRIANA","ESLOVAQUIA","EXTRANJEROS",1,0,1
" 06","TRIANA","ESLOVAQUIA","TOTAL POBLACION",1,0,1
" 06","TRIANA","ESPA�A","ESPA�OLES",490,536,1026
" 06","TRIANA","ESPA�A","EXTRANJEROS",69,106,175
" 06","TRIANA","ESPA�A","TOTAL POBLACION",559,642,1201
" 06","TRIANA","ESTADOS UNIDOS DE AMERICA","ESPA�OLES",1,0,1
" 06","TRIANA","ESTADOS UNIDOS DE AMERICA","EXTRANJEROS",6,15,21
" 06","TRIANA","ESTADOS UNIDOS DE AMERICA","TOTAL POBLACION",7,15,22
" 06","TRIANA","FILIPINAS","EXTRANJEROS",1,0,1
" 06","TRIANA","FILIPINAS","TOTAL POBLACION",1,0,1
" 06","TRIANA","FINLANDIA","EXTRANJEROS",0,1,1
" 06","TRIANA","FINLANDIA","TOTAL POBLACION",0,1,1
" 06","TRIANA","FRANCIA","ESPA�OLES",1,2,3
" 06","TRIANA","FRANCIA","EXTRANJEROS",2,6,8
" 06","TRIANA","FRANCIA","TOTAL POBLACION",3,8,11
" 06","TRIANA","GAMBIA","EXTRANJEROS",1,0,1
" 06","TRIANA","GAMBIA","TOTAL POBLACION",1,0,1
" 06","TRIANA","GEORGIA","EXTRANJEROS",2,0,2
" 06","TRIANA","GEORGIA","TOTAL POBLACION",2,0,2
" 06","TRIANA","GRECIA","EXTRANJEROS",2,1,3
" 06","TRIANA","GRECIA","TOTAL POBLACION",2,1,3
" 06","TRIANA","GUATEMALA","EXTRANJEROS",1,1,2
" 06","TRIANA","GUATEMALA","TOTAL POBLACION",1,1,2
" 06","TRIANA","HONDURAS","EXTRANJEROS",1,3,4
" 06","TRIANA","HONDURAS","TOTAL POBLACION",1,3,4
" 06","TRIANA","INDIA","ESPA�OLES",1,1,2
" 06","TRIANA","INDIA","EXTRANJEROS",0,2,2
" 06","TRIANA","INDIA","TOTAL POBLACION",1,3,4
" 06","TRIANA","INDONESIA","EXTRANJEROS",1,3,4
" 06","TRIANA","INDONESIA","TOTAL POBLACION",1,3,4
" 06","TRIANA","IRLANDA","EXTRANJEROS",1,0,1
" 06","TRIANA","IRLANDA","TOTAL POBLACION",1,0,1
" 06","TRIANA","ISRAEL","EXTRANJEROS",0,1,1
" 06","TRIANA","ISRAEL","TOTAL POBLACION",0,1,1
" 06","TRIANA","ITALIA","EXTRANJEROS",7,5,12
" 06","TRIANA","ITALIA","TOTAL POBLACION",7,5,12
" 06","TRIANA","KENIA","ESPA�OLES",1,0,1
" 06","TRIANA","KENIA","TOTAL POBLACION",1,0,1
" 06","TRIANA","MARRUECOS","EXTRANJEROS",4,2,6
" 06","TRIANA","MARRUECOS","TOTAL POBLACION",4,2,6
" 06","TRIANA","MEXICO","EXTRANJEROS",0,2,2
" 06","TRIANA","MEXICO","TOTAL POBLACION",0,2,2
" 06","TRIANA","NICARAGUA","EXTRANJEROS",1,7,8
" 06","TRIANA","NICARAGUA","TOTAL POBLACION",1,7,8
" 06","TRIANA","PAISES BAJOS","EXTRANJEROS",0,1,1
" 06","TRIANA","PAISES BAJOS","TOTAL POBLACION",0,1,1
" 06","TRIANA","PARAGUAY","EXTRANJEROS",0,2,2
" 06","TRIANA","PARAGUAY","TOTAL POBLACION",0,2,2
" 06","TRIANA","PERU","EXTRANJEROS",1,2,3
" 06","TRIANA","PERU","TOTAL POBLACION",1,2,3
" 06","TRIANA","PORTUGAL","EXTRANJEROS",0,1,1
" 06","TRIANA","PORTUGAL","TOTAL POBLACION",0,1,1
" 06","TRIANA","REINO UNIDO","ESPA�OLES",2,0,2
" 06","TRIANA","REINO UNIDO","EXTRANJEROS",2,2,4
" 06","TRIANA","REINO UNIDO","TOTAL POBLACION",4,2,6
" 06","TRIANA","REPUBLICA CHECA","EXTRANJEROS",0,1,1
" 06","TRIANA","REPUBLICA CHECA","TOTAL POBLACION",0,1,1
" 06","TRIANA","REPUBLICA DOMINICANA","ESPA�OLES",2,0,2
" 06","TRIANA","REPUBLICA DOMINICANA","EXTRANJEROS",1,2,3
" 06","TRIANA","REPUBLICA DOMINICANA","TOTAL POBLACION",3,2,5
" 06","TRIANA","RUMANIA","EXTRANJEROS",4,6,10
" 06","TRIANA","RUMANIA","TOTAL POBLACION",4,6,10
" 06","TRIANA","RUSIA","EXTRANJEROS",1,4,5
" 06","TRIANA","RUSIA","TOTAL POBLACION",1,4,5
" 06","TRIANA","SAN MARINO","EXTRANJEROS",0,1,1
" 06","TRIANA","SAN MARINO","TOTAL POBLACION",0,1,1
" 06","TRIANA","TURQUIA","EXTRANJEROS",1,0,1
" 06","TRIANA","TURQUIA","TOTAL POBLACION",1,0,1
" 06","TRIANA","UCRANIA","EXTRANJEROS",2,3,5
" 06","TRIANA","UCRANIA","TOTAL POBLACION",2,3,5
" 06","TRIANA","URUGUAY","EXTRANJEROS",0,1,1
" 06","TRIANA","URUGUAY","TOTAL POBLACION",0,1,1
" 06","TRIANA","VENEZUELA","EXTRANJEROS",4,2,6
" 06","TRIANA","VENEZUELA","TOTAL POBLACION",4,2,6
" 06","TRIANA","ZIMBABWE","EXTRANJEROS",0,1,1
" 06","TRIANA","ZIMBABWE","TOTAL POBLACION",0,1,1
" 07","NORTE","- TODOS -","ESPA�OLES",468,523,991
" 07","NORTE","- TODOS -","EXTRANJEROS",144,125,269
" 07","NORTE","- TODOS -","TOTAL POBLACION",612,648,1260
" 07","NORTE","ALEMANIA","EXTRANJEROS",0,3,3
" 07","NORTE","ALEMANIA","TOTAL POBLACION",0,3,3
" 07","NORTE","ARABIA SAUDITA","ESPA�OLES",1,0,1
" 07","NORTE","ARABIA SAUDITA","TOTAL POBLACION",1,0,1
" 07","NORTE","ARGELIA","EXTRANJEROS",1,1,2
" 07","NORTE","ARGELIA","TOTAL POBLACION",1,1,2
" 07","NORTE","ARGENTINA","ESPA�OLES",0,1,1
" 07","NORTE","ARGENTINA","EXTRANJEROS",1,3,4
" 07","NORTE","ARGENTINA","TOTAL POBLACION",1,4,5
" 07","NORTE","BANGLA-DESH","EXTRANJEROS",1,0,1
" 07","NORTE","BANGLA-DESH","TOTAL POBLACION",1,0,1
" 07","NORTE","BOLIVIA","ESPA�OLES",0,1,1
" 07","NORTE","BOLIVIA","EXTRANJEROS",0,1,1
" 07","NORTE","BOLIVIA","TOTAL POBLACION",0,2,2
" 07","NORTE","BRASIL","EXTRANJEROS",0,1,1
" 07","NORTE","BRASIL","TOTAL POBLACION",0,1,1
" 07","NORTE","CAMERUN","EXTRANJEROS",1,0,1
" 07","NORTE","CAMERUN","TOTAL POBLACION",1,0,1
" 07","NORTE","CHINA","EXTRANJEROS",0,1,1
" 07","NORTE","CHINA","TOTAL POBLACION",0,1,1
" 07","NORTE","COLOMBIA","EXTRANJEROS",1,2,3
" 07","NORTE","COLOMBIA","TOTAL POBLACION",1,2,3
" 07","NORTE","COSTA DE MARFIL","EXTRANJEROS",1,0,1
" 07","NORTE","COSTA DE MARFIL","TOTAL POBLACION",1,0,1
" 07","NORTE","CUBA","ESPA�OLES",2,0,2
" 07","NORTE","CUBA","EXTRANJEROS",2,1,3
" 07","NORTE","CUBA","TOTAL POBLACION",4,1,5
" 07","NORTE","ECUADOR","ESPA�OLES",1,1,2
" 07","NORTE","ECUADOR","EXTRANJEROS",1,0,1
" 07","NORTE","ECUADOR","TOTAL POBLACION",2,1,3
" 07","NORTE","EGIPTO","ESPA�OLES",3,1,4
" 07","NORTE","EGIPTO","TOTAL POBLACION",3,1,4
" 07","NORTE","ESPA�A","ESPA�OLES",458,513,971
" 07","NORTE","ESPA�A","EXTRANJEROS",87,70,157
" 07","NORTE","ESPA�A","TOTAL POBLACION",545,583,1128
" 07","NORTE","ESTADOS UNIDOS DE AMERICA","ESPA�OLES",0,1,1
" 07","NORTE","ESTADOS UNIDOS DE AMERICA","EXTRANJEROS",0,1,1
" 07","NORTE","ESTADOS UNIDOS DE AMERICA","TOTAL POBLACION",0,2,2
" 07","NORTE","FRANCIA","EXTRANJEROS",2,1,3
" 07","NORTE","FRANCIA","TOTAL POBLACION",2,1,3
" 07","NORTE","GHANA","EXTRANJEROS",1,0,1
" 07","NORTE","GHANA","TOTAL POBLACION",1,0,1
" 07","NORTE","HONDURAS","EXTRANJEROS",2,2,4
" 07","NORTE","HONDURAS","TOTAL POBLACION",2,2,4
" 07","NORTE","IRAN","EXTRANJEROS",1,0,1
" 07","NORTE","IRAN","TOTAL POBLACION",1,0,1
" 07","NORTE","ITALIA","EXTRANJEROS",2,0,2
" 07","NORTE","ITALIA","TOTAL POBLACION",2,0,2
" 07","NORTE","JORDANIA","EXTRANJEROS",2,0,2
" 07","NORTE","JORDANIA","TOTAL POBLACION",2,0,2
" 07","NORTE","KENIA","ESPA�OLES",0,1,1
" 07","NORTE","KENIA","TOTAL POBLACION",0,1,1
" 07","NORTE","MACEDONIA","EXTRANJEROS",0,1,1
" 07","NORTE","MACEDONIA","TOTAL POBLACION",0,1,1
" 07","NORTE","MALI","EXTRANJEROS",1,0,1
" 07","NORTE","MALI","TOTAL POBLACION",1,0,1
" 07","NORTE","MARRUECOS","ESPA�OLES",1,3,4
" 07","NORTE","MARRUECOS","EXTRANJEROS",4,3,7
" 07","NORTE","MARRUECOS","TOTAL POBLACION",5,6,11
" 07","NORTE","MAURITANIA","EXTRANJEROS",0,1,1
" 07","NORTE","MAURITANIA","TOTAL POBLACION",0,1,1
" 07","NORTE","MEXICO","ESPA�OLES",1,0,1
" 07","NORTE","MEXICO","EXTRANJEROS",0,1,1
" 07","NORTE","MEXICO","TOTAL POBLACION",1,1,2
" 07","NORTE","NICARAGUA","EXTRANJEROS",0,1,1
" 07","NORTE","NICARAGUA","TOTAL POBLACION",0,1,1
" 07","NORTE","PARAGUAY","EXTRANJEROS",2,5,7
" 07","NORTE","PARAGUAY","TOTAL POBLACION",2,5,7
" 07","NORTE","PERU","EXTRANJEROS",0,2,2
" 07","NORTE","PERU","TOTAL POBLACION",0,2,2
" 07","NORTE","PORTUGAL","EXTRANJEROS",3,0,3
" 07","NORTE","PORTUGAL","TOTAL POBLACION",3,0,3
" 07","NORTE","REINO UNIDO","ESPA�OLES",1,1,2
" 07","NORTE","REINO UNIDO","EXTRANJEROS",1,0,1
" 07","NORTE","REINO UNIDO","TOTAL POBLACION",2,1,3
" 07","NORTE","REPUBLICA DE COREA","EXTRANJEROS",1,2,3
" 07","NORTE","REPUBLICA DE COREA","TOTAL POBLACION",1,2,3
" 07","NORTE","REPUBLICA DOMINICANA","EXTRANJEROS",4,1,5
" 07","NORTE","REPUBLICA DOMINICANA","TOTAL POBLACION",4,1,5
" 07","NORTE","RUMANIA","EXTRANJEROS",9,10,19
" 07","NORTE","RUMANIA","TOTAL POBLACION",9,10,19
" 07","NORTE","RUSIA","EXTRANJEROS",0,2,2
" 07","NORTE","RUSIA","TOTAL POBLACION",0,2,2
" 07","NORTE","SENEGAL","EXTRANJEROS",11,5,16
" 07","NORTE","SENEGAL","TOTAL POBLACION",11,5,16
" 07","NORTE","SIERRA LEONA","EXTRANJEROS",1,0,1
" 07","NORTE","SIERRA LEONA","TOTAL POBLACION",1,0,1
" 07","NORTE","SUIZA","EXTRANJEROS",0,1,1
" 07","NORTE","SUIZA","TOTAL POBLACION",0,1,1
" 07","NORTE","VENEZUELA","EXTRANJEROS",1,3,4
" 07","NORTE","VENEZUELA","TOTAL POBLACION",1,3,4
" 08","S. PABLO-STA. JUSTA","- TODOS -","ESPA�OLES",468,473,941
" 08","S. PABLO-STA. JUSTA","- TODOS -","EXTRANJEROS",109,140,249
" 08","S. PABLO-STA. JUSTA","- TODOS -","TOTAL POBLACION",577,613,1190
" 08","S. PABLO-STA. JUSTA","ALBANIA","EXTRANJEROS",0,1,1
" 08","S. PABLO-STA. JUSTA","ALBANIA","TOTAL POBLACION",0,1,1
" 08","S. PABLO-STA. JUSTA","ALEMANIA","ESPA�OLES",1,0,1
" 08","S. PABLO-STA. JUSTA","ALEMANIA","EXTRANJEROS",2,2,4
" 08","S. PABLO-STA. JUSTA","ALEMANIA","TOTAL POBLACION",3,2,5
" 08","S. PABLO-STA. JUSTA","ARGELIA","EXTRANJEROS",1,0,1
" 08","S. PABLO-STA. JUSTA","ARGELIA","TOTAL POBLACION",1,0,1
" 08","S. PABLO-STA. JUSTA","ARGENTINA","ESPA�OLES",2,1,3
" 08","S. PABLO-STA. JUSTA","ARGENTINA","EXTRANJEROS",0,1,1
" 08","S. PABLO-STA. JUSTA","ARGENTINA","TOTAL POBLACION",2,2,4
" 08","S. PABLO-STA. JUSTA","ARMENIA","EXTRANJEROS",1,0,1
" 08","S. PABLO-STA. JUSTA","ARMENIA","TOTAL POBLACION",1,0,1
" 08","S. PABLO-STA. JUSTA","AUSTRIA","EXTRANJEROS",0,1,1
" 08","S. PABLO-STA. JUSTA","AUSTRIA","TOTAL POBLACION",0,1,1
" 08","S. PABLO-STA. JUSTA","BIELORUSIA","EXTRANJEROS",0,1,1
" 08","S. PABLO-STA. JUSTA","BIELORUSIA","TOTAL POBLACION",0,1,1
" 08","S. PABLO-STA. JUSTA","BOLIVIA","EXTRANJEROS",0,5,5
" 08","S. PABLO-STA. JUSTA","BOLIVIA","TOTAL POBLACION",0,5,5
" 08","S. PABLO-STA. JUSTA","BRASIL","ESPA�OLES",1,0,1
" 08","S. PABLO-STA. JUSTA","BRASIL","EXTRANJEROS",1,7,8
" 08","S. PABLO-STA. JUSTA","BRASIL","TOTAL POBLACION",2,7,9
" 08","S. PABLO-STA. JUSTA","BULGARIA","EXTRANJEROS",1,0,1
" 08","S. PABLO-STA. JUSTA","BULGARIA","TOTAL POBLACION",1,0,1
" 08","S. PABLO-STA. JUSTA","BURKINA FASSO","EXTRANJEROS",1,0,1
" 08","S. PABLO-STA. JUSTA","BURKINA FASSO","TOTAL POBLACION",1,0,1
" 08","S. PABLO-STA. JUSTA","CHINA","ESPA�OLES",0,1,1
" 08","S. PABLO-STA. JUSTA","CHINA","EXTRANJEROS",2,4,6
" 08","S. PABLO-STA. JUSTA","CHINA","TOTAL POBLACION",2,5,7
" 08","S. PABLO-STA. JUSTA","COLOMBIA","EXTRANJEROS",0,4,4
" 08","S. PABLO-STA. JUSTA","COLOMBIA","TOTAL POBLACION",0,4,4
" 08","S. PABLO-STA. JUSTA","COSTA RICA","EXTRANJEROS",0,1,1
" 08","S. PABLO-STA. JUSTA","COSTA RICA","TOTAL POBLACION",0,1,1
" 08","S. PABLO-STA. JUSTA","CUBA","ESPA�OLES",2,4,6
" 08","S. PABLO-STA. JUSTA","CUBA","EXTRANJEROS",2,5,7
" 08","S. PABLO-STA. JUSTA","CUBA","TOTAL POBLACION",4,9,13
" 08","S. PABLO-STA. JUSTA","ECUADOR","EXTRANJEROS",0,1,1
" 08","S. PABLO-STA. JUSTA","ECUADOR","TOTAL POBLACION",0,1,1
" 08","S. PABLO-STA. JUSTA","EGIPTO","ESPA�OLES",0,1,1
" 08","S. PABLO-STA. JUSTA","EGIPTO","EXTRANJEROS",0,1,1
" 08","S. PABLO-STA. JUSTA","EGIPTO","TOTAL POBLACION",0,2,2
" 08","S. PABLO-STA. JUSTA","EL SALVADOR","EXTRANJEROS",0,1,1
" 08","S. PABLO-STA. JUSTA","EL SALVADOR","TOTAL POBLACION",0,1,1
" 08","S. PABLO-STA. JUSTA","ESLOVAQUIA","EXTRANJEROS",0,1,1
" 08","S. PABLO-STA. JUSTA","ESLOVAQUIA","TOTAL POBLACION",0,1,1
" 08","S. PABLO-STA. JUSTA","ESPA�A","ESPA�OLES",451,462,913
" 08","S. PABLO-STA. JUSTA","ESPA�A","EXTRANJEROS",57,64,121
" 08","S. PABLO-STA. JUSTA","ESPA�A","TOTAL POBLACION",508,526,1034
" 08","S. PABLO-STA. JUSTA","ESTADOS UNIDOS DE AMERICA","ESPA�OLES",1,0,1
" 08","S. PABLO-STA. JUSTA","ESTADOS UNIDOS DE AMERICA","EXTRANJEROS",3,3,6
" 08","S. PABLO-STA. JUSTA","ESTADOS UNIDOS DE AMERICA","TOTAL POBLACION",4,3,7
" 08","S. PABLO-STA. JUSTA","FILIPINAS","EXTRANJEROS",0,1,1
" 08","S. PABLO-STA. JUSTA","FILIPINAS","TOTAL POBLACION",0,1,1
" 08","S. PABLO-STA. JUSTA","GEORGIA","EXTRANJEROS",2,0,2
" 08","S. PABLO-STA. JUSTA","GEORGIA","TOTAL POBLACION",2,0,2
" 08","S. PABLO-STA. JUSTA","HONDURAS","EXTRANJEROS",1,1,2
" 08","S. PABLO-STA. JUSTA","HONDURAS","TOTAL POBLACION",1,1,2
" 08","S. PABLO-STA. JUSTA","INDIA","ESPA�OLES",0,1,1
" 08","S. PABLO-STA. JUSTA","INDIA","TOTAL POBLACION",0,1,1
" 08","S. PABLO-STA. JUSTA","IRLANDA","ESPA�OLES",2,0,2
" 08","S. PABLO-STA. JUSTA","IRLANDA","TOTAL POBLACION",2,0,2
" 08","S. PABLO-STA. JUSTA","ITALIA","EXTRANJEROS",0,1,1
" 08","S. PABLO-STA. JUSTA","ITALIA","TOTAL POBLACION",0,1,1
" 08","S. PABLO-STA. JUSTA","JORDANIA","ESPA�OLES",1,0,1
" 08","S. PABLO-STA. JUSTA","JORDANIA","TOTAL POBLACION",1,0,1
" 08","S. PABLO-STA. JUSTA","MALI","EXTRANJEROS",2,1,3
" 08","S. PABLO-STA. JUSTA","MALI","TOTAL POBLACION",2,1,3
" 08","S. PABLO-STA. JUSTA","MARRUECOS","EXTRANJEROS",5,4,9
" 08","S. PABLO-STA. JUSTA","MARRUECOS","TOTAL POBLACION",5,4,9
" 08","S. PABLO-STA. JUSTA","MEXICO","EXTRANJEROS",1,1,2
" 08","S. PABLO-STA. JUSTA","MEXICO","TOTAL POBLACION",1,1,2
" 08","S. PABLO-STA. JUSTA","NICARAGUA","EXTRANJEROS",4,9,13
" 08","S. PABLO-STA. JUSTA","NICARAGUA","TOTAL POBLACION",4,9,13
" 08","S. PABLO-STA. JUSTA","NIGERIA","EXTRANJEROS",3,0,3
" 08","S. PABLO-STA. JUSTA","NIGERIA","TOTAL POBLACION",3,0,3
" 08","S. PABLO-STA. JUSTA","PAISES BAJOS","EXTRANJEROS",0,1,1
" 08","S. PABLO-STA. JUSTA","PAISES BAJOS","TOTAL POBLACION",0,1,1
" 08","S. PABLO-STA. JUSTA","PAKISTAN","EXTRANJEROS",1,0,1
" 08","S. PABLO-STA. JUSTA","PAKISTAN","TOTAL POBLACION",1,0,1
" 08","S. PABLO-STA. JUSTA","PARAGUAY","EXTRANJEROS",4,3,7
" 08","S. PABLO-STA. JUSTA","PARAGUAY","TOTAL POBLACION",4,3,7
" 08","S. PABLO-STA. JUSTA","PERU","EXTRANJEROS",3,1,4
" 08","S. PABLO-STA. JUSTA","PERU","TOTAL POBLACION",3,1,4
" 08","S. PABLO-STA. JUSTA","POLONIA","EXTRANJEROS",0,2,2
" 08","S. PABLO-STA. JUSTA","POLONIA","TOTAL POBLACION",0,2,2
" 08","S. PABLO-STA. JUSTA","PORTUGAL","EXTRANJEROS",0,1,1
" 08","S. PABLO-STA. JUSTA","PORTUGAL","TOTAL POBLACION",0,1,1
" 08","S. PABLO-STA. JUSTA","PRINCIPADO DE ANDORRA","ESPA�OLES",2,2,4
" 08","S. PABLO-STA. JUSTA","PRINCIPADO DE ANDORRA","TOTAL POBLACION",2,2,4
" 08","S. PABLO-STA. JUSTA","REINO UNIDO","ESPA�OLES",4,0,4
" 08","S. PABLO-STA. JUSTA","REINO UNIDO","EXTRANJEROS",2,2,4
" 08","S. PABLO-STA. JUSTA","REINO UNIDO","TOTAL POBLACION",6,2,8
" 08","S. PABLO-STA. JUSTA","REPUBLICA DOMINICANA","EXTRANJEROS",2,0,2
" 08","S. PABLO-STA. JUSTA","REPUBLICA DOMINICANA","TOTAL POBLACION",2,0,2
" 08","S. PABLO-STA. JUSTA","RUMANIA","EXTRANJEROS",1,3,4
" 08","S. PABLO-STA. JUSTA","RUMANIA","TOTAL POBLACION",1,3,4
" 08","S. PABLO-STA. JUSTA","RUSIA","EXTRANJEROS",1,4,5
" 08","S. PABLO-STA. JUSTA","RUSIA","TOTAL POBLACION",1,4,5
" 08","S. PABLO-STA. JUSTA","SENEGAL","EXTRANJEROS",3,0,3
" 08","S. PABLO-STA. JUSTA","SENEGAL","TOTAL POBLACION",3,0,3
" 08","S. PABLO-STA. JUSTA","SUECIA","ESPA�OLES",0,1,1
" 08","S. PABLO-STA. JUSTA","SUECIA","TOTAL POBLACION",0,1,1
" 08","S. PABLO-STA. JUSTA","TUNEZ","EXTRANJEROS",0,1,1
" 08","S. PABLO-STA. JUSTA","TUNEZ","TOTAL POBLACION",0,1,1
" 08","S. PABLO-STA. JUSTA","UCRANIA","EXTRANJEROS",2,1,3
" 08","S. PABLO-STA. JUSTA","UCRANIA","TOTAL POBLACION",2,1,3
" 08","S. PABLO-STA. JUSTA","VENEZUELA","ESPA�OLES",1,0,1
" 08","S. PABLO-STA. JUSTA","VENEZUELA","EXTRANJEROS",1,0,1
" 08","S. PABLO-STA. JUSTA","VENEZUELA","TOTAL POBLACION",2,0,2
" 09","ESTE","- TODOS -","ESPA�OLES",807,826,1633
" 09","ESTE","- TODOS -","EXTRANJEROS",348,230,578
" 09","ESTE","- TODOS -","TOTAL POBLACION",1155,1056,2211
" 09","ESTE","AFGANISTAN","EXTRANJEROS",2,0,2
" 09","ESTE","AFGANISTAN","TOTAL POBLACION",2,0,2
" 09","ESTE","ALEMANIA","EXTRANJEROS",1,0,1
" 09","ESTE","ALEMANIA","TOTAL POBLACION",1,0,1
" 09","ESTE","ARGELIA","EXTRANJEROS",4,2,6
" 09","ESTE","ARGELIA","TOTAL POBLACION",4,2,6
" 09","ESTE","ARGENTINA","EXTRANJEROS",1,1,2
" 09","ESTE","ARGENTINA","TOTAL POBLACION",1,1,2
" 09","ESTE","ARMENIA","EXTRANJEROS",3,1,4
" 09","ESTE","ARMENIA","TOTAL POBLACION",3,1,4
" 09","ESTE","BELGICA","EXTRANJEROS",1,1,2
" 09","ESTE","BELGICA","TOTAL POBLACION",1,1,2
" 09","ESTE","BIELORUSIA","EXTRANJEROS",0,1,1
" 09","ESTE","BIELORUSIA","TOTAL POBLACION",0,1,1
" 09","ESTE","BRASIL","EXTRANJEROS",3,3,6
" 09","ESTE","BRASIL","TOTAL POBLACION",3,3,6
" 09","ESTE","BURKINA FASSO","EXTRANJEROS",3,0,3
" 09","ESTE","BURKINA FASSO","TOTAL POBLACION",3,0,3
" 09","ESTE","CAMERUN","EXTRANJEROS",7,0,7
" 09","ESTE","CAMERUN","TOTAL POBLACION",7,0,7
" 09","ESTE","CHILE","EXTRANJEROS",1,1,2
" 09","ESTE","CHILE","TOTAL POBLACION",1,1,2
" 09","ESTE","CHINA","EXTRANJEROS",9,8,17
" 09","ESTE","CHINA","TOTAL POBLACION",9,8,17
" 09","ESTE","COLOMBIA","ESPA�OLES",0,1,1
" 09","ESTE","COLOMBIA","EXTRANJEROS",3,5,8
" 09","ESTE","COLOMBIA","TOTAL POBLACION",3,6,9
" 09","ESTE","CONGO","EXTRANJEROS",2,0,2
" 09","ESTE","CONGO","TOTAL POBLACION",2,0,2
" 09","ESTE","COSTA DE MARFIL","EXTRANJEROS",5,0,5
" 09","ESTE","COSTA DE MARFIL","TOTAL POBLACION",5,0,5
" 09","ESTE","CUBA","ESPA�OLES",1,0,1
" 09","ESTE","CUBA","EXTRANJEROS",0,1,1
" 09","ESTE","CUBA","TOTAL POBLACION",1,1,2
" 09","ESTE","ECUADOR","ESPA�OLES",1,1,2
" 09","ESTE","ECUADOR","TOTAL POBLACION",1,1,2
" 09","ESTE","ESPA�A","ESPA�OLES",801,817,1618
" 09","ESTE","ESPA�A","EXTRANJEROS",165,140,305
" 09","ESTE","ESPA�A","TOTAL POBLACION",966,957,1923
" 09","ESTE","ESTADOS UNIDOS DE AMERICA","EXTRANJEROS",0,2,2
" 09","ESTE","ESTADOS UNIDOS DE AMERICA","TOTAL POBLACION",0,2,2
" 09","ESTE","ETIOPIA","EXTRANJEROS",1,0,1
" 09","ESTE","ETIOPIA","TOTAL POBLACION",1,0,1
" 09","ESTE","FRANCIA","ESPA�OLES",0,1,1
" 09","ESTE","FRANCIA","EXTRANJEROS",1,3,4
" 09","ESTE","FRANCIA","TOTAL POBLACION",1,4,5
" 09","ESTE","GAMBIA","EXTRANJEROS",5,0,5
" 09","ESTE","GAMBIA","TOTAL POBLACION",5,0,5
" 09","ESTE","GHANA","EXTRANJEROS",3,0,3
" 09","ESTE","GHANA","TOTAL POBLACION",3,0,3
" 09","ESTE","GUINEA","EXTRANJEROS",10,1,11
" 09","ESTE","GUINEA","TOTAL POBLACION",10,1,11
" 09","ESTE","GUINEA BISSAU","EXTRANJEROS",3,0,3
" 09","ESTE","GUINEA BISSAU","TOTAL POBLACION",3,0,3
" 09","ESTE","HUNGRIA","EXTRANJEROS",0,1,1
" 09","ESTE","HUNGRIA","TOTAL POBLACION",0,1,1
" 09","ESTE","IRAK","EXTRANJEROS",1,0,1
" 09","ESTE","IRAK","TOTAL POBLACION",1,0,1
" 09","ESTE","IRAN","EXTRANJEROS",1,0,1
" 09","ESTE","IRAN","TOTAL POBLACION",1,0,1
" 09","ESTE","ISRAEL","EXTRANJEROS",1,1,2
" 09","ESTE","ISRAEL","TOTAL POBLACION",1,1,2
" 09","ESTE","ITALIA","EXTRANJEROS",5,2,7
" 09","ESTE","ITALIA","TOTAL POBLACION",5,2,7
" 09","ESTE","JORDANIA","ESPA�OLES",0,1,1
" 09","ESTE","JORDANIA","EXTRANJEROS",3,3,6
" 09","ESTE","JORDANIA","TOTAL POBLACION",3,4,7
" 09","ESTE","LIBANO","EXTRANJEROS",3,3,6
" 09","ESTE","LIBANO","TOTAL POBLACION",3,3,6
" 09","ESTE","LIBERIA","EXTRANJEROS",2,0,2
" 09","ESTE","LIBERIA","TOTAL POBLACION",2,0,2
" 09","ESTE","LIBIA","EXTRANJEROS",0,1,1
" 09","ESTE","LIBIA","TOTAL POBLACION",0,1,1
" 09","ESTE","MALI","EXTRANJEROS",29,1,30
" 09","ESTE","MALI","TOTAL POBLACION",29,1,30
" 09","ESTE","MARRUECOS","ESPA�OLES",1,0,1
" 09","ESTE","MARRUECOS","EXTRANJEROS",4,5,9
" 09","ESTE","MARRUECOS","TOTAL POBLACION",5,5,10
" 09","ESTE","MAURITANIA","ESPA�OLES",0,1,1
" 09","ESTE","MAURITANIA","TOTAL POBLACION",0,1,1
" 09","ESTE","MEXICO","EXTRANJEROS",0,10,10
" 09","ESTE","MEXICO","TOTAL POBLACION",0,10,10
" 09","ESTE","NICARAGUA","EXTRANJEROS",0,1,1
" 09","ESTE","NICARAGUA","TOTAL POBLACION",0,1,1
" 09","ESTE","NIGER","EXTRANJEROS",1,0,1
" 09","ESTE","NIGER","TOTAL POBLACION",1,0,1
" 09","ESTE","NIGERIA","EXTRANJEROS",6,3,9
" 09","ESTE","NIGERIA","TOTAL POBLACION",6,3,9
" 09","ESTE","OTROS PAISES SIN RELACION DIPLOMATICA","EXTRANJEROS",9,2,11
" 09","ESTE","OTROS PAISES SIN RELACION DIPLOMATICA","TOTAL POBLACION",9,2,11
" 09","ESTE","PAKISTAN","EXTRANJEROS",3,0,3
" 09","ESTE","PAKISTAN","TOTAL POBLACION",3,0,3
" 09","ESTE","PARAGUAY","EXTRANJEROS",2,1,3
" 09","ESTE","PARAGUAY","TOTAL POBLACION",2,1,3
" 09","ESTE","PERU","EXTRANJEROS",3,2,5
" 09","ESTE","PERU","TOTAL POBLACION",3,2,5
" 09","ESTE","POLONIA","EXTRANJEROS",1,0,1
" 09","ESTE","POLONIA","TOTAL POBLACION",1,0,1
" 09","ESTE","PORTUGAL","ESPA�OLES",1,1,2
" 09","ESTE","PORTUGAL","EXTRANJEROS",2,1,3
" 09","ESTE","PORTUGAL","TOTAL POBLACION",3,2,5
" 09","ESTE","REINO UNIDO","ESPA�OLES",0,1,1
" 09","ESTE","REINO UNIDO","TOTAL POBLACION",0,1,1
" 09","ESTE","REPUBLICA CHECA","EXTRANJEROS",0,1,1
" 09","ESTE","REPUBLICA CHECA","TOTAL POBLACION",0,1,1
" 09","ESTE","REPUBLICA DOMINICANA","ESPA�OLES",1,1,2
" 09","ESTE","REPUBLICA DOMINICANA","EXTRANJEROS",1,3,4
" 09","ESTE","REPUBLICA DOMINICANA","TOTAL POBLACION",2,4,6
" 09","ESTE","RUMANIA","EXTRANJEROS",3,2,5
" 09","ESTE","RUMANIA","TOTAL POBLACION",3,2,5
" 09","ESTE","RUSIA","EXTRANJEROS",3,3,6
" 09","ESTE","RUSIA","TOTAL POBLACION",3,3,6
" 09","ESTE","SENEGAL","EXTRANJEROS",10,0,10
" 09","ESTE","SENEGAL","TOTAL POBLACION",10,0,10
" 09","ESTE","SIRIA","EXTRANJEROS",9,3,12
" 09","ESTE","SIRIA","TOTAL POBLACION",9,3,12
" 09","ESTE","SOMALIA","EXTRANJEROS",2,2,4
" 09","ESTE","SOMALIA","TOTAL POBLACION",2,2,4
" 09","ESTE","SRI-LANKA","EXTRANJEROS",1,0,1
" 09","ESTE","SRI-LANKA","TOTAL POBLACION",1,0,1
" 09","ESTE","SUDAN","EXTRANJEROS",0,1,1
" 09","ESTE","SUDAN","TOTAL POBLACION",0,1,1
" 09","ESTE","SUECIA","EXTRANJEROS",1,0,1
" 09","ESTE","SUECIA","TOTAL POBLACION",1,0,1
" 09","ESTE","TCHAD","EXTRANJEROS",1,0,1
" 09","ESTE","TCHAD","TOTAL POBLACION",1,0,1
" 09","ESTE","TOGO","EXTRANJEROS",1,0,1
" 09","ESTE","TOGO","TOTAL POBLACION",1,0,1
" 09","ESTE","TURKMENISTAN","EXTRANJEROS",1,0,1
" 09","ESTE","TURKMENISTAN","TOTAL POBLACION",1,0,1
" 09","ESTE","UCRANIA","EXTRANJEROS",3,5,8
" 09","ESTE","UCRANIA","TOTAL POBLACION",3,5,8
" 09","ESTE","VENEZUELA","ESPA�OLES",1,1,2
" 09","ESTE","VENEZUELA","EXTRANJEROS",3,3,6
" 09","ESTE","VENEZUELA","TOTAL POBLACION",4,4,8
" 10","BELLAVISTA-LA PALMERA","- TODOS -","ESPA�OLES",479,471,950
" 10","BELLAVISTA-LA PALMERA","- TODOS -","EXTRANJEROS",98,141,239
" 10","BELLAVISTA-LA PALMERA","- TODOS -","TOTAL POBLACION",577,612,1189
" 10","BELLAVISTA-LA PALMERA","ALEMANIA","ESPA�OLES",0,1,1
" 10","BELLAVISTA-LA PALMERA","ALEMANIA","EXTRANJEROS",0,1,1
" 10","BELLAVISTA-LA PALMERA","ALEMANIA","TOTAL POBLACION",0,2,2
" 10","BELLAVISTA-LA PALMERA","ARGENTINA","ESPA�OLES",3,1,4
" 10","BELLAVISTA-LA PALMERA","ARGENTINA","EXTRANJEROS",0,2,2
" 10","BELLAVISTA-LA PALMERA","ARGENTINA","TOTAL POBLACION",3,3,6
" 10","BELLAVISTA-LA PALMERA","AUSTRALIA","ESPA�OLES",0,1,1
" 10","BELLAVISTA-LA PALMERA","AUSTRALIA","TOTAL POBLACION",0,1,1
" 10","BELLAVISTA-LA PALMERA","BOLIVIA","EXTRANJEROS",3,3,6
" 10","BELLAVISTA-LA PALMERA","BOLIVIA","TOTAL POBLACION",3,3,6
" 10","BELLAVISTA-LA PALMERA","CHINA","EXTRANJEROS",1,0,1
" 10","BELLAVISTA-LA PALMERA","CHINA","TOTAL POBLACION",1,0,1
" 10","BELLAVISTA-LA PALMERA","COLOMBIA","EXTRANJEROS",1,2,3
" 10","BELLAVISTA-LA PALMERA","COLOMBIA","TOTAL POBLACION",1,2,3
" 10","BELLAVISTA-LA PALMERA","COSTA DE MARFIL","ESPA�OLES",0,1,1
" 10","BELLAVISTA-LA PALMERA","COSTA DE MARFIL","TOTAL POBLACION",0,1,1
" 10","BELLAVISTA-LA PALMERA","ECUADOR","ESPA�OLES",1,1,2
" 10","BELLAVISTA-LA PALMERA","ECUADOR","TOTAL POBLACION",1,1,2
" 10","BELLAVISTA-LA PALMERA","EGIPTO","EXTRANJEROS",1,1,2
" 10","BELLAVISTA-LA PALMERA","EGIPTO","TOTAL POBLACION",1,1,2
" 10","BELLAVISTA-LA PALMERA","EL SALVADOR","EXTRANJEROS",0,2,2
" 10","BELLAVISTA-LA PALMERA","EL SALVADOR","TOTAL POBLACION",0,2,2
" 10","BELLAVISTA-LA PALMERA","ESPA�A","ESPA�OLES",469,455,924
" 10","BELLAVISTA-LA PALMERA","ESPA�A","EXTRANJEROS",59,91,150
" 10","BELLAVISTA-LA PALMERA","ESPA�A","TOTAL POBLACION",528,546,1074
" 10","BELLAVISTA-LA PALMERA","ESTADOS UNIDOS DE AMERICA","ESPA�OLES",3,4,7
" 10","BELLAVISTA-LA PALMERA","ESTADOS UNIDOS DE AMERICA","EXTRANJEROS",1,2,3
" 10","BELLAVISTA-LA PALMERA","ESTADOS UNIDOS DE AMERICA","TOTAL POBLACION",4,6,10
" 10","BELLAVISTA-LA PALMERA","FRANCIA","EXTRANJEROS",1,0,1
" 10","BELLAVISTA-LA PALMERA","FRANCIA","TOTAL POBLACION",1,0,1
" 10","BELLAVISTA-LA PALMERA","GUATEMALA","EXTRANJEROS",1,0,1
" 10","BELLAVISTA-LA PALMERA","GUATEMALA","TOTAL POBLACION",1,0,1
" 10","BELLAVISTA-LA PALMERA","GUINEA BISSAU","EXTRANJEROS",0,1,1
" 10","BELLAVISTA-LA PALMERA","GUINEA BISSAU","TOTAL POBLACION",0,1,1
" 10","BELLAVISTA-LA PALMERA","HONDURAS","EXTRANJEROS",1,0,1
" 10","BELLAVISTA-LA PALMERA","HONDURAS","TOTAL POBLACION",1,0,1
" 10","BELLAVISTA-LA PALMERA","INDIA","EXTRANJEROS",1,0,1
" 10","BELLAVISTA-LA PALMERA","INDIA","TOTAL POBLACION",1,0,1
" 10","BELLAVISTA-LA PALMERA","ITALIA","ESPA�OLES",0,1,1
" 10","BELLAVISTA-LA PALMERA","ITALIA","EXTRANJEROS",1,1,2
" 10","BELLAVISTA-LA PALMERA","ITALIA","TOTAL POBLACION",1,2,3
" 10","BELLAVISTA-LA PALMERA","MALASIA","EXTRANJEROS",0,1,1
" 10","BELLAVISTA-LA PALMERA","MALASIA","TOTAL POBLACION",0,1,1
" 10","BELLAVISTA-LA PALMERA","MARRUECOS","EXTRANJEROS",11,6,17
" 10","BELLAVISTA-LA PALMERA","MARRUECOS","TOTAL POBLACION",11,6,17
" 10","BELLAVISTA-LA PALMERA","MEXICO","EXTRANJEROS",0,3,3
" 10","BELLAVISTA-LA PALMERA","MEXICO","TOTAL POBLACION",0,3,3
" 10","BELLAVISTA-LA PALMERA","NICARAGUA","EXTRANJEROS",3,10,13
" 10","BELLAVISTA-LA PALMERA","NICARAGUA","TOTAL POBLACION",3,10,13
" 10","BELLAVISTA-LA PALMERA","NORUEGA","ESPA�OLES",1,2,3
" 10","BELLAVISTA-LA PALMERA","NORUEGA","EXTRANJEROS",0,1,1
" 10","BELLAVISTA-LA PALMERA","NORUEGA","TOTAL POBLACION",1,3,4
" 10","BELLAVISTA-LA PALMERA","PAISES BAJOS","ESPA�OLES",0,1,1
" 10","BELLAVISTA-LA PALMERA","PAISES BAJOS","TOTAL POBLACION",0,1,1
" 10","BELLAVISTA-LA PALMERA","PRINCIPADO DE ANDORRA","ESPA�OLES",1,0,1
" 10","BELLAVISTA-LA PALMERA","PRINCIPADO DE ANDORRA","TOTAL POBLACION",1,0,1
" 10","BELLAVISTA-LA PALMERA","REINO UNIDO","ESPA�OLES",0,1,1
" 10","BELLAVISTA-LA PALMERA","REINO UNIDO","EXTRANJEROS",1,0,1
" 10","BELLAVISTA-LA PALMERA","REINO UNIDO","TOTAL POBLACION",1,1,2
" 10","BELLAVISTA-LA PALMERA","REPUBLICA DE COREA","EXTRANJEROS",0,1,1
" 10","BELLAVISTA-LA PALMERA","REPUBLICA DE COREA","TOTAL POBLACION",0,1,1
" 10","BELLAVISTA-LA PALMERA","REPUBLICA DOMINICANA","EXTRANJEROS",1,1,2
" 10","BELLAVISTA-LA PALMERA","REPUBLICA DOMINICANA","TOTAL POBLACION",1,1,2
" 10","BELLAVISTA-LA PALMERA","RUMANIA","EXTRANJEROS",6,6,12
" 10","BELLAVISTA-LA PALMERA","RUMANIA","TOTAL POBLACION",6,6,12
" 10","BELLAVISTA-LA PALMERA","SENEGAL","EXTRANJEROS",1,1,2
" 10","BELLAVISTA-LA PALMERA","SENEGAL","TOTAL POBLACION",1,1,2
" 10","BELLAVISTA-LA PALMERA","SINGAPUR","ESPA�OLES",1,0,1
" 10","BELLAVISTA-LA PALMERA","SINGAPUR","TOTAL POBLACION",1,0,1
" 10","BELLAVISTA-LA PALMERA","SURINAM","EXTRANJEROS",0,1,1
" 10","BELLAVISTA-LA PALMERA","SURINAM","TOTAL POBLACION",0,1,1
" 10","BELLAVISTA-LA PALMERA","TUNEZ","EXTRANJEROS",1,0,1
" 10","BELLAVISTA-LA PALMERA","TUNEZ","TOTAL POBLACION",1,0,1
" 10","BELLAVISTA-LA PALMERA","UCRANIA","EXTRANJEROS",1,4,5
" 10","BELLAVISTA-LA PALMERA","UCRANIA","TOTAL POBLACION",1,4,5
" 10","BELLAVISTA-LA PALMERA","VENEZUELA","ESPA�OLES",0,2,2
" 10","BELLAVISTA-LA PALMERA","VENEZUELA","EXTRANJEROS",2,0,2
" 10","BELLAVISTA-LA PALMERA","VENEZUELA","TOTAL POBLACION",2,2,4
" 11","LOS REMEDIOS","- TODOS -","ESPA�OLES",276,312,588
" 11","LOS REMEDIOS","- TODOS -","EXTRANJEROS",55,82,137
" 11","LOS REMEDIOS","- TODOS -","TOTAL POBLACION",331,394,725
" 11","LOS REMEDIOS","ALEMANIA","ESPA�OLES",0,1,1
" 11","LOS REMEDIOS","ALEMANIA","EXTRANJEROS",1,2,3
" 11","LOS REMEDIOS","ALEMANIA","TOTAL POBLACION",1,3,4
" 11","LOS REMEDIOS","ARGELIA","EXTRANJEROS",0,1,1
" 11","LOS REMEDIOS","ARGELIA","TOTAL POBLACION",0,1,1
" 11","LOS REMEDIOS","ARGENTINA","ESPA�OLES",1,0,1
" 11","LOS REMEDIOS","ARGENTINA","EXTRANJEROS",1,0,1
" 11","LOS REMEDIOS","ARGENTINA","TOTAL POBLACION",2,0,2
" 11","LOS REMEDIOS","AUSTRIA","ESPA�OLES",0,1,1
" 11","LOS REMEDIOS","AUSTRIA","TOTAL POBLACION",0,1,1
" 11","LOS REMEDIOS","BANGLA-DESH","ESPA�OLES",1,0,1
" 11","LOS REMEDIOS","BANGLA-DESH","TOTAL POBLACION",1,0,1
" 11","LOS REMEDIOS","BELGICA","ESPA�OLES",0,1,1
" 11","LOS REMEDIOS","BELGICA","TOTAL POBLACION",0,1,1
" 11","LOS REMEDIOS","BOLIVIA","EXTRANJEROS",2,2,4
" 11","LOS REMEDIOS","BOLIVIA","TOTAL POBLACION",2,2,4
" 11","LOS REMEDIOS","BRASIL","EXTRANJEROS",2,3,5
" 11","LOS REMEDIOS","BRASIL","TOTAL POBLACION",2,3,5
" 11","LOS REMEDIOS","CANADA","ESPA�OLES",1,2,3
" 11","LOS REMEDIOS","CANADA","TOTAL POBLACION",1,2,3
" 11","LOS REMEDIOS","CHILE","ESPA�OLES",1,0,1
" 11","LOS REMEDIOS","CHILE","EXTRANJEROS",1,0,1
" 11","LOS REMEDIOS","CHILE","TOTAL POBLACION",2,0,2
" 11","LOS REMEDIOS","COLOMBIA","EXTRANJEROS",0,2,2
" 11","LOS REMEDIOS","COLOMBIA","TOTAL POBLACION",0,2,2
" 11","LOS REMEDIOS","CUBA","ESPA�OLES",1,1,2
" 11","LOS REMEDIOS","CUBA","EXTRANJEROS",2,0,2
" 11","LOS REMEDIOS","CUBA","TOTAL POBLACION",3,1,4
" 11","LOS REMEDIOS","ECUADOR","ESPA�OLES",1,2,3
" 11","LOS REMEDIOS","ECUADOR","EXTRANJEROS",1,1,2
" 11","LOS REMEDIOS","ECUADOR","TOTAL POBLACION",2,3,5
" 11","LOS REMEDIOS","EGIPTO","ESPA�OLES",1,0,1
" 11","LOS REMEDIOS","EGIPTO","EXTRANJEROS",0,1,1
" 11","LOS REMEDIOS","EGIPTO","TOTAL POBLACION",1,1,2
" 11","LOS REMEDIOS","ESPA�A","ESPA�OLES",265,296,561
" 11","LOS REMEDIOS","ESPA�A","EXTRANJEROS",35,51,86
" 11","LOS REMEDIOS","ESPA�A","TOTAL POBLACION",300,347,647
" 11","LOS REMEDIOS","ESTADOS UNIDOS DE AMERICA","EXTRANJEROS",2,0,2
" 11","LOS REMEDIOS","ESTADOS UNIDOS DE AMERICA","TOTAL POBLACION",2,0,2
" 11","LOS REMEDIOS","FILIPINAS","ESPA�OLES",2,0,2
" 11","LOS REMEDIOS","FILIPINAS","EXTRANJEROS",0,1,1
" 11","LOS REMEDIOS","FILIPINAS","TOTAL POBLACION",2,1,3
" 11","LOS REMEDIOS","FRANCIA","ESPA�OLES",1,2,3
" 11","LOS REMEDIOS","FRANCIA","EXTRANJEROS",1,0,1
" 11","LOS REMEDIOS","FRANCIA","TOTAL POBLACION",2,2,4
" 11","LOS REMEDIOS","GUATEMALA","EXTRANJEROS",0,2,2
" 11","LOS REMEDIOS","GUATEMALA","TOTAL POBLACION",0,2,2
" 11","LOS REMEDIOS","ITALIA","EXTRANJEROS",2,2,4
" 11","LOS REMEDIOS","ITALIA","TOTAL POBLACION",2,2,4
" 11","LOS REMEDIOS","MARRUECOS","ESPA�OLES",0,1,1
" 11","LOS REMEDIOS","MARRUECOS","EXTRANJEROS",2,0,2
" 11","LOS REMEDIOS","MARRUECOS","TOTAL POBLACION",2,1,3
" 11","LOS REMEDIOS","MEXICO","EXTRANJEROS",1,0,1
" 11","LOS REMEDIOS","MEXICO","TOTAL POBLACION",1,0,1
" 11","LOS REMEDIOS","NICARAGUA","EXTRANJEROS",0,3,3
" 11","LOS REMEDIOS","NICARAGUA","TOTAL POBLACION",0,3,3
" 11","LOS REMEDIOS","PAISES BAJOS","ESPA�OLES",0,1,1
" 11","LOS REMEDIOS","PAISES BAJOS","TOTAL POBLACION",0,1,1
" 11","LOS REMEDIOS","PARAGUAY","EXTRANJEROS",0,3,3
" 11","LOS REMEDIOS","PARAGUAY","TOTAL POBLACION",0,3,3
" 11","LOS REMEDIOS","PERU","EXTRANJEROS",0,2,2
" 11","LOS REMEDIOS","PERU","TOTAL POBLACION",0,2,2
" 11","LOS REMEDIOS","PORTUGAL","ESPA�OLES",1,0,1
" 11","LOS REMEDIOS","PORTUGAL","EXTRANJEROS",0,1,1
" 11","LOS REMEDIOS","PORTUGAL","TOTAL POBLACION",1,1,2
" 11","LOS REMEDIOS","REINO UNIDO","ESPA�OLES",0,2,2
" 11","LOS REMEDIOS","REINO UNIDO","TOTAL POBLACION",0,2,2
" 11","LOS REMEDIOS","REPUBLICA DE COREA","EXTRANJEROS",0,1,1
" 11","LOS REMEDIOS","REPUBLICA DE COREA","TOTAL POBLACION",0,1,1
" 11","LOS REMEDIOS","REPUBLICA DOMINICANA","EXTRANJEROS",2,1,3
" 11","LOS REMEDIOS","REPUBLICA DOMINICANA","TOTAL POBLACION",2,1,3
" 11","LOS REMEDIOS","REPUBLICA SUDAFRICANA","ESPA�OLES",0,1,1
" 11","LOS REMEDIOS","REPUBLICA SUDAFRICANA","TOTAL POBLACION",0,1,1
" 11","LOS REMEDIOS","UCRANIA","EXTRANJEROS",0,2,2
" 11","LOS REMEDIOS","UCRANIA","TOTAL POBLACION",0,2,2
" 11","LOS REMEDIOS","VENEZUELA","ESPA�OLES",0,1,1
" 11","LOS REMEDIOS","VENEZUELA","TOTAL POBLACION",0,1,1
" 11","LOS REMEDIOS","VIET-NAM","EXTRANJEROS",0,1,1
" 11","LOS REMEDIOS","VIET-NAM","TOTAL POBLACION",0,1,1
"00","TOTAL MUNICIPIO","- TODOS -","ESPA�OLES",6077,6325,12402
"00","TOTAL MUNICIPIO","- TODOS -","EXTRANJEROS",2267,2448,4715
"00","TOTAL MUNICIPIO","- TODOS -","TOTAL POBLACION",8344,8773,17117
"00","TOTAL MUNICIPIO","AFGANISTAN","EXTRANJEROS",2,0,2
"00","TOTAL MUNICIPIO","AFGANISTAN","TOTAL POBLACION",2,0,2
"00","TOTAL MUNICIPIO","ALBANIA","EXTRANJEROS",2,4,6
"00","TOTAL MUNICIPIO","ALBANIA","TOTAL POBLACION",2,4,6
"00","TOTAL MUNICIPIO","ALEMANIA","ESPA�OLES",7,12,19
"00","TOTAL MUNICIPIO","ALEMANIA","EXTRANJEROS",17,25,42
"00","TOTAL MUNICIPIO","ALEMANIA","TOTAL POBLACION",24,37,61
"00","TOTAL MUNICIPIO","ARABIA SAUDITA","ESPA�OLES",2,0,2
"00","TOTAL MUNICIPIO","ARABIA SAUDITA","TOTAL POBLACION",2,0,2
"00","TOTAL MUNICIPIO","ARGELIA","EXTRANJEROS",22,9,31
"00","TOTAL MUNICIPIO","ARGELIA","TOTAL POBLACION",22,9,31
"00","TOTAL MUNICIPIO","ARGENTINA","ESPA�OLES",7,10,17
"00","TOTAL MUNICIPIO","ARGENTINA","EXTRANJEROS",17,13,30
"00","TOTAL MUNICIPIO","ARGENTINA","TOTAL POBLACION",24,23,47
"00","TOTAL MUNICIPIO","ARMENIA","EXTRANJEROS",4,1,5
"00","TOTAL MUNICIPIO","ARMENIA","TOTAL POBLACION",4,1,5
"00","TOTAL MUNICIPIO","AUSTRALIA","ESPA�OLES",1,2,3
"00","TOTAL MUNICIPIO","AUSTRALIA","EXTRANJEROS",1,1,2
"00","TOTAL MUNICIPIO","AUSTRALIA","TOTAL POBLACION",2,3,5
"00","TOTAL MUNICIPIO","AUSTRIA","ESPA�OLES",0,1,1
"00","TOTAL MUNICIPIO","AUSTRIA","EXTRANJEROS",1,1,2
"00","TOTAL MUNICIPIO","AUSTRIA","TOTAL POBLACION",1,2,3
"00","TOTAL MUNICIPIO","AZERBAIYAN","EXTRANJEROS",1,0,1
"00","TOTAL MUNICIPIO","AZERBAIYAN","TOTAL POBLACION",1,0,1
"00","TOTAL MUNICIPIO","BANGLA-DESH","ESPA�OLES",1,0,1
"00","TOTAL MUNICIPIO","BANGLA-DESH","EXTRANJEROS",3,3,6
"00","TOTAL MUNICIPIO","BANGLA-DESH","TOTAL POBLACION",4,3,7
"00","TOTAL MUNICIPIO","BELGICA","ESPA�OLES",4,3,7
"00","TOTAL MUNICIPIO","BELGICA","EXTRANJEROS",4,2,6
"00","TOTAL MUNICIPIO","BELGICA","TOTAL POBLACION",8,5,13
"00","TOTAL MUNICIPIO","BELICE","ESPA�OLES",1,1,2
"00","TOTAL MUNICIPIO","BELICE","EXTRANJEROS",1,0,1
"00","TOTAL MUNICIPIO","BELICE","TOTAL POBLACION",2,1,3
"00","TOTAL MUNICIPIO","BIELORUSIA","EXTRANJEROS",0,2,2
"00","TOTAL MUNICIPIO","BIELORUSIA","TOTAL POBLACION",0,2,2
"00","TOTAL MUNICIPIO","BOLIVIA","ESPA�OLES",0,6,6
"00","TOTAL MUNICIPIO","BOLIVIA","EXTRANJEROS",40,41,81
"00","TOTAL MUNICIPIO","BOLIVIA","TOTAL POBLACION",40,47,87
"00","TOTAL MUNICIPIO","BRASIL","ESPA�OLES",4,5,9
"00","TOTAL MUNICIPIO","BRASIL","EXTRANJEROS",22,31,53
"00","TOTAL MUNICIPIO","BRASIL","TOTAL POBLACION",26,36,62
"00","TOTAL MUNICIPIO","BULGARIA","EXTRANJEROS",7,9,16
"00","TOTAL MUNICIPIO","BULGARIA","TOTAL POBLACION",7,9,16
"00","TOTAL MUNICIPIO","BURKINA FASSO","EXTRANJEROS",4,0,4
"00","TOTAL MUNICIPIO","BURKINA FASSO","TOTAL POBLACION",4,0,4
"00","TOTAL MUNICIPIO","CAMERUN","EXTRANJEROS",14,1,15
"00","TOTAL MUNICIPIO","CAMERUN","TOTAL POBLACION",14,1,15
"00","TOTAL MUNICIPIO","CANADA","ESPA�OLES",2,2,4
"00","TOTAL MUNICIPIO","CANADA","EXTRANJEROS",0,2,2
"00","TOTAL MUNICIPIO","CANADA","TOTAL POBLACION",2,4,6
"00","TOTAL MUNICIPIO","CHILE","ESPA�OLES",5,3,8
"00","TOTAL MUNICIPIO","CHILE","EXTRANJEROS",8,9,17
"00","TOTAL MUNICIPIO","CHILE","TOTAL POBLACION",13,12,25
"00","TOTAL MUNICIPIO","CHINA","ESPA�OLES",2,3,5
"00","TOTAL MUNICIPIO","CHINA","EXTRANJEROS",54,68,122
"00","TOTAL MUNICIPIO","CHINA","TOTAL POBLACION",56,71,127
"00","TOTAL MUNICIPIO","CHIPRE","ESPA�OLES",2,1,3
"00","TOTAL MUNICIPIO","CHIPRE","TOTAL POBLACION",2,1,3
"00","TOTAL MUNICIPIO","COLOMBIA","ESPA�OLES",1,2,3
"00","TOTAL MUNICIPIO","COLOMBIA","EXTRANJEROS",32,37,69
"00","TOTAL MUNICIPIO","COLOMBIA","TOTAL POBLACION",33,39,72
"00","TOTAL MUNICIPIO","CONGO","EXTRANJEROS",2,0,2
"00","TOTAL MUNICIPIO","CONGO","TOTAL POBLACION",2,0,2
"00","TOTAL MUNICIPIO","COSTA DE MARFIL","ESPA�OLES",0,1,1
"00","TOTAL MUNICIPIO","COSTA DE MARFIL","EXTRANJEROS",10,2,12
"00","TOTAL MUNICIPIO","COSTA DE MARFIL","TOTAL POBLACION",10,3,13
"00","TOTAL MUNICIPIO","COSTA RICA","EXTRANJEROS",0,3,3
"00","TOTAL MUNICIPIO","COSTA RICA","TOTAL POBLACION",0,3,3
"00","TOTAL MUNICIPIO","CROACIA","EXTRANJEROS",1,1,2
"00","TOTAL MUNICIPIO","CROACIA","TOTAL POBLACION",1,1,2
"00","TOTAL MUNICIPIO","CUBA","ESPA�OLES",14,12,26
"00","TOTAL MUNICIPIO","CUBA","EXTRANJEROS",20,22,42
"00","TOTAL MUNICIPIO","CUBA","TOTAL POBLACION",34,34,68
"00","TOTAL MUNICIPIO","DINAMARCA","EXTRANJEROS",3,3,6
"00","TOTAL MUNICIPIO","DINAMARCA","TOTAL POBLACION",3,3,6
"00","TOTAL MUNICIPIO","ECUADOR","ESPA�OLES",13,12,25
"00","TOTAL MUNICIPIO","ECUADOR","EXTRANJEROS",15,13,28
"00","TOTAL MUNICIPIO","ECUADOR","TOTAL POBLACION",28,25,53
"00","TOTAL MUNICIPIO","EGIPTO","ESPA�OLES",6,2,8
"00","TOTAL MUNICIPIO","EGIPTO","EXTRANJEROS",4,3,7
"00","TOTAL MUNICIPIO","EGIPTO","TOTAL POBLACION",10,5,15
"00","TOTAL MUNICIPIO","EL SALVADOR","EXTRANJEROS",4,12,16
"00","TOTAL MUNICIPIO","EL SALVADOR","TOTAL POBLACION",4,12,16
"00","TOTAL MUNICIPIO","EMIRATOS ARABES UNIDOS","ESPA�OLES",2,1,3
"00","TOTAL MUNICIPIO","EMIRATOS ARABES UNIDOS","TOTAL POBLACION",2,1,3
"00","TOTAL MUNICIPIO","ESLOVAQUIA","EXTRANJEROS",2,1,3
"00","TOTAL MUNICIPIO","ESLOVAQUIA","TOTAL POBLACION",2,1,3
"00","TOTAL MUNICIPIO","ESPA�A","ESPA�OLES",5897,6151,12048
"00","TOTAL MUNICIPIO","ESPA�A","EXTRANJEROS",1231,1363,2594
"00","TOTAL MUNICIPIO","ESPA�A","TOTAL POBLACION",7128,7514,14642
"00","TOTAL MUNICIPIO","ESTADOS UNIDOS DE AMERICA","ESPA�OLES",12,12,24
"00","TOTAL MUNICIPIO","ESTADOS UNIDOS DE AMERICA","EXTRANJEROS",24,40,64
"00","TOTAL MUNICIPIO","ESTADOS UNIDOS DE AMERICA","TOTAL POBLACION",36,52,88
"00","TOTAL MUNICIPIO","ETIOPIA","EXTRANJEROS",1,0,1
"00","TOTAL MUNICIPIO","ETIOPIA","TOTAL POBLACION",1,0,1
"00","TOTAL MUNICIPIO","FILIPINAS","ESPA�OLES",4,1,5
"00","TOTAL MUNICIPIO","FILIPINAS","EXTRANJEROS",11,11,22
"00","TOTAL MUNICIPIO","FILIPINAS","TOTAL POBLACION",15,12,27
"00","TOTAL MUNICIPIO","FINLANDIA","EXTRANJEROS",0,3,3
"00","TOTAL MUNICIPIO","FINLANDIA","TOTAL POBLACION",0,3,3
"00","TOTAL MUNICIPIO","FRANCIA","ESPA�OLES",7,10,17
"00","TOTAL MUNICIPIO","FRANCIA","EXTRANJEROS",32,32,64
"00","TOTAL MUNICIPIO","FRANCIA","TOTAL POBLACION",39,42,81
"00","TOTAL MUNICIPIO","GAMBIA","EXTRANJEROS",6,0,6
"00","TOTAL MUNICIPIO","GAMBIA","TOTAL POBLACION",6,0,6
"00","TOTAL MUNICIPIO","GEORGIA","EXTRANJEROS",5,2,7
"00","TOTAL MUNICIPIO","GEORGIA","TOTAL POBLACION",5,2,7
"00","TOTAL MUNICIPIO","GHANA","EXTRANJEROS",4,1,5
"00","TOTAL MUNICIPIO","GHANA","TOTAL POBLACION",4,1,5
"00","TOTAL MUNICIPIO","GRECIA","ESPA�OLES",2,1,3
"00","TOTAL MUNICIPIO","GRECIA","EXTRANJEROS",4,8,12
"00","TOTAL MUNICIPIO","GRECIA","TOTAL POBLACION",6,9,15
"00","TOTAL MUNICIPIO","GUATEMALA","EXTRANJEROS",3,8,11
"00","TOTAL MUNICIPIO","GUATEMALA","TOTAL POBLACION",3,8,11
"00","TOTAL MUNICIPIO","GUINEA","EXTRANJEROS",14,3,17
"00","TOTAL MUNICIPIO","GUINEA","TOTAL POBLACION",14,3,17
"00","TOTAL MUNICIPIO","GUINEA BISSAU","EXTRANJEROS",4,1,5
"00","TOTAL MUNICIPIO","GUINEA BISSAU","TOTAL POBLACION",4,1,5
"00","TOTAL MUNICIPIO","GUINEA ECUATORIAL","ESPA�OLES",2,1,3
"00","TOTAL MUNICIPIO","GUINEA ECUATORIAL","EXTRANJEROS",3,0,3
"00","TOTAL MUNICIPIO","GUINEA ECUATORIAL","TOTAL POBLACION",5,1,6
"00","TOTAL MUNICIPIO","HONDURAS","ESPA�OLES",1,0,1
"00","TOTAL MUNICIPIO","HONDURAS","EXTRANJEROS",9,20,29
"00","TOTAL MUNICIPIO","HONDURAS","TOTAL POBLACION",10,20,30
"00","TOTAL MUNICIPIO","HUNGRIA","EXTRANJEROS",1,4,5
"00","TOTAL MUNICIPIO","HUNGRIA","TOTAL POBLACION",1,4,5
"00","TOTAL MUNICIPIO","INDIA","ESPA�OLES",1,2,3
"00","TOTAL MUNICIPIO","INDIA","EXTRANJEROS",2,2,4
"00","TOTAL MUNICIPIO","INDIA","TOTAL POBLACION",3,4,7
"00","TOTAL MUNICIPIO","INDONESIA","EXTRANJEROS",1,3,4
"00","TOTAL MUNICIPIO","INDONESIA","TOTAL POBLACION",1,3,4
"00","TOTAL MUNICIPIO","IRAK","EXTRANJEROS",1,0,1
"00","TOTAL MUNICIPIO","IRAK","TOTAL POBLACION",1,0,1
"00","TOTAL MUNICIPIO","IRAN","EXTRANJEROS",2,0,2
"00","TOTAL MUNICIPIO","IRAN","TOTAL POBLACION",2,0,2
"00","TOTAL MUNICIPIO","IRLANDA","ESPA�OLES",3,0,3
"00","TOTAL MUNICIPIO","IRLANDA","EXTRANJEROS",4,2,6
"00","TOTAL MUNICIPIO","IRLANDA","TOTAL POBLACION",7,2,9
"00","TOTAL MUNICIPIO","ISRAEL","EXTRANJEROS",1,2,3
"00","TOTAL MUNICIPIO","ISRAEL","TOTAL POBLACION",1,2,3
"00","TOTAL MUNICIPIO","ITALIA","ESPA�OLES",0,5,5
"00","TOTAL MUNICIPIO","ITALIA","EXTRANJEROS",60,40,100
"00","TOTAL MUNICIPIO","ITALIA","TOTAL POBLACION",60,45,105
"00","TOTAL MUNICIPIO","JAPON","EXTRANJEROS",1,1,2
"00","TOTAL MUNICIPIO","JAPON","TOTAL POBLACION",1,1,2
"00","TOTAL MUNICIPIO","JORDANIA","ESPA�OLES",1,1,2
"00","TOTAL MUNICIPIO","JORDANIA","EXTRANJEROS",8,3,11
"00","TOTAL MUNICIPIO","JORDANIA","TOTAL POBLACION",9,4,13
"00","TOTAL MUNICIPIO","KAZAJSTAN","EXTRANJEROS",1,1,2
"00","TOTAL MUNICIPIO","KAZAJSTAN","TOTAL POBLACION",1,1,2
"00","TOTAL MUNICIPIO","KENIA","ESPA�OLES",3,2,5
"00","TOTAL MUNICIPIO","KENIA","TOTAL POBLACION",3,2,5
"00","TOTAL MUNICIPIO","LETONIA","EXTRANJEROS",1,0,1
"00","TOTAL MUNICIPIO","LETONIA","TOTAL POBLACION",1,0,1
"00","TOTAL MUNICIPIO","LIBANO","EXTRANJEROS",4,5,9
"00","TOTAL MUNICIPIO","LIBANO","TOTAL POBLACION",4,5,9
"00","TOTAL MUNICIPIO","LIBERIA","EXTRANJEROS",2,0,2
"00","TOTAL MUNICIPIO","LIBERIA","TOTAL POBLACION",2,0,2
"00","TOTAL MUNICIPIO","LIBIA","ESPA�OLES",1,0,1
"00","TOTAL MUNICIPIO","LIBIA","EXTRANJEROS",0,1,1
"00","TOTAL MUNICIPIO","LIBIA","TOTAL POBLACION",1,1,2
"00","TOTAL MUNICIPIO","LITUANIA","EXTRANJEROS",0,1,1
"00","TOTAL MUNICIPIO","LITUANIA","TOTAL POBLACION",0,1,1
"00","TOTAL MUNICIPIO","MACEDONIA","EXTRANJEROS",0,1,1
"00","TOTAL MUNICIPIO","MACEDONIA","TOTAL POBLACION",0,1,1
"00","TOTAL MUNICIPIO","MALASIA","ESPA�OLES",1,1,2
"00","TOTAL MUNICIPIO","MALASIA","EXTRANJEROS",0,1,1
"00","TOTAL MUNICIPIO","MALASIA","TOTAL POBLACION",1,2,3
"00","TOTAL MUNICIPIO","MALI","EXTRANJEROS",33,3,36
"00","TOTAL MUNICIPIO","MALI","TOTAL POBLACION",33,3,36
"00","TOTAL MUNICIPIO","MARRUECOS","ESPA�OLES",8,9,17
"00","TOTAL MUNICIPIO","MARRUECOS","EXTRANJEROS",80,67,147
"00","TOTAL MUNICIPIO","MARRUECOS","TOTAL POBLACION",88,76,164
"00","TOTAL MUNICIPIO","MAURITANIA","ESPA�OLES",0,1,1
"00","TOTAL MUNICIPIO","MAURITANIA","EXTRANJEROS",0,1,1
"00","TOTAL MUNICIPIO","MAURITANIA","TOTAL POBLACION",0,2,2
"00","TOTAL MUNICIPIO","MEXICO","ESPA�OLES",5,6,11
"00","TOTAL MUNICIPIO","MEXICO","EXTRANJEROS",7,30,37
"00","TOTAL MUNICIPIO","MEXICO","TOTAL POBLACION",12,36,48
"00","TOTAL MUNICIPIO","MOLDAVIA","EXTRANJEROS",0,1,1
"00","TOTAL MUNICIPIO","MOLDAVIA","TOTAL POBLACION",0,1,1
"00","TOTAL MUNICIPIO","NEPAL","EXTRANJEROS",2,0,2
"00","TOTAL MUNICIPIO","NEPAL","TOTAL POBLACION",2,0,2
"00","TOTAL MUNICIPIO","NICARAGUA","ESPA�OLES",1,0,1
"00","TOTAL MUNICIPIO","NICARAGUA","EXTRANJEROS",23,104,127
"00","TOTAL MUNICIPIO","NICARAGUA","TOTAL POBLACION",24,104,128
"00","TOTAL MUNICIPIO","NIGER","EXTRANJEROS",1,0,1
"00","TOTAL MUNICIPIO","NIGER","TOTAL POBLACION",1,0,1
"00","TOTAL MUNICIPIO","NIGERIA","EXTRANJEROS",22,13,35
"00","TOTAL MUNICIPIO","NIGERIA","TOTAL POBLACION",22,13,35
"00","TOTAL MUNICIPIO","NORUEGA","ESPA�OLES",1,3,4
"00","TOTAL MUNICIPIO","NORUEGA","EXTRANJEROS",0,1,1
"00","TOTAL MUNICIPIO","NORUEGA","TOTAL POBLACION",1,4,5
"00","TOTAL MUNICIPIO","NUEVA ZELANDA","EXTRANJEROS",1,0,1
"00","TOTAL MUNICIPIO","NUEVA ZELANDA","TOTAL POBLACION",1,0,1
"00","TOTAL MUNICIPIO","OMAN","ESPA�OLES",0,1,1
"00","TOTAL MUNICIPIO","OMAN","TOTAL POBLACION",0,1,1
"00","TOTAL MUNICIPIO","OTROS PAISES SIN RELACION DIPLOMATICA","EXTRANJEROS",9,3,12
"00","TOTAL MUNICIPIO","OTROS PAISES SIN RELACION DIPLOMATICA","TOTAL POBLACION",9,3,12
"00","TOTAL MUNICIPIO","PAISES BAJOS","ESPA�OLES",0,2,2
"00","TOTAL MUNICIPIO","PAISES BAJOS","EXTRANJEROS",3,5,8
"00","TOTAL MUNICIPIO","PAISES BAJOS","TOTAL POBLACION",3,7,10
"00","TOTAL MUNICIPIO","PAKISTAN","EXTRANJEROS",14,2,16
"00","TOTAL MUNICIPIO","PAKISTAN","TOTAL POBLACION",14,2,16
"00","TOTAL MUNICIPIO","PANAMA","ESPA�OLES",1,3,4
"00","TOTAL MUNICIPIO","PANAMA","TOTAL POBLACION",1,3,4
"00","TOTAL MUNICIPIO","PARAGUAY","ESPA�OLES",1,0,1
"00","TOTAL MUNICIPIO","PARAGUAY","EXTRANJEROS",21,34,55
"00","TOTAL MUNICIPIO","PARAGUAY","TOTAL POBLACION",22,34,56
"00","TOTAL MUNICIPIO","PERU","ESPA�OLES",5,2,7
"00","TOTAL MUNICIPIO","PERU","EXTRANJEROS",25,35,60
"00","TOTAL MUNICIPIO","PERU","TOTAL POBLACION",30,37,67
"00","TOTAL MUNICIPIO","POLONIA","EXTRANJEROS",4,4,8
"00","TOTAL MUNICIPIO","POLONIA","TOTAL POBLACION",4,4,8
"00","TOTAL MUNICIPIO","PORTUGAL","ESPA�OLES",6,2,8
"00","TOTAL MUNICIPIO","PORTUGAL","EXTRANJEROS",19,13,32
"00","TOTAL MUNICIPIO","PORTUGAL","TOTAL POBLACION",25,15,40
"00","TOTAL MUNICIPIO","PRINCIPADO DE ANDORRA","ESPA�OLES",4,3,7
"00","TOTAL MUNICIPIO","PRINCIPADO DE ANDORRA","TOTAL POBLACION",4,3,7
"00","TOTAL MUNICIPIO","REINO UNIDO","ESPA�OLES",21,12,33
"00","TOTAL MUNICIPIO","REINO UNIDO","EXTRANJEROS",30,25,55
"00","TOTAL MUNICIPIO","REINO UNIDO","TOTAL POBLACION",51,37,88
"00","TOTAL MUNICIPIO","REPUBLICA CHECA","EXTRANJEROS",0,2,2
"00","TOTAL MUNICIPIO","REPUBLICA CHECA","TOTAL POBLACION",0,2,2
"00","TOTAL MUNICIPIO","REPUBLICA DE COREA","EXTRANJEROS",4,6,10
"00","TOTAL MUNICIPIO","REPUBLICA DE COREA","TOTAL POBLACION",4,6,10
"00","TOTAL MUNICIPIO","REPUBLICA DOMINICANA","ESPA�OLES",3,2,5
"00","TOTAL MUNICIPIO","REPUBLICA DOMINICANA","EXTRANJEROS",27,17,44
"00","TOTAL MUNICIPIO","REPUBLICA DOMINICANA","TOTAL POBLACION",30,19,49
"00","TOTAL MUNICIPIO","REPUBLICA SUDAFRICANA","ESPA�OLES",0,1,1
"00","TOTAL MUNICIPIO","REPUBLICA SUDAFRICANA","EXTRANJEROS",1,1,2
"00","TOTAL MUNICIPIO","REPUBLICA SUDAFRICANA","TOTAL POBLACION",1,2,3
"00","TOTAL MUNICIPIO","RUMANIA","EXTRANJEROS",77,67,144
"00","TOTAL MUNICIPIO","RUMANIA","TOTAL POBLACION",77,67,144
"00","TOTAL MUNICIPIO","RUSIA","ESPA�OLES",2,0,2
"00","TOTAL MUNICIPIO","RUSIA","EXTRANJEROS",14,52,66
"00","TOTAL MUNICIPIO","RUSIA","TOTAL POBLACION",16,52,68
"00","TOTAL MUNICIPIO","SAN MARINO","EXTRANJEROS",0,1,1
"00","TOTAL MUNICIPIO","SAN MARINO","TOTAL POBLACION",0,1,1
"00","TOTAL MUNICIPIO","SANTO TOME Y PRINCIPE","EXTRANJEROS",0,1,1
"00","TOTAL MUNICIPIO","SANTO TOME Y PRINCIPE","TOTAL POBLACION",0,1,1
"00","TOTAL MUNICIPIO","SENEGAL","ESPA�OLES",1,0,1
"00","TOTAL MUNICIPIO","SENEGAL","EXTRANJEROS",36,14,50
"00","TOTAL MUNICIPIO","SENEGAL","TOTAL POBLACION",37,14,51
"00","TOTAL MUNICIPIO","SIERRA LEONA","EXTRANJEROS",1,0,1
"00","TOTAL MUNICIPIO","SIERRA LEONA","TOTAL POBLACION",1,0,1
"00","TOTAL MUNICIPIO","SINGAPUR","ESPA�OLES",1,0,1
"00","TOTAL MUNICIPIO","SINGAPUR","TOTAL POBLACION",1,0,1
"00","TOTAL MUNICIPIO","SIRIA","ESPA�OLES",0,3,3
"00","TOTAL MUNICIPIO","SIRIA","EXTRANJEROS",12,4,16
"00","TOTAL MUNICIPIO","SIRIA","TOTAL POBLACION",12,7,19
"00","TOTAL MUNICIPIO","SOMALIA","EXTRANJEROS",3,2,5
"00","TOTAL MUNICIPIO","SOMALIA","TOTAL POBLACION",3,2,5
"00","TOTAL MUNICIPIO","SRI-LANKA","EXTRANJEROS",1,0,1
"00","TOTAL MUNICIPIO","SRI-LANKA","TOTAL POBLACION",1,0,1
"00","TOTAL MUNICIPIO","SUDAN","EXTRANJEROS",0,1,1
"00","TOTAL MUNICIPIO","SUDAN","TOTAL POBLACION",0,1,1
"00","TOTAL MUNICIPIO","SUECIA","ESPA�OLES",1,1,2
"00","TOTAL MUNICIPIO","SUECIA","EXTRANJEROS",1,1,2
"00","TOTAL MUNICIPIO","SUECIA","TOTAL POBLACION",2,2,4
"00","TOTAL MUNICIPIO","SUIZA","ESPA�OLES",4,1,5
"00","TOTAL MUNICIPIO","SUIZA","EXTRANJEROS",0,3,3
"00","TOTAL MUNICIPIO","SUIZA","TOTAL POBLACION",4,4,8
"00","TOTAL MUNICIPIO","SURINAM","EXTRANJEROS",0,1,1
"00","TOTAL MUNICIPIO","SURINAM","TOTAL POBLACION",0,1,1
"00","TOTAL MUNICIPIO","TANZANIA","EXTRANJEROS",0,1,1
"00","TOTAL MUNICIPIO","TANZANIA","TOTAL POBLACION",0,1,1
"00","TOTAL MUNICIPIO","TCHAD","EXTRANJEROS",1,0,1
"00","TOTAL MUNICIPIO","TCHAD","TOTAL POBLACION",1,0,1
"00","TOTAL MUNICIPIO","TOGO","EXTRANJEROS",1,0,1
"00","TOTAL MUNICIPIO","TOGO","TOTAL POBLACION",1,0,1
"00","TOTAL MUNICIPIO","TUNEZ","ESPA�OLES",0,1,1
"00","TOTAL MUNICIPIO","TUNEZ","EXTRANJEROS",2,1,3
"00","TOTAL MUNICIPIO","TUNEZ","TOTAL POBLACION",2,2,4
"00","TOTAL MUNICIPIO","TURKMENISTAN","EXTRANJEROS",1,0,1
"00","TOTAL MUNICIPIO","TURKMENISTAN","TOTAL POBLACION",1,0,1
"00","TOTAL MUNICIPIO","TURQUIA","EXTRANJEROS",5,2,7
"00","TOTAL MUNICIPIO","TURQUIA","TOTAL POBLACION",5,2,7
"00","TOTAL MUNICIPIO","UCRANIA","EXTRANJEROS",10,26,36
"00","TOTAL MUNICIPIO","UCRANIA","TOTAL POBLACION",10,26,36
"00","TOTAL MUNICIPIO","UGANDA","ESPA�OLES",0,1,1
"00","TOTAL MUNICIPIO","UGANDA","TOTAL POBLACION",0,1,1
"00","TOTAL MUNICIPIO","URUGUAY","EXTRANJEROS",0,2,2
"00","TOTAL MUNICIPIO","URUGUAY","TOTAL POBLACION",0,2,2
"00","TOTAL MUNICIPIO","UZBEKISTAN","EXTRANJEROS",0,1,1
"00","TOTAL MUNICIPIO","UZBEKISTAN","TOTAL POBLACION",0,1,1
"00","TOTAL MUNICIPIO","VENEZUELA","ESPA�OLES",2,5,7
"00","TOTAL MUNICIPIO","VENEZUELA","EXTRANJEROS",18,21,39
"00","TOTAL MUNICIPIO","VENEZUELA","TOTAL POBLACION",20,26,46
"00","TOTAL MUNICIPIO","VIET-NAM","ESPA�OLES",1,0,1
"00","TOTAL MUNICIPIO","VIET-NAM","EXTRANJEROS",1,1,2
"00","TOTAL MUNICIPIO","VIET-NAM","TOTAL POBLACION",2,1,3
"00","TOTAL MUNICIPIO","ZIMBABWE","EXTRANJEROS",0,1,1
"00","TOTAL MUNICIPIO","ZIMBABWE","TOTAL POBLACION",0,1,1
