"CD","DISTRITO","PROCEDENCIA","NACIONALIDAD","HOMBRES","MUJERES","TOTAL"
" 01","CASCO ANTIGUO","- TODOS -","ESPA�OLES",811,804,1615
" 01","CASCO ANTIGUO","- TODOS -","EXTRANJEROS",204,333,537
" 01","CASCO ANTIGUO","- TODOS -","TOTAL POBLACION",1015,1137,2152
" 01","CASCO ANTIGUO","ALBANIA","EXTRANJEROS",1,0,1
" 01","CASCO ANTIGUO","ALBANIA","TOTAL POBLACION",1,0,1
" 01","CASCO ANTIGUO","ALEMANIA","ESPA�OLES",3,3,6
" 01","CASCO ANTIGUO","ALEMANIA","EXTRANJEROS",8,13,21
" 01","CASCO ANTIGUO","ALEMANIA","TOTAL POBLACION",11,16,27
" 01","CASCO ANTIGUO","ANGOLA","ESPA�OLES",1,0,1
" 01","CASCO ANTIGUO","ANGOLA","TOTAL POBLACION",1,0,1
" 01","CASCO ANTIGUO","ARGENTINA","ESPA�OLES",1,3,4
" 01","CASCO ANTIGUO","ARGENTINA","EXTRANJEROS",5,5,10
" 01","CASCO ANTIGUO","ARGENTINA","TOTAL POBLACION",6,8,14
" 01","CASCO ANTIGUO","AUSTRALIA","ESPA�OLES",0,1,1
" 01","CASCO ANTIGUO","AUSTRALIA","EXTRANJEROS",2,1,3
" 01","CASCO ANTIGUO","AUSTRALIA","TOTAL POBLACION",2,2,4
" 01","CASCO ANTIGUO","AUSTRIA","ESPA�OLES",1,1,2
" 01","CASCO ANTIGUO","AUSTRIA","EXTRANJEROS",0,1,1
" 01","CASCO ANTIGUO","AUSTRIA","TOTAL POBLACION",1,2,3
" 01","CASCO ANTIGUO","BELGICA","EXTRANJEROS",0,4,4
" 01","CASCO ANTIGUO","BELGICA","TOTAL POBLACION",0,4,4
" 01","CASCO ANTIGUO","BOLIVIA","ESPA�OLES",0,1,1
" 01","CASCO ANTIGUO","BOLIVIA","EXTRANJEROS",0,1,1
" 01","CASCO ANTIGUO","BOLIVIA","TOTAL POBLACION",0,2,2
" 01","CASCO ANTIGUO","BRASIL","ESPA�OLES",1,0,1
" 01","CASCO ANTIGUO","BRASIL","EXTRANJEROS",2,9,11
" 01","CASCO ANTIGUO","BRASIL","TOTAL POBLACION",3,9,12
" 01","CASCO ANTIGUO","CANADA","EXTRANJEROS",4,4,8
" 01","CASCO ANTIGUO","CANADA","TOTAL POBLACION",4,4,8
" 01","CASCO ANTIGUO","CHILE","ESPA�OLES",3,1,4
" 01","CASCO ANTIGUO","CHILE","TOTAL POBLACION",3,1,4
" 01","CASCO ANTIGUO","CHINA","ESPA�OLES",2,0,2
" 01","CASCO ANTIGUO","CHINA","EXTRANJEROS",4,6,10
" 01","CASCO ANTIGUO","CHINA","TOTAL POBLACION",6,6,12
" 01","CASCO ANTIGUO","COLOMBIA","ESPA�OLES",1,1,2
" 01","CASCO ANTIGUO","COLOMBIA","EXTRANJEROS",0,1,1
" 01","CASCO ANTIGUO","COLOMBIA","TOTAL POBLACION",1,2,3
" 01","CASCO ANTIGUO","COSTA RICA","EXTRANJEROS",0,1,1
" 01","CASCO ANTIGUO","COSTA RICA","TOTAL POBLACION",0,1,1
" 01","CASCO ANTIGUO","CUBA","ESPA�OLES",1,0,1
" 01","CASCO ANTIGUO","CUBA","EXTRANJEROS",3,2,5
" 01","CASCO ANTIGUO","CUBA","TOTAL POBLACION",4,2,6
" 01","CASCO ANTIGUO","DINAMARCA","EXTRANJEROS",0,1,1
" 01","CASCO ANTIGUO","DINAMARCA","TOTAL POBLACION",0,1,1
" 01","CASCO ANTIGUO","ECUADOR","ESPA�OLES",1,0,1
" 01","CASCO ANTIGUO","ECUADOR","EXTRANJEROS",0,3,3
" 01","CASCO ANTIGUO","ECUADOR","TOTAL POBLACION",1,3,4
" 01","CASCO ANTIGUO","EGIPTO","EXTRANJEROS",1,0,1
" 01","CASCO ANTIGUO","EGIPTO","TOTAL POBLACION",1,0,1
" 01","CASCO ANTIGUO","EL SALVADOR","EXTRANJEROS",0,1,1
" 01","CASCO ANTIGUO","EL SALVADOR","TOTAL POBLACION",0,1,1
" 01","CASCO ANTIGUO","EMIRATOS ARABES UNIDOS","ESPA�OLES",2,0,2
" 01","CASCO ANTIGUO","EMIRATOS ARABES UNIDOS","TOTAL POBLACION",2,0,2
" 01","CASCO ANTIGUO","ESPA�A","ESPA�OLES",756,760,1516
" 01","CASCO ANTIGUO","ESPA�A","EXTRANJEROS",68,114,182
" 01","CASCO ANTIGUO","ESPA�A","TOTAL POBLACION",824,874,1698
" 01","CASCO ANTIGUO","ESTADOS UNIDOS DE AMERICA","ESPA�OLES",8,4,12
" 01","CASCO ANTIGUO","ESTADOS UNIDOS DE AMERICA","EXTRANJEROS",12,22,34
" 01","CASCO ANTIGUO","ESTADOS UNIDOS DE AMERICA","TOTAL POBLACION",20,26,46
" 01","CASCO ANTIGUO","FILIPINAS","ESPA�OLES",0,1,1
" 01","CASCO ANTIGUO","FILIPINAS","EXTRANJEROS",0,4,4
" 01","CASCO ANTIGUO","FILIPINAS","TOTAL POBLACION",0,5,5
" 01","CASCO ANTIGUO","FINLANDIA","EXTRANJEROS",0,1,1
" 01","CASCO ANTIGUO","FINLANDIA","TOTAL POBLACION",0,1,1
" 01","CASCO ANTIGUO","FRANCIA","ESPA�OLES",5,10,15
" 01","CASCO ANTIGUO","FRANCIA","EXTRANJEROS",20,20,40
" 01","CASCO ANTIGUO","FRANCIA","TOTAL POBLACION",25,30,55
" 01","CASCO ANTIGUO","GRANADA","EXTRANJEROS",0,1,1
" 01","CASCO ANTIGUO","GRANADA","TOTAL POBLACION",0,1,1
" 01","CASCO ANTIGUO","GRECIA","EXTRANJEROS",1,2,3
" 01","CASCO ANTIGUO","GRECIA","TOTAL POBLACION",1,2,3
" 01","CASCO ANTIGUO","GUATEMALA","EXTRANJEROS",1,1,2
" 01","CASCO ANTIGUO","GUATEMALA","TOTAL POBLACION",1,1,2
" 01","CASCO ANTIGUO","HONDURAS","EXTRANJEROS",0,3,3
" 01","CASCO ANTIGUO","HONDURAS","TOTAL POBLACION",0,3,3
" 01","CASCO ANTIGUO","HUNGRIA","EXTRANJEROS",1,1,2
" 01","CASCO ANTIGUO","HUNGRIA","TOTAL POBLACION",1,1,2
" 01","CASCO ANTIGUO","INDIA","EXTRANJEROS",1,0,1
" 01","CASCO ANTIGUO","INDIA","TOTAL POBLACION",1,0,1
" 01","CASCO ANTIGUO","INDONESIA","ESPA�OLES",1,0,1
" 01","CASCO ANTIGUO","INDONESIA","TOTAL POBLACION",1,0,1
" 01","CASCO ANTIGUO","IRLANDA","ESPA�OLES",0,1,1
" 01","CASCO ANTIGUO","IRLANDA","EXTRANJEROS",0,1,1
" 01","CASCO ANTIGUO","IRLANDA","TOTAL POBLACION",0,2,2
" 01","CASCO ANTIGUO","ISLANDIA","EXTRANJEROS",1,0,1
" 01","CASCO ANTIGUO","ISLANDIA","TOTAL POBLACION",1,0,1
" 01","CASCO ANTIGUO","ISRAEL","EXTRANJEROS",1,1,2
" 01","CASCO ANTIGUO","ISRAEL","TOTAL POBLACION",1,1,2
" 01","CASCO ANTIGUO","ITALIA","ESPA�OLES",4,5,9
" 01","CASCO ANTIGUO","ITALIA","EXTRANJEROS",18,30,48
" 01","CASCO ANTIGUO","ITALIA","TOTAL POBLACION",22,35,57
" 01","CASCO ANTIGUO","JAPON","EXTRANJEROS",1,1,2
" 01","CASCO ANTIGUO","JAPON","TOTAL POBLACION",1,1,2
" 01","CASCO ANTIGUO","LETONIA","EXTRANJEROS",0,1,1
" 01","CASCO ANTIGUO","LETONIA","TOTAL POBLACION",0,1,1
" 01","CASCO ANTIGUO","LIBANO","EXTRANJEROS",1,0,1
" 01","CASCO ANTIGUO","LIBANO","TOTAL POBLACION",1,0,1
" 01","CASCO ANTIGUO","LITUANIA","EXTRANJEROS",0,4,4
" 01","CASCO ANTIGUO","LITUANIA","TOTAL POBLACION",0,4,4
" 01","CASCO ANTIGUO","MALTA","ESPA�OLES",1,0,1
" 01","CASCO ANTIGUO","MALTA","TOTAL POBLACION",1,0,1
" 01","CASCO ANTIGUO","MARRUECOS","ESPA�OLES",1,0,1
" 01","CASCO ANTIGUO","MARRUECOS","EXTRANJEROS",0,2,2
" 01","CASCO ANTIGUO","MARRUECOS","TOTAL POBLACION",1,2,3
" 01","CASCO ANTIGUO","MAURITANIA","ESPA�OLES",1,0,1
" 01","CASCO ANTIGUO","MAURITANIA","EXTRANJEROS",1,0,1
" 01","CASCO ANTIGUO","MAURITANIA","TOTAL POBLACION",2,0,2
" 01","CASCO ANTIGUO","MEXICO","ESPA�OLES",1,0,1
" 01","CASCO ANTIGUO","MEXICO","EXTRANJEROS",3,7,10
" 01","CASCO ANTIGUO","MEXICO","TOTAL POBLACION",4,7,11
" 01","CASCO ANTIGUO","NICARAGUA","EXTRANJEROS",1,5,6
" 01","CASCO ANTIGUO","NICARAGUA","TOTAL POBLACION",1,5,6
" 01","CASCO ANTIGUO","NORUEGA","ESPA�OLES",1,0,1
" 01","CASCO ANTIGUO","NORUEGA","EXTRANJEROS",4,1,5
" 01","CASCO ANTIGUO","NORUEGA","TOTAL POBLACION",5,1,6
" 01","CASCO ANTIGUO","PAISES BAJOS","ESPA�OLES",0,1,1
" 01","CASCO ANTIGUO","PAISES BAJOS","EXTRANJEROS",1,2,3
" 01","CASCO ANTIGUO","PAISES BAJOS","TOTAL POBLACION",1,3,4
" 01","CASCO ANTIGUO","PAKISTAN","EXTRANJEROS",1,0,1
" 01","CASCO ANTIGUO","PAKISTAN","TOTAL POBLACION",1,0,1
" 01","CASCO ANTIGUO","PANAMA","EXTRANJEROS",1,0,1
" 01","CASCO ANTIGUO","PANAMA","TOTAL POBLACION",1,0,1
" 01","CASCO ANTIGUO","PARAGUAY","EXTRANJEROS",1,2,3
" 01","CASCO ANTIGUO","PARAGUAY","TOTAL POBLACION",1,2,3
" 01","CASCO ANTIGUO","PERU","ESPA�OLES",1,0,1
" 01","CASCO ANTIGUO","PERU","EXTRANJEROS",0,3,3
" 01","CASCO ANTIGUO","PERU","TOTAL POBLACION",1,3,4
" 01","CASCO ANTIGUO","POLONIA","ESPA�OLES",2,0,2
" 01","CASCO ANTIGUO","POLONIA","EXTRANJEROS",0,4,4
" 01","CASCO ANTIGUO","POLONIA","TOTAL POBLACION",2,4,6
" 01","CASCO ANTIGUO","PORTUGAL","ESPA�OLES",1,2,3
" 01","CASCO ANTIGUO","PORTUGAL","EXTRANJEROS",9,5,14
" 01","CASCO ANTIGUO","PORTUGAL","TOTAL POBLACION",10,7,17
" 01","CASCO ANTIGUO","REINO UNIDO","ESPA�OLES",5,7,12
" 01","CASCO ANTIGUO","REINO UNIDO","EXTRANJEROS",17,14,31
" 01","CASCO ANTIGUO","REINO UNIDO","TOTAL POBLACION",22,21,43
" 01","CASCO ANTIGUO","REPUBLICA CHECA","EXTRANJEROS",0,1,1
" 01","CASCO ANTIGUO","REPUBLICA CHECA","TOTAL POBLACION",0,1,1
" 01","CASCO ANTIGUO","REPUBLICA DE COREA","EXTRANJEROS",2,3,5
" 01","CASCO ANTIGUO","REPUBLICA DE COREA","TOTAL POBLACION",2,3,5
" 01","CASCO ANTIGUO","REPUBLICA DOMINICANA","EXTRANJEROS",1,8,9
" 01","CASCO ANTIGUO","REPUBLICA DOMINICANA","TOTAL POBLACION",1,8,9
" 01","CASCO ANTIGUO","RUMANIA","EXTRANJEROS",2,3,5
" 01","CASCO ANTIGUO","RUMANIA","TOTAL POBLACION",2,3,5
" 01","CASCO ANTIGUO","RUSIA","ESPA�OLES",2,0,2
" 01","CASCO ANTIGUO","RUSIA","EXTRANJEROS",1,2,3
" 01","CASCO ANTIGUO","RUSIA","TOTAL POBLACION",3,2,5
" 01","CASCO ANTIGUO","SINGAPUR","EXTRANJEROS",0,1,1
" 01","CASCO ANTIGUO","SINGAPUR","TOTAL POBLACION",0,1,1
" 01","CASCO ANTIGUO","SIRIA","EXTRANJEROS",0,1,1
" 01","CASCO ANTIGUO","SIRIA","TOTAL POBLACION",0,1,1
" 01","CASCO ANTIGUO","SUECIA","ESPA�OLES",1,0,1
" 01","CASCO ANTIGUO","SUECIA","EXTRANJEROS",0,2,2
" 01","CASCO ANTIGUO","SUECIA","TOTAL POBLACION",1,2,3
" 01","CASCO ANTIGUO","TAILANDIA","EXTRANJEROS",0,1,1
" 01","CASCO ANTIGUO","TAILANDIA","TOTAL POBLACION",0,1,1
" 01","CASCO ANTIGUO","TURQUIA","ESPA�OLES",0,1,1
" 01","CASCO ANTIGUO","TURQUIA","EXTRANJEROS",0,1,1
" 01","CASCO ANTIGUO","TURQUIA","TOTAL POBLACION",0,2,2
" 01","CASCO ANTIGUO","UCRANIA","ESPA�OLES",1,0,1
" 01","CASCO ANTIGUO","UCRANIA","TOTAL POBLACION",1,0,1
" 01","CASCO ANTIGUO","URUGUAY","EXTRANJEROS",1,0,1
" 01","CASCO ANTIGUO","URUGUAY","TOTAL POBLACION",1,0,1
" 01","CASCO ANTIGUO","VENEZUELA","ESPA�OLES",2,1,3
" 01","CASCO ANTIGUO","VENEZUELA","EXTRANJEROS",2,5,7
" 01","CASCO ANTIGUO","VENEZUELA","TOTAL POBLACION",4,6,10
" 02","MACARENA","- TODOS -","ESPA�OLES",760,820,1580
" 02","MACARENA","- TODOS -","EXTRANJEROS",393,438,831
" 02","MACARENA","- TODOS -","TOTAL POBLACION",1153,1258,2411
" 02","MACARENA","ALEMANIA","ESPA�OLES",0,3,3
" 02","MACARENA","ALEMANIA","EXTRANJEROS",2,2,4
" 02","MACARENA","ALEMANIA","TOTAL POBLACION",2,5,7
" 02","MACARENA","ARABIA SAUDITA","ESPA�OLES",1,0,1
" 02","MACARENA","ARABIA SAUDITA","TOTAL POBLACION",1,0,1
" 02","MACARENA","ARGELIA","EXTRANJEROS",2,0,2
" 02","MACARENA","ARGELIA","TOTAL POBLACION",2,0,2
" 02","MACARENA","ARGENTINA","ESPA�OLES",1,1,2
" 02","MACARENA","ARGENTINA","EXTRANJEROS",3,5,8
" 02","MACARENA","ARGENTINA","TOTAL POBLACION",4,6,10
" 02","MACARENA","ARMENIA","EXTRANJEROS",1,1,2
" 02","MACARENA","ARMENIA","TOTAL POBLACION",1,1,2
" 02","MACARENA","AUSTRIA","EXTRANJEROS",0,1,1
" 02","MACARENA","AUSTRIA","TOTAL POBLACION",0,1,1
" 02","MACARENA","BELGICA","EXTRANJEROS",0,1,1
" 02","MACARENA","BELGICA","TOTAL POBLACION",0,1,1
" 02","MACARENA","BOLIVIA","ESPA�OLES",6,8,14
" 02","MACARENA","BOLIVIA","EXTRANJEROS",25,18,43
" 02","MACARENA","BOLIVIA","TOTAL POBLACION",31,26,57
" 02","MACARENA","BRASIL","ESPA�OLES",3,0,3
" 02","MACARENA","BRASIL","EXTRANJEROS",4,6,10
" 02","MACARENA","BRASIL","TOTAL POBLACION",7,6,13
" 02","MACARENA","BULGARIA","EXTRANJEROS",0,1,1
" 02","MACARENA","BULGARIA","TOTAL POBLACION",0,1,1
" 02","MACARENA","CHILE","ESPA�OLES",0,1,1
" 02","MACARENA","CHILE","EXTRANJEROS",2,1,3
" 02","MACARENA","CHILE","TOTAL POBLACION",2,2,4
" 02","MACARENA","CHINA","EXTRANJEROS",6,10,16
" 02","MACARENA","CHINA","TOTAL POBLACION",6,10,16
" 02","MACARENA","COLOMBIA","ESPA�OLES",2,1,3
" 02","MACARENA","COLOMBIA","EXTRANJEROS",7,10,17
" 02","MACARENA","COLOMBIA","TOTAL POBLACION",9,11,20
" 02","MACARENA","CUBA","ESPA�OLES",1,1,2
" 02","MACARENA","CUBA","EXTRANJEROS",0,5,5
" 02","MACARENA","CUBA","TOTAL POBLACION",1,6,7
" 02","MACARENA","ECUADOR","ESPA�OLES",8,5,13
" 02","MACARENA","ECUADOR","EXTRANJEROS",2,2,4
" 02","MACARENA","ECUADOR","TOTAL POBLACION",10,7,17
" 02","MACARENA","EL SALVADOR","EXTRANJEROS",2,1,3
" 02","MACARENA","EL SALVADOR","TOTAL POBLACION",2,1,3
" 02","MACARENA","ESPA�A","ESPA�OLES",717,780,1497
" 02","MACARENA","ESPA�A","EXTRANJEROS",214,211,425
" 02","MACARENA","ESPA�A","TOTAL POBLACION",931,991,1922
" 02","MACARENA","ESTADOS UNIDOS DE AMERICA","ESPA�OLES",1,2,3
" 02","MACARENA","ESTADOS UNIDOS DE AMERICA","EXTRANJEROS",4,1,5
" 02","MACARENA","ESTADOS UNIDOS DE AMERICA","TOTAL POBLACION",5,3,8
" 02","MACARENA","ESTONIA","EXTRANJEROS",1,0,1
" 02","MACARENA","ESTONIA","TOTAL POBLACION",1,0,1
" 02","MACARENA","FILIPINAS","EXTRANJEROS",4,2,6
" 02","MACARENA","FILIPINAS","TOTAL POBLACION",4,2,6
" 02","MACARENA","FRANCIA","ESPA�OLES",2,1,3
" 02","MACARENA","FRANCIA","EXTRANJEROS",8,4,12
" 02","MACARENA","FRANCIA","TOTAL POBLACION",10,5,15
" 02","MACARENA","GEORGIA","EXTRANJEROS",4,2,6
" 02","MACARENA","GEORGIA","TOTAL POBLACION",4,2,6
" 02","MACARENA","GRECIA","EXTRANJEROS",0,2,2
" 02","MACARENA","GRECIA","TOTAL POBLACION",0,2,2
" 02","MACARENA","HONDURAS","EXTRANJEROS",1,6,7
" 02","MACARENA","HONDURAS","TOTAL POBLACION",1,6,7
" 02","MACARENA","INDIA","EXTRANJEROS",1,0,1
" 02","MACARENA","INDIA","TOTAL POBLACION",1,0,1
" 02","MACARENA","IRLANDA","ESPA�OLES",0,1,1
" 02","MACARENA","IRLANDA","TOTAL POBLACION",0,1,1
" 02","MACARENA","ITALIA","ESPA�OLES",1,0,1
" 02","MACARENA","ITALIA","EXTRANJEROS",4,8,12
" 02","MACARENA","ITALIA","TOTAL POBLACION",5,8,13
" 02","MACARENA","MARRUECOS","ESPA�OLES",1,3,4
" 02","MACARENA","MARRUECOS","EXTRANJEROS",13,12,25
" 02","MACARENA","MARRUECOS","TOTAL POBLACION",14,15,29
" 02","MACARENA","MEXICO","ESPA�OLES",3,1,4
" 02","MACARENA","MEXICO","EXTRANJEROS",1,4,5
" 02","MACARENA","MEXICO","TOTAL POBLACION",4,5,9
" 02","MACARENA","NEPAL","EXTRANJEROS",1,0,1
" 02","MACARENA","NEPAL","TOTAL POBLACION",1,0,1
" 02","MACARENA","NICARAGUA","ESPA�OLES",1,0,1
" 02","MACARENA","NICARAGUA","EXTRANJEROS",14,51,65
" 02","MACARENA","NICARAGUA","TOTAL POBLACION",15,51,66
" 02","MACARENA","NIGERIA","EXTRANJEROS",2,3,5
" 02","MACARENA","NIGERIA","TOTAL POBLACION",2,3,5
" 02","MACARENA","PAISES BAJOS","ESPA�OLES",0,1,1
" 02","MACARENA","PAISES BAJOS","EXTRANJEROS",0,1,1
" 02","MACARENA","PAISES BAJOS","TOTAL POBLACION",0,2,2
" 02","MACARENA","PAKISTAN","EXTRANJEROS",7,0,7
" 02","MACARENA","PAKISTAN","TOTAL POBLACION",7,0,7
" 02","MACARENA","PARAGUAY","ESPA�OLES",1,0,1
" 02","MACARENA","PARAGUAY","EXTRANJEROS",3,2,5
" 02","MACARENA","PARAGUAY","TOTAL POBLACION",4,2,6
" 02","MACARENA","PERU","ESPA�OLES",5,1,6
" 02","MACARENA","PERU","EXTRANJEROS",3,10,13
" 02","MACARENA","PERU","TOTAL POBLACION",8,11,19
" 02","MACARENA","POLONIA","EXTRANJEROS",1,1,2
" 02","MACARENA","POLONIA","TOTAL POBLACION",1,1,2
" 02","MACARENA","PORTUGAL","ESPA�OLES",2,0,2
" 02","MACARENA","PORTUGAL","EXTRANJEROS",3,1,4
" 02","MACARENA","PORTUGAL","TOTAL POBLACION",5,1,6
" 02","MACARENA","REINO UNIDO","ESPA�OLES",2,6,8
" 02","MACARENA","REINO UNIDO","EXTRANJEROS",3,3,6
" 02","MACARENA","REINO UNIDO","TOTAL POBLACION",5,9,14
" 02","MACARENA","REPUBLICA DOMINICANA","ESPA�OLES",0,1,1
" 02","MACARENA","REPUBLICA DOMINICANA","EXTRANJEROS",3,3,6
" 02","MACARENA","REPUBLICA DOMINICANA","TOTAL POBLACION",3,4,7
" 02","MACARENA","RUMANIA","EXTRANJEROS",7,4,11
" 02","MACARENA","RUMANIA","TOTAL POBLACION",7,4,11
" 02","MACARENA","RUSIA","EXTRANJEROS",1,12,13
" 02","MACARENA","RUSIA","TOTAL POBLACION",1,12,13
" 02","MACARENA","SENEGAL","EXTRANJEROS",5,6,11
" 02","MACARENA","SENEGAL","TOTAL POBLACION",5,6,11
" 02","MACARENA","SIRIA","ESPA�OLES",1,0,1
" 02","MACARENA","SIRIA","EXTRANJEROS",2,0,2
" 02","MACARENA","SIRIA","TOTAL POBLACION",3,0,3
" 02","MACARENA","SUECIA","EXTRANJEROS",1,0,1
" 02","MACARENA","SUECIA","TOTAL POBLACION",1,0,1
" 02","MACARENA","SUIZA","ESPA�OLES",1,2,3
" 02","MACARENA","SUIZA","EXTRANJEROS",0,1,1
" 02","MACARENA","SUIZA","TOTAL POBLACION",1,3,4
" 02","MACARENA","SURINAM","EXTRANJEROS",0,1,1
" 02","MACARENA","SURINAM","TOTAL POBLACION",0,1,1
" 02","MACARENA","TURQUIA","EXTRANJEROS",2,0,2
" 02","MACARENA","TURQUIA","TOTAL POBLACION",2,0,2
" 02","MACARENA","UCRANIA","EXTRANJEROS",13,12,25
" 02","MACARENA","UCRANIA","TOTAL POBLACION",13,12,25
" 02","MACARENA","VENEZUELA","ESPA�OLES",0,1,1
" 02","MACARENA","VENEZUELA","EXTRANJEROS",11,11,22
" 02","MACARENA","VENEZUELA","TOTAL POBLACION",11,12,23
" 03","NERVION","- TODOS -","ESPA�OLES",554,599,1153
" 03","NERVION","- TODOS -","EXTRANJEROS",122,152,274
" 03","NERVION","- TODOS -","TOTAL POBLACION",676,751,1427
" 03","NERVION","ALEMANIA","ESPA�OLES",6,2,8
" 03","NERVION","ALEMANIA","EXTRANJEROS",2,1,3
" 03","NERVION","ALEMANIA","TOTAL POBLACION",8,3,11
" 03","NERVION","ARGELIA","ESPA�OLES",1,0,1
" 03","NERVION","ARGELIA","TOTAL POBLACION",1,0,1
" 03","NERVION","ARGENTINA","ESPA�OLES",0,1,1
" 03","NERVION","ARGENTINA","EXTRANJEROS",1,0,1
" 03","NERVION","ARGENTINA","TOTAL POBLACION",1,1,2
" 03","NERVION","AUSTRALIA","EXTRANJEROS",2,0,2
" 03","NERVION","AUSTRALIA","TOTAL POBLACION",2,0,2
" 03","NERVION","BELGICA","ESPA�OLES",6,3,9
" 03","NERVION","BELGICA","TOTAL POBLACION",6,3,9
" 03","NERVION","BOLIVIA","EXTRANJEROS",1,3,4
" 03","NERVION","BOLIVIA","TOTAL POBLACION",1,3,4
" 03","NERVION","BRASIL","ESPA�OLES",3,1,4
" 03","NERVION","BRASIL","EXTRANJEROS",6,6,12
" 03","NERVION","BRASIL","TOTAL POBLACION",9,7,16
" 03","NERVION","BULGARIA","EXTRANJEROS",0,1,1
" 03","NERVION","BULGARIA","TOTAL POBLACION",0,1,1
" 03","NERVION","CAMERUN","EXTRANJEROS",2,0,2
" 03","NERVION","CAMERUN","TOTAL POBLACION",2,0,2
" 03","NERVION","CANADA","ESPA�OLES",0,1,1
" 03","NERVION","CANADA","TOTAL POBLACION",0,1,1
" 03","NERVION","CHILE","ESPA�OLES",0,1,1
" 03","NERVION","CHILE","EXTRANJEROS",2,1,3
" 03","NERVION","CHILE","TOTAL POBLACION",2,2,4
" 03","NERVION","CHINA","ESPA�OLES",1,1,2
" 03","NERVION","CHINA","EXTRANJEROS",6,11,17
" 03","NERVION","CHINA","TOTAL POBLACION",7,12,19
" 03","NERVION","COLOMBIA","EXTRANJEROS",0,3,3
" 03","NERVION","COLOMBIA","TOTAL POBLACION",0,3,3
" 03","NERVION","COSTA DE MARFIL","EXTRANJEROS",1,0,1
" 03","NERVION","COSTA DE MARFIL","TOTAL POBLACION",1,0,1
" 03","NERVION","COSTA RICA","ESPA�OLES",1,0,1
" 03","NERVION","COSTA RICA","TOTAL POBLACION",1,0,1
" 03","NERVION","CUBA","ESPA�OLES",1,1,2
" 03","NERVION","CUBA","EXTRANJEROS",2,0,2
" 03","NERVION","CUBA","TOTAL POBLACION",3,1,4
" 03","NERVION","DINAMARCA","EXTRANJEROS",1,1,2
" 03","NERVION","DINAMARCA","TOTAL POBLACION",1,1,2
" 03","NERVION","ECUADOR","ESPA�OLES",1,0,1
" 03","NERVION","ECUADOR","EXTRANJEROS",2,5,7
" 03","NERVION","ECUADOR","TOTAL POBLACION",3,5,8
" 03","NERVION","EGIPTO","EXTRANJEROS",3,1,4
" 03","NERVION","EGIPTO","TOTAL POBLACION",3,1,4
" 03","NERVION","ESPA�A","ESPA�OLES",522,565,1087
" 03","NERVION","ESPA�A","EXTRANJEROS",47,64,111
" 03","NERVION","ESPA�A","TOTAL POBLACION",569,629,1198
" 03","NERVION","ESTADOS UNIDOS DE AMERICA","ESPA�OLES",2,6,8
" 03","NERVION","ESTADOS UNIDOS DE AMERICA","EXTRANJEROS",3,4,7
" 03","NERVION","ESTADOS UNIDOS DE AMERICA","TOTAL POBLACION",5,10,15
" 03","NERVION","ESTONIA","EXTRANJEROS",1,0,1
" 03","NERVION","ESTONIA","TOTAL POBLACION",1,0,1
" 03","NERVION","FINLANDIA","EXTRANJEROS",0,1,1
" 03","NERVION","FINLANDIA","TOTAL POBLACION",0,1,1
" 03","NERVION","FRANCIA","ESPA�OLES",4,5,9
" 03","NERVION","FRANCIA","EXTRANJEROS",4,5,9
" 03","NERVION","FRANCIA","TOTAL POBLACION",8,10,18
" 03","NERVION","GEORGIA","EXTRANJEROS",0,2,2
" 03","NERVION","GEORGIA","TOTAL POBLACION",0,2,2
" 03","NERVION","GRECIA","EXTRANJEROS",1,0,1
" 03","NERVION","GRECIA","TOTAL POBLACION",1,0,1
" 03","NERVION","GUATEMALA","ESPA�OLES",0,1,1
" 03","NERVION","GUATEMALA","TOTAL POBLACION",0,1,1
" 03","NERVION","GUINEA","EXTRANJEROS",2,0,2
" 03","NERVION","GUINEA","TOTAL POBLACION",2,0,2
" 03","NERVION","HONDURAS","EXTRANJEROS",0,3,3
" 03","NERVION","HONDURAS","TOTAL POBLACION",0,3,3
" 03","NERVION","ITALIA","ESPA�OLES",1,2,3
" 03","NERVION","ITALIA","EXTRANJEROS",3,2,5
" 03","NERVION","ITALIA","TOTAL POBLACION",4,4,8
" 03","NERVION","JAPON","ESPA�OLES",1,0,1
" 03","NERVION","JAPON","TOTAL POBLACION",1,0,1
" 03","NERVION","LIBANO","EXTRANJEROS",1,0,1
" 03","NERVION","LIBANO","TOTAL POBLACION",1,0,1
" 03","NERVION","MARRUECOS","ESPA�OLES",0,1,1
" 03","NERVION","MARRUECOS","EXTRANJEROS",3,1,4
" 03","NERVION","MARRUECOS","TOTAL POBLACION",3,2,5
" 03","NERVION","MEXICO","ESPA�OLES",1,0,1
" 03","NERVION","MEXICO","EXTRANJEROS",2,3,5
" 03","NERVION","MEXICO","TOTAL POBLACION",3,3,6
" 03","NERVION","NICARAGUA","EXTRANJEROS",1,2,3
" 03","NERVION","NICARAGUA","TOTAL POBLACION",1,2,3
" 03","NERVION","PAISES BAJOS","ESPA�OLES",1,2,3
" 03","NERVION","PAISES BAJOS","EXTRANJEROS",1,2,3
" 03","NERVION","PAISES BAJOS","TOTAL POBLACION",2,4,6
" 03","NERVION","PALESTINA. ESTADO OBSERVADOR, NO MIEMBRO DE NACIONES UNIDAS","EXTRANJEROS",4,0,4
" 03","NERVION","PALESTINA. ESTADO OBSERVADOR, NO MIEMBRO DE NACIONES UNIDAS","TOTAL POBLACION",4,0,4
" 03","NERVION","PARAGUAY","EXTRANJEROS",2,0,2
" 03","NERVION","PARAGUAY","TOTAL POBLACION",2,0,2
" 03","NERVION","PERU","ESPA�OLES",1,0,1
" 03","NERVION","PERU","EXTRANJEROS",1,3,4
" 03","NERVION","PERU","TOTAL POBLACION",2,3,5
" 03","NERVION","POLONIA","ESPA�OLES",0,1,1
" 03","NERVION","POLONIA","EXTRANJEROS",0,3,3
" 03","NERVION","POLONIA","TOTAL POBLACION",0,4,4
" 03","NERVION","PORTUGAL","ESPA�OLES",0,3,3
" 03","NERVION","PORTUGAL","EXTRANJEROS",1,1,2
" 03","NERVION","PORTUGAL","TOTAL POBLACION",1,4,5
" 03","NERVION","REINO UNIDO","ESPA�OLES",1,0,1
" 03","NERVION","REINO UNIDO","EXTRANJEROS",3,3,6
" 03","NERVION","REINO UNIDO","TOTAL POBLACION",4,3,7
" 03","NERVION","REPUBLICA DE COREA","EXTRANJEROS",2,3,5
" 03","NERVION","REPUBLICA DE COREA","TOTAL POBLACION",2,3,5
" 03","NERVION","REPUBLICA DOMINICANA","EXTRANJEROS",0,1,1
" 03","NERVION","REPUBLICA DOMINICANA","TOTAL POBLACION",0,1,1
" 03","NERVION","RUMANIA","EXTRANJEROS",0,2,2
" 03","NERVION","RUMANIA","TOTAL POBLACION",0,2,2
" 03","NERVION","RUSIA","EXTRANJEROS",2,3,5
" 03","NERVION","RUSIA","TOTAL POBLACION",2,3,5
" 03","NERVION","SINGAPUR","EXTRANJEROS",1,0,1
" 03","NERVION","SINGAPUR","TOTAL POBLACION",1,0,1
" 03","NERVION","SIRIA","EXTRANJEROS",1,0,1
" 03","NERVION","SIRIA","TOTAL POBLACION",1,0,1
" 03","NERVION","UCRANIA","EXTRANJEROS",2,2,4
" 03","NERVION","UCRANIA","TOTAL POBLACION",2,2,4
" 03","NERVION","URUGUAY","ESPA�OLES",0,1,1
" 03","NERVION","URUGUAY","TOTAL POBLACION",0,1,1
" 03","NERVION","VENEZUELA","ESPA�OLES",0,1,1
" 03","NERVION","VENEZUELA","EXTRANJEROS",3,9,12
" 03","NERVION","VENEZUELA","TOTAL POBLACION",3,10,13
" 04","CERRO-AMATE","- TODOS -","ESPA�OLES",692,701,1393
" 04","CERRO-AMATE","- TODOS -","EXTRANJEROS",394,385,779
" 04","CERRO-AMATE","- TODOS -","TOTAL POBLACION",1086,1086,2172
" 04","CERRO-AMATE","ALEMANIA","ESPA�OLES",3,1,4
" 04","CERRO-AMATE","ALEMANIA","TOTAL POBLACION",3,1,4
" 04","CERRO-AMATE","ARGELIA","EXTRANJEROS",4,2,6
" 04","CERRO-AMATE","ARGELIA","TOTAL POBLACION",4,2,6
" 04","CERRO-AMATE","ARMENIA","EXTRANJEROS",0,1,1
" 04","CERRO-AMATE","ARMENIA","TOTAL POBLACION",0,1,1
" 04","CERRO-AMATE","AUSTRALIA","ESPA�OLES",1,0,1
" 04","CERRO-AMATE","AUSTRALIA","TOTAL POBLACION",1,0,1
" 04","CERRO-AMATE","AUSTRIA","EXTRANJEROS",1,1,2
" 04","CERRO-AMATE","AUSTRIA","TOTAL POBLACION",1,1,2
" 04","CERRO-AMATE","BELGICA","ESPA�OLES",0,1,1
" 04","CERRO-AMATE","BELGICA","TOTAL POBLACION",0,1,1
" 04","CERRO-AMATE","BENIN","EXTRANJEROS",1,0,1
" 04","CERRO-AMATE","BENIN","TOTAL POBLACION",1,0,1
" 04","CERRO-AMATE","BOLIVIA","ESPA�OLES",0,1,1
" 04","CERRO-AMATE","BOLIVIA","EXTRANJEROS",1,2,3
" 04","CERRO-AMATE","BOLIVIA","TOTAL POBLACION",1,3,4
" 04","CERRO-AMATE","BRASIL","ESPA�OLES",1,0,1
" 04","CERRO-AMATE","BRASIL","EXTRANJEROS",1,4,5
" 04","CERRO-AMATE","BRASIL","TOTAL POBLACION",2,4,6
" 04","CERRO-AMATE","BULGARIA","EXTRANJEROS",1,0,1
" 04","CERRO-AMATE","BULGARIA","TOTAL POBLACION",1,0,1
" 04","CERRO-AMATE","CABO VERDE","EXTRANJEROS",0,1,1
" 04","CERRO-AMATE","CABO VERDE","TOTAL POBLACION",0,1,1
" 04","CERRO-AMATE","CHILE","EXTRANJEROS",1,1,2
" 04","CERRO-AMATE","CHILE","TOTAL POBLACION",1,1,2
" 04","CERRO-AMATE","CHINA","EXTRANJEROS",8,12,20
" 04","CERRO-AMATE","CHINA","TOTAL POBLACION",8,12,20
" 04","CERRO-AMATE","COLOMBIA","ESPA�OLES",0,1,1
" 04","CERRO-AMATE","COLOMBIA","EXTRANJEROS",4,6,10
" 04","CERRO-AMATE","COLOMBIA","TOTAL POBLACION",4,7,11
" 04","CERRO-AMATE","CROACIA","ESPA�OLES",0,1,1
" 04","CERRO-AMATE","CROACIA","EXTRANJEROS",0,1,1
" 04","CERRO-AMATE","CROACIA","TOTAL POBLACION",0,2,2
" 04","CERRO-AMATE","CUBA","ESPA�OLES",3,10,13
" 04","CERRO-AMATE","CUBA","EXTRANJEROS",7,7,14
" 04","CERRO-AMATE","CUBA","TOTAL POBLACION",10,17,27
" 04","CERRO-AMATE","ECUADOR","EXTRANJEROS",2,0,2
" 04","CERRO-AMATE","ECUADOR","TOTAL POBLACION",2,0,2
" 04","CERRO-AMATE","EL SALVADOR","EXTRANJEROS",5,10,15
" 04","CERRO-AMATE","EL SALVADOR","TOTAL POBLACION",5,10,15
" 04","CERRO-AMATE","ESPA�A","ESPA�OLES",670,678,1348
" 04","CERRO-AMATE","ESPA�A","EXTRANJEROS",226,222,448
" 04","CERRO-AMATE","ESPA�A","TOTAL POBLACION",896,900,1796
" 04","CERRO-AMATE","ESTADOS UNIDOS DE AMERICA","ESPA�OLES",0,1,1
" 04","CERRO-AMATE","ESTADOS UNIDOS DE AMERICA","TOTAL POBLACION",0,1,1
" 04","CERRO-AMATE","FINLANDIA","EXTRANJEROS",3,1,4
" 04","CERRO-AMATE","FINLANDIA","TOTAL POBLACION",3,1,4
" 04","CERRO-AMATE","FRANCIA","ESPA�OLES",2,2,4
" 04","CERRO-AMATE","FRANCIA","EXTRANJEROS",1,1,2
" 04","CERRO-AMATE","FRANCIA","TOTAL POBLACION",3,3,6
" 04","CERRO-AMATE","GUATEMALA","EXTRANJEROS",0,1,1
" 04","CERRO-AMATE","GUATEMALA","TOTAL POBLACION",0,1,1
" 04","CERRO-AMATE","HONDURAS","EXTRANJEROS",11,12,23
" 04","CERRO-AMATE","HONDURAS","TOTAL POBLACION",11,12,23
" 04","CERRO-AMATE","HUNGRIA","EXTRANJEROS",1,0,1
" 04","CERRO-AMATE","HUNGRIA","TOTAL POBLACION",1,0,1
" 04","CERRO-AMATE","ITALIA","ESPA�OLES",1,0,1
" 04","CERRO-AMATE","ITALIA","EXTRANJEROS",2,1,3
" 04","CERRO-AMATE","ITALIA","TOTAL POBLACION",3,1,4
" 04","CERRO-AMATE","MARRUECOS","ESPA�OLES",0,2,2
" 04","CERRO-AMATE","MARRUECOS","EXTRANJEROS",31,24,55
" 04","CERRO-AMATE","MARRUECOS","TOTAL POBLACION",31,26,57
" 04","CERRO-AMATE","MEXICO","ESPA�OLES",0,1,1
" 04","CERRO-AMATE","MEXICO","EXTRANJEROS",2,1,3
" 04","CERRO-AMATE","MEXICO","TOTAL POBLACION",2,2,4
" 04","CERRO-AMATE","NICARAGUA","EXTRANJEROS",11,17,28
" 04","CERRO-AMATE","NICARAGUA","TOTAL POBLACION",11,17,28
" 04","CERRO-AMATE","NIGERIA","EXTRANJEROS",5,2,7
" 04","CERRO-AMATE","NIGERIA","TOTAL POBLACION",5,2,7
" 04","CERRO-AMATE","OTROS PAISES SIN RELACION DIPLOMATICA","EXTRANJEROS",1,0,1
" 04","CERRO-AMATE","OTROS PAISES SIN RELACION DIPLOMATICA","TOTAL POBLACION",1,0,1
" 04","CERRO-AMATE","PAKISTAN","EXTRANJEROS",1,0,1
" 04","CERRO-AMATE","PAKISTAN","TOTAL POBLACION",1,0,1
" 04","CERRO-AMATE","PARAGUAY","ESPA�OLES",0,1,1
" 04","CERRO-AMATE","PARAGUAY","EXTRANJEROS",6,11,17
" 04","CERRO-AMATE","PARAGUAY","TOTAL POBLACION",6,12,18
" 04","CERRO-AMATE","PERU","ESPA�OLES",5,0,5
" 04","CERRO-AMATE","PERU","EXTRANJEROS",5,3,8
" 04","CERRO-AMATE","PERU","TOTAL POBLACION",10,3,13
" 04","CERRO-AMATE","POLONIA","EXTRANJEROS",0,2,2
" 04","CERRO-AMATE","POLONIA","TOTAL POBLACION",0,2,2
" 04","CERRO-AMATE","PORTUGAL","EXTRANJEROS",2,1,3
" 04","CERRO-AMATE","PORTUGAL","TOTAL POBLACION",2,1,3
" 04","CERRO-AMATE","REINO UNIDO","ESPA�OLES",2,0,2
" 04","CERRO-AMATE","REINO UNIDO","TOTAL POBLACION",2,0,2
" 04","CERRO-AMATE","REPUBLICA DOMINICANA","ESPA�OLES",2,0,2
" 04","CERRO-AMATE","REPUBLICA DOMINICANA","EXTRANJEROS",1,1,2
" 04","CERRO-AMATE","REPUBLICA DOMINICANA","TOTAL POBLACION",3,1,4
" 04","CERRO-AMATE","RUMANIA","EXTRANJEROS",23,17,40
" 04","CERRO-AMATE","RUMANIA","TOTAL POBLACION",23,17,40
" 04","CERRO-AMATE","RUSIA","ESPA�OLES",0,1,1
" 04","CERRO-AMATE","RUSIA","EXTRANJEROS",2,7,9
" 04","CERRO-AMATE","RUSIA","TOTAL POBLACION",2,8,10
" 04","CERRO-AMATE","SENEGAL","ESPA�OLES",1,0,1
" 04","CERRO-AMATE","SENEGAL","EXTRANJEROS",14,3,17
" 04","CERRO-AMATE","SENEGAL","TOTAL POBLACION",15,3,18
" 04","CERRO-AMATE","SUECIA","EXTRANJEROS",1,0,1
" 04","CERRO-AMATE","SUECIA","TOTAL POBLACION",1,0,1
" 04","CERRO-AMATE","UCRANIA","EXTRANJEROS",6,4,10
" 04","CERRO-AMATE","UCRANIA","TOTAL POBLACION",6,4,10
" 04","CERRO-AMATE","URUGUAY","EXTRANJEROS",1,1,2
" 04","CERRO-AMATE","URUGUAY","TOTAL POBLACION",1,1,2
" 04","CERRO-AMATE","VENEZUELA","ESPA�OLES",1,0,1
" 04","CERRO-AMATE","VENEZUELA","EXTRANJEROS",2,4,6
" 04","CERRO-AMATE","VENEZUELA","TOTAL POBLACION",3,4,7
" 04","CERRO-AMATE","VIET-NAM","EXTRANJEROS",0,1,1
" 04","CERRO-AMATE","VIET-NAM","TOTAL POBLACION",0,1,1
" 05","SUR","- TODOS -","ESPA�OLES",751,744,1495
" 05","SUR","- TODOS -","EXTRANJEROS",203,283,486
" 05","SUR","- TODOS -","TOTAL POBLACION",954,1027,1981
" 05","SUR","ALBANIA","EXTRANJEROS",0,1,1
" 05","SUR","ALBANIA","TOTAL POBLACION",0,1,1
" 05","SUR","ALEMANIA","ESPA�OLES",3,7,10
" 05","SUR","ALEMANIA","EXTRANJEROS",3,4,7
" 05","SUR","ALEMANIA","TOTAL POBLACION",6,11,17
" 05","SUR","ARABIA SAUDITA","ESPA�OLES",2,0,2
" 05","SUR","ARABIA SAUDITA","TOTAL POBLACION",2,0,2
" 05","SUR","ARGELIA","EXTRANJEROS",0,1,1
" 05","SUR","ARGELIA","TOTAL POBLACION",0,1,1
" 05","SUR","ARGENTINA","EXTRANJEROS",0,4,4
" 05","SUR","ARGENTINA","TOTAL POBLACION",0,4,4
" 05","SUR","BENIN","ESPA�OLES",1,0,1
" 05","SUR","BENIN","TOTAL POBLACION",1,0,1
" 05","SUR","BOLIVIA","EXTRANJEROS",2,0,2
" 05","SUR","BOLIVIA","TOTAL POBLACION",2,0,2
" 05","SUR","BRASIL","EXTRANJEROS",6,8,14
" 05","SUR","BRASIL","TOTAL POBLACION",6,8,14
" 05","SUR","BULGARIA","EXTRANJEROS",1,1,2
" 05","SUR","BULGARIA","TOTAL POBLACION",1,1,2
" 05","SUR","CHILE","ESPA�OLES",1,3,4
" 05","SUR","CHILE","EXTRANJEROS",0,1,1
" 05","SUR","CHILE","TOTAL POBLACION",1,4,5
" 05","SUR","CHINA","ESPA�OLES",2,0,2
" 05","SUR","CHINA","EXTRANJEROS",3,5,8
" 05","SUR","CHINA","TOTAL POBLACION",5,5,10
" 05","SUR","COLOMBIA","ESPA�OLES",1,2,3
" 05","SUR","COLOMBIA","EXTRANJEROS",2,6,8
" 05","SUR","COLOMBIA","TOTAL POBLACION",3,8,11
" 05","SUR","COSTA DE MARFIL","EXTRANJEROS",0,1,1
" 05","SUR","COSTA DE MARFIL","TOTAL POBLACION",0,1,1
" 05","SUR","CROACIA","ESPA�OLES",1,1,2
" 05","SUR","CROACIA","TOTAL POBLACION",1,1,2
" 05","SUR","CUBA","EXTRANJEROS",1,2,3
" 05","SUR","CUBA","TOTAL POBLACION",1,2,3
" 05","SUR","DINAMARCA","EXTRANJEROS",0,1,1
" 05","SUR","DINAMARCA","TOTAL POBLACION",0,1,1
" 05","SUR","EL SALVADOR","EXTRANJEROS",2,8,10
" 05","SUR","EL SALVADOR","TOTAL POBLACION",2,8,10
" 05","SUR","ESLOVAQUIA","EXTRANJEROS",0,1,1
" 05","SUR","ESLOVAQUIA","TOTAL POBLACION",0,1,1
" 05","SUR","ESPA�A","ESPA�OLES",722,709,1431
" 05","SUR","ESPA�A","EXTRANJEROS",110,128,238
" 05","SUR","ESPA�A","TOTAL POBLACION",832,837,1669
" 05","SUR","ESTADOS UNIDOS DE AMERICA","ESPA�OLES",3,2,5
" 05","SUR","ESTADOS UNIDOS DE AMERICA","EXTRANJEROS",3,6,9
" 05","SUR","ESTADOS UNIDOS DE AMERICA","TOTAL POBLACION",6,8,14
" 05","SUR","FILIPINAS","EXTRANJEROS",0,2,2
" 05","SUR","FILIPINAS","TOTAL POBLACION",0,2,2
" 05","SUR","FRANCIA","ESPA�OLES",1,2,3
" 05","SUR","FRANCIA","EXTRANJEROS",3,4,7
" 05","SUR","FRANCIA","TOTAL POBLACION",4,6,10
" 05","SUR","GUATEMALA","EXTRANJEROS",0,1,1
" 05","SUR","GUATEMALA","TOTAL POBLACION",0,1,1
" 05","SUR","GUINEA ECUATORIAL","EXTRANJEROS",0,2,2
" 05","SUR","GUINEA ECUATORIAL","TOTAL POBLACION",0,2,2
" 05","SUR","HONDURAS","EXTRANJEROS",3,9,12
" 05","SUR","HONDURAS","TOTAL POBLACION",3,9,12
" 05","SUR","IRAK","EXTRANJEROS",1,0,1
" 05","SUR","IRAK","TOTAL POBLACION",1,0,1
" 05","SUR","IRLANDA","ESPA�OLES",1,2,3
" 05","SUR","IRLANDA","EXTRANJEROS",1,0,1
" 05","SUR","IRLANDA","TOTAL POBLACION",2,2,4
" 05","SUR","ITALIA","ESPA�OLES",2,2,4
" 05","SUR","ITALIA","EXTRANJEROS",1,2,3
" 05","SUR","ITALIA","TOTAL POBLACION",3,4,7
" 05","SUR","JAPON","ESPA�OLES",1,0,1
" 05","SUR","JAPON","EXTRANJEROS",1,1,2
" 05","SUR","JAPON","TOTAL POBLACION",2,1,3
" 05","SUR","MARRUECOS","ESPA�OLES",1,0,1
" 05","SUR","MARRUECOS","EXTRANJEROS",7,11,18
" 05","SUR","MARRUECOS","TOTAL POBLACION",8,11,19
" 05","SUR","MEXICO","ESPA�OLES",0,1,1
" 05","SUR","MEXICO","EXTRANJEROS",3,4,7
" 05","SUR","MEXICO","TOTAL POBLACION",3,5,8
" 05","SUR","NAMIBIA","ESPA�OLES",1,0,1
" 05","SUR","NAMIBIA","TOTAL POBLACION",1,0,1
" 05","SUR","NICARAGUA","EXTRANJEROS",2,26,28
" 05","SUR","NICARAGUA","TOTAL POBLACION",2,26,28
" 05","SUR","NIGERIA","EXTRANJEROS",4,4,8
" 05","SUR","NIGERIA","TOTAL POBLACION",4,4,8
" 05","SUR","PAISES BAJOS","EXTRANJEROS",1,0,1
" 05","SUR","PAISES BAJOS","TOTAL POBLACION",1,0,1
" 05","SUR","PAKISTAN","EXTRANJEROS",1,0,1
" 05","SUR","PAKISTAN","TOTAL POBLACION",1,0,1
" 05","SUR","PALESTINA. ESTADO OBSERVADOR, NO MIEMBRO DE NACIONES UNIDAS","EXTRANJEROS",0,1,1
" 05","SUR","PALESTINA. ESTADO OBSERVADOR, NO MIEMBRO DE NACIONES UNIDAS","TOTAL POBLACION",0,1,1
" 05","SUR","PARAGUAY","EXTRANJEROS",6,3,9
" 05","SUR","PARAGUAY","TOTAL POBLACION",6,3,9
" 05","SUR","PERU","ESPA�OLES",0,1,1
" 05","SUR","PERU","EXTRANJEROS",5,1,6
" 05","SUR","PERU","TOTAL POBLACION",5,2,7
" 05","SUR","POLONIA","EXTRANJEROS",1,0,1
" 05","SUR","POLONIA","TOTAL POBLACION",1,0,1
" 05","SUR","PORTUGAL","ESPA�OLES",3,8,11
" 05","SUR","PORTUGAL","EXTRANJEROS",2,2,4
" 05","SUR","PORTUGAL","TOTAL POBLACION",5,10,15
" 05","SUR","REINO UNIDO","ESPA�OLES",2,3,5
" 05","SUR","REINO UNIDO","EXTRANJEROS",2,1,3
" 05","SUR","REINO UNIDO","TOTAL POBLACION",4,4,8
" 05","SUR","REPUBLICA DEMOCRATICA DEL CONGO","EXTRANJEROS",0,1,1
" 05","SUR","REPUBLICA DEMOCRATICA DEL CONGO","TOTAL POBLACION",0,1,1
" 05","SUR","REPUBLICA DOMINICANA","ESPA�OLES",1,0,1
" 05","SUR","REPUBLICA DOMINICANA","EXTRANJEROS",0,1,1
" 05","SUR","REPUBLICA DOMINICANA","TOTAL POBLACION",1,1,2
" 05","SUR","RUMANIA","EXTRANJEROS",7,6,13
" 05","SUR","RUMANIA","TOTAL POBLACION",7,6,13
" 05","SUR","RUSIA","EXTRANJEROS",0,2,2
" 05","SUR","RUSIA","TOTAL POBLACION",0,2,2
" 05","SUR","SENEGAL","EXTRANJEROS",3,0,3
" 05","SUR","SENEGAL","TOTAL POBLACION",3,0,3
" 05","SUR","SIRIA","EXTRANJEROS",1,3,4
" 05","SUR","SIRIA","TOTAL POBLACION",1,3,4
" 05","SUR","SUIZA","ESPA�OLES",1,0,1
" 05","SUR","SUIZA","TOTAL POBLACION",1,0,1
" 05","SUR","TURQUIA","EXTRANJEROS",1,1,2
" 05","SUR","TURQUIA","TOTAL POBLACION",1,1,2
" 05","SUR","UCRANIA","EXTRANJEROS",8,9,17
" 05","SUR","UCRANIA","TOTAL POBLACION",8,9,17
" 05","SUR","URUGUAY","ESPA�OLES",1,0,1
" 05","SUR","URUGUAY","TOTAL POBLACION",1,0,1
" 05","SUR","VENEZUELA","ESPA�OLES",0,1,1
" 05","SUR","VENEZUELA","EXTRANJEROS",5,8,13
" 05","SUR","VENEZUELA","TOTAL POBLACION",5,9,14
" 05","SUR","VIET-NAM","EXTRANJEROS",1,0,1
" 05","SUR","VIET-NAM","TOTAL POBLACION",1,0,1
" 06","TRIANA","- TODOS -","ESPA�OLES",585,606,1191
" 06","TRIANA","- TODOS -","EXTRANJEROS",147,169,316
" 06","TRIANA","- TODOS -","TOTAL POBLACION",732,775,1507
" 06","TRIANA","ALEMANIA","ESPA�OLES",2,5,7
" 06","TRIANA","ALEMANIA","EXTRANJEROS",3,3,6
" 06","TRIANA","ALEMANIA","TOTAL POBLACION",5,8,13
" 06","TRIANA","ARGENTINA","EXTRANJEROS",2,1,3
" 06","TRIANA","ARGENTINA","TOTAL POBLACION",2,1,3
" 06","TRIANA","AUSTRALIA","EXTRANJEROS",1,3,4
" 06","TRIANA","AUSTRALIA","TOTAL POBLACION",1,3,4
" 06","TRIANA","BOLIVIA","ESPA�OLES",0,3,3
" 06","TRIANA","BOLIVIA","EXTRANJEROS",1,4,5
" 06","TRIANA","BOLIVIA","TOTAL POBLACION",1,7,8
" 06","TRIANA","BRASIL","EXTRANJEROS",3,3,6
" 06","TRIANA","BRASIL","TOTAL POBLACION",3,3,6
" 06","TRIANA","CANADA","ESPA�OLES",1,0,1
" 06","TRIANA","CANADA","TOTAL POBLACION",1,0,1
" 06","TRIANA","CHILE","ESPA�OLES",2,1,3
" 06","TRIANA","CHILE","EXTRANJEROS",3,2,5
" 06","TRIANA","CHILE","TOTAL POBLACION",5,3,8
" 06","TRIANA","CHINA","ESPA�OLES",1,0,1
" 06","TRIANA","CHINA","EXTRANJEROS",3,5,8
" 06","TRIANA","CHINA","TOTAL POBLACION",4,5,9
" 06","TRIANA","COLOMBIA","ESPA�OLES",2,0,2
" 06","TRIANA","COLOMBIA","EXTRANJEROS",1,1,2
" 06","TRIANA","COLOMBIA","TOTAL POBLACION",3,1,4
" 06","TRIANA","CUBA","ESPA�OLES",1,0,1
" 06","TRIANA","CUBA","EXTRANJEROS",1,1,2
" 06","TRIANA","CUBA","TOTAL POBLACION",2,1,3
" 06","TRIANA","ECUADOR","ESPA�OLES",3,0,3
" 06","TRIANA","ECUADOR","EXTRANJEROS",3,4,7
" 06","TRIANA","ECUADOR","TOTAL POBLACION",6,4,10
" 06","TRIANA","EL SALVADOR","EXTRANJEROS",2,4,6
" 06","TRIANA","EL SALVADOR","TOTAL POBLACION",2,4,6
" 06","TRIANA","ESPA�A","ESPA�OLES",558,580,1138
" 06","TRIANA","ESPA�A","EXTRANJEROS",74,74,148
" 06","TRIANA","ESPA�A","TOTAL POBLACION",632,654,1286
" 06","TRIANA","ESTADOS UNIDOS DE AMERICA","ESPA�OLES",3,5,8
" 06","TRIANA","ESTADOS UNIDOS DE AMERICA","EXTRANJEROS",7,6,13
" 06","TRIANA","ESTADOS UNIDOS DE AMERICA","TOTAL POBLACION",10,11,21
" 06","TRIANA","FRANCIA","ESPA�OLES",1,2,3
" 06","TRIANA","FRANCIA","EXTRANJEROS",5,6,11
" 06","TRIANA","FRANCIA","TOTAL POBLACION",6,8,14
" 06","TRIANA","GUATEMALA","EXTRANJEROS",1,0,1
" 06","TRIANA","GUATEMALA","TOTAL POBLACION",1,0,1
" 06","TRIANA","GUINEA ECUATORIAL","ESPA�OLES",1,0,1
" 06","TRIANA","GUINEA ECUATORIAL","TOTAL POBLACION",1,0,1
" 06","TRIANA","HONDURAS","EXTRANJEROS",0,2,2
" 06","TRIANA","HONDURAS","TOTAL POBLACION",0,2,2
" 06","TRIANA","IRLANDA","ESPA�OLES",1,1,2
" 06","TRIANA","IRLANDA","EXTRANJEROS",0,4,4
" 06","TRIANA","IRLANDA","TOTAL POBLACION",1,5,6
" 06","TRIANA","ITALIA","ESPA�OLES",0,2,2
" 06","TRIANA","ITALIA","EXTRANJEROS",6,3,9
" 06","TRIANA","ITALIA","TOTAL POBLACION",6,5,11
" 06","TRIANA","KENIA","ESPA�OLES",0,1,1
" 06","TRIANA","KENIA","TOTAL POBLACION",0,1,1
" 06","TRIANA","MARRUECOS","ESPA�OLES",1,0,1
" 06","TRIANA","MARRUECOS","EXTRANJEROS",2,5,7
" 06","TRIANA","MARRUECOS","TOTAL POBLACION",3,5,8
" 06","TRIANA","MEXICO","ESPA�OLES",0,1,1
" 06","TRIANA","MEXICO","EXTRANJEROS",1,2,3
" 06","TRIANA","MEXICO","TOTAL POBLACION",1,3,4
" 06","TRIANA","NICARAGUA","EXTRANJEROS",1,2,3
" 06","TRIANA","NICARAGUA","TOTAL POBLACION",1,2,3
" 06","TRIANA","PAISES BAJOS","ESPA�OLES",0,2,2
" 06","TRIANA","PAISES BAJOS","TOTAL POBLACION",0,2,2
" 06","TRIANA","PANAMA","EXTRANJEROS",0,1,1
" 06","TRIANA","PANAMA","TOTAL POBLACION",0,1,1
" 06","TRIANA","PARAGUAY","EXTRANJEROS",3,4,7
" 06","TRIANA","PARAGUAY","TOTAL POBLACION",3,4,7
" 06","TRIANA","PERU","ESPA�OLES",0,1,1
" 06","TRIANA","PERU","EXTRANJEROS",4,1,5
" 06","TRIANA","PERU","TOTAL POBLACION",4,2,6
" 06","TRIANA","POLONIA","EXTRANJEROS",1,0,1
" 06","TRIANA","POLONIA","TOTAL POBLACION",1,0,1
" 06","TRIANA","PORTUGAL","ESPA�OLES",0,1,1
" 06","TRIANA","PORTUGAL","EXTRANJEROS",2,3,5
" 06","TRIANA","PORTUGAL","TOTAL POBLACION",2,4,6
" 06","TRIANA","PRINCIPADO DE ANDORRA","ESPA�OLES",1,0,1
" 06","TRIANA","PRINCIPADO DE ANDORRA","TOTAL POBLACION",1,0,1
" 06","TRIANA","REINO UNIDO","ESPA�OLES",3,1,4
" 06","TRIANA","REINO UNIDO","EXTRANJEROS",3,2,5
" 06","TRIANA","REINO UNIDO","TOTAL POBLACION",6,3,9
" 06","TRIANA","REPUBLICA DE COREA","EXTRANJEROS",1,2,3
" 06","TRIANA","REPUBLICA DE COREA","TOTAL POBLACION",1,2,3
" 06","TRIANA","REPUBLICA DOMINICANA","EXTRANJEROS",1,3,4
" 06","TRIANA","REPUBLICA DOMINICANA","TOTAL POBLACION",1,3,4
" 06","TRIANA","RUMANIA","EXTRANJEROS",3,4,7
" 06","TRIANA","RUMANIA","TOTAL POBLACION",3,4,7
" 06","TRIANA","RUSIA","EXTRANJEROS",0,2,2
" 06","TRIANA","RUSIA","TOTAL POBLACION",0,2,2
" 06","TRIANA","SUECIA","ESPA�OLES",2,0,2
" 06","TRIANA","SUECIA","TOTAL POBLACION",2,0,2
" 06","TRIANA","SUIZA","ESPA�OLES",2,0,2
" 06","TRIANA","SUIZA","TOTAL POBLACION",2,0,2
" 06","TRIANA","UCRANIA","EXTRANJEROS",4,5,9
" 06","TRIANA","UCRANIA","TOTAL POBLACION",4,5,9
" 06","TRIANA","VENEZUELA","EXTRANJEROS",4,6,10
" 06","TRIANA","VENEZUELA","TOTAL POBLACION",4,6,10
" 06","TRIANA","ZAMBIA","EXTRANJEROS",1,1,2
" 06","TRIANA","ZAMBIA","TOTAL POBLACION",1,1,2
" 07","NORTE","- TODOS -","ESPA�OLES",532,552,1084
" 07","NORTE","- TODOS -","EXTRANJEROS",109,89,198
" 07","NORTE","- TODOS -","TOTAL POBLACION",641,641,1282
" 07","NORTE","ALEMANIA","ESPA�OLES",4,2,6
" 07","NORTE","ALEMANIA","EXTRANJEROS",1,0,1
" 07","NORTE","ALEMANIA","TOTAL POBLACION",5,2,7
" 07","NORTE","ARABIA SAUDITA","ESPA�OLES",1,0,1
" 07","NORTE","ARABIA SAUDITA","TOTAL POBLACION",1,0,1
" 07","NORTE","ARGELIA","EXTRANJEROS",0,2,2
" 07","NORTE","ARGELIA","TOTAL POBLACION",0,2,2
" 07","NORTE","ARGENTINA","EXTRANJEROS",1,0,1
" 07","NORTE","ARGENTINA","TOTAL POBLACION",1,0,1
" 07","NORTE","AUSTRALIA","ESPA�OLES",1,0,1
" 07","NORTE","AUSTRALIA","TOTAL POBLACION",1,0,1
" 07","NORTE","BOLIVIA","ESPA�OLES",0,2,2
" 07","NORTE","BOLIVIA","EXTRANJEROS",0,2,2
" 07","NORTE","BOLIVIA","TOTAL POBLACION",0,4,4
" 07","NORTE","BRASIL","EXTRANJEROS",0,1,1
" 07","NORTE","BRASIL","TOTAL POBLACION",0,1,1
" 07","NORTE","CHILE","ESPA�OLES",2,1,3
" 07","NORTE","CHILE","EXTRANJEROS",1,0,1
" 07","NORTE","CHILE","TOTAL POBLACION",3,1,4
" 07","NORTE","CHINA","ESPA�OLES",1,0,1
" 07","NORTE","CHINA","EXTRANJEROS",3,1,4
" 07","NORTE","CHINA","TOTAL POBLACION",4,1,5
" 07","NORTE","COLOMBIA","EXTRANJEROS",2,1,3
" 07","NORTE","COLOMBIA","TOTAL POBLACION",2,1,3
" 07","NORTE","COSTA RICA","EXTRANJEROS",0,1,1
" 07","NORTE","COSTA RICA","TOTAL POBLACION",0,1,1
" 07","NORTE","CUBA","EXTRANJEROS",1,0,1
" 07","NORTE","CUBA","TOTAL POBLACION",1,0,1
" 07","NORTE","ECUADOR","ESPA�OLES",0,1,1
" 07","NORTE","ECUADOR","TOTAL POBLACION",0,1,1
" 07","NORTE","EL SALVADOR","EXTRANJEROS",1,3,4
" 07","NORTE","EL SALVADOR","TOTAL POBLACION",1,3,4
" 07","NORTE","ESPA�A","ESPA�OLES",513,537,1050
" 07","NORTE","ESPA�A","EXTRANJEROS",67,41,108
" 07","NORTE","ESPA�A","TOTAL POBLACION",580,578,1158
" 07","NORTE","ESTADOS UNIDOS DE AMERICA","ESPA�OLES",1,0,1
" 07","NORTE","ESTADOS UNIDOS DE AMERICA","EXTRANJEROS",1,0,1
" 07","NORTE","ESTADOS UNIDOS DE AMERICA","TOTAL POBLACION",2,0,2
" 07","NORTE","FRANCIA","ESPA�OLES",1,0,1
" 07","NORTE","FRANCIA","TOTAL POBLACION",1,0,1
" 07","NORTE","GAMBIA","EXTRANJEROS",1,0,1
" 07","NORTE","GAMBIA","TOTAL POBLACION",1,0,1
" 07","NORTE","GRECIA","EXTRANJEROS",1,0,1
" 07","NORTE","GRECIA","TOTAL POBLACION",1,0,1
" 07","NORTE","GUINEA ECUATORIAL","ESPA�OLES",0,1,1
" 07","NORTE","GUINEA ECUATORIAL","EXTRANJEROS",0,1,1
" 07","NORTE","GUINEA ECUATORIAL","TOTAL POBLACION",0,2,2
" 07","NORTE","HONDURAS","EXTRANJEROS",0,4,4
" 07","NORTE","HONDURAS","TOTAL POBLACION",0,4,4
" 07","NORTE","IRLANDA","ESPA�OLES",1,0,1
" 07","NORTE","IRLANDA","TOTAL POBLACION",1,0,1
" 07","NORTE","MARRUECOS","ESPA�OLES",0,2,2
" 07","NORTE","MARRUECOS","EXTRANJEROS",5,4,9
" 07","NORTE","MARRUECOS","TOTAL POBLACION",5,6,11
" 07","NORTE","MEXICO","EXTRANJEROS",0,1,1
" 07","NORTE","MEXICO","TOTAL POBLACION",0,1,1
" 07","NORTE","NICARAGUA","EXTRANJEROS",1,9,10
" 07","NORTE","NICARAGUA","TOTAL POBLACION",1,9,10
" 07","NORTE","NIGERIA","EXTRANJEROS",4,0,4
" 07","NORTE","NIGERIA","TOTAL POBLACION",4,0,4
" 07","NORTE","PAISES BAJOS","ESPA�OLES",0,1,1
" 07","NORTE","PAISES BAJOS","TOTAL POBLACION",0,1,1
" 07","NORTE","PAKISTAN","EXTRANJEROS",1,0,1
" 07","NORTE","PAKISTAN","TOTAL POBLACION",1,0,1
" 07","NORTE","PARAGUAY","EXTRANJEROS",0,2,2
" 07","NORTE","PARAGUAY","TOTAL POBLACION",0,2,2
" 07","NORTE","PERU","ESPA�OLES",1,0,1
" 07","NORTE","PERU","EXTRANJEROS",0,1,1
" 07","NORTE","PERU","TOTAL POBLACION",1,1,2
" 07","NORTE","POLONIA","ESPA�OLES",1,0,1
" 07","NORTE","POLONIA","TOTAL POBLACION",1,0,1
" 07","NORTE","PORTUGAL","EXTRANJEROS",0,1,1
" 07","NORTE","PORTUGAL","TOTAL POBLACION",0,1,1
" 07","NORTE","REINO UNIDO","ESPA�OLES",1,2,3
" 07","NORTE","REINO UNIDO","EXTRANJEROS",1,0,1
" 07","NORTE","REINO UNIDO","TOTAL POBLACION",2,2,4
" 07","NORTE","REPUBLICA DOMINICANA","ESPA�OLES",1,0,1
" 07","NORTE","REPUBLICA DOMINICANA","EXTRANJEROS",2,5,7
" 07","NORTE","REPUBLICA DOMINICANA","TOTAL POBLACION",3,5,8
" 07","NORTE","RUMANIA","ESPA�OLES",1,0,1
" 07","NORTE","RUMANIA","EXTRANJEROS",6,3,9
" 07","NORTE","RUMANIA","TOTAL POBLACION",7,3,10
" 07","NORTE","RUSIA","EXTRANJEROS",0,1,1
" 07","NORTE","RUSIA","TOTAL POBLACION",0,1,1
" 07","NORTE","SENEGAL","EXTRANJEROS",3,1,4
" 07","NORTE","SENEGAL","TOTAL POBLACION",3,1,4
" 07","NORTE","SIRIA","EXTRANJEROS",1,0,1
" 07","NORTE","SIRIA","TOTAL POBLACION",1,0,1
" 07","NORTE","TOGO","EXTRANJEROS",1,0,1
" 07","NORTE","TOGO","TOTAL POBLACION",1,0,1
" 07","NORTE","TURQUIA","ESPA�OLES",0,1,1
" 07","NORTE","TURQUIA","EXTRANJEROS",1,0,1
" 07","NORTE","TURQUIA","TOTAL POBLACION",1,1,2
" 07","NORTE","UCRANIA","EXTRANJEROS",2,2,4
" 07","NORTE","UCRANIA","TOTAL POBLACION",2,2,4
" 07","NORTE","VENEZUELA","ESPA�OLES",2,2,4
" 07","NORTE","VENEZUELA","EXTRANJEROS",1,2,3
" 07","NORTE","VENEZUELA","TOTAL POBLACION",3,4,7
" 08","S. PABLO-STA. JUSTA","- TODOS -","ESPA�OLES",573,563,1136
" 08","S. PABLO-STA. JUSTA","- TODOS -","EXTRANJEROS",118,149,267
" 08","S. PABLO-STA. JUSTA","- TODOS -","TOTAL POBLACION",691,712,1403
" 08","S. PABLO-STA. JUSTA","ALEMANIA","ESPA�OLES",3,8,11
" 08","S. PABLO-STA. JUSTA","ALEMANIA","EXTRANJEROS",1,0,1
" 08","S. PABLO-STA. JUSTA","ALEMANIA","TOTAL POBLACION",4,8,12
" 08","S. PABLO-STA. JUSTA","ARABIA SAUDITA","ESPA�OLES",1,0,1
" 08","S. PABLO-STA. JUSTA","ARABIA SAUDITA","TOTAL POBLACION",1,0,1
" 08","S. PABLO-STA. JUSTA","ARGENTINA","EXTRANJEROS",0,1,1
" 08","S. PABLO-STA. JUSTA","ARGENTINA","TOTAL POBLACION",0,1,1
" 08","S. PABLO-STA. JUSTA","BENIN","ESPA�OLES",1,0,1
" 08","S. PABLO-STA. JUSTA","BENIN","TOTAL POBLACION",1,0,1
" 08","S. PABLO-STA. JUSTA","BOLIVIA","ESPA�OLES",1,2,3
" 08","S. PABLO-STA. JUSTA","BOLIVIA","EXTRANJEROS",1,0,1
" 08","S. PABLO-STA. JUSTA","BOLIVIA","TOTAL POBLACION",2,2,4
" 08","S. PABLO-STA. JUSTA","BRASIL","ESPA�OLES",1,1,2
" 08","S. PABLO-STA. JUSTA","BRASIL","EXTRANJEROS",0,1,1
" 08","S. PABLO-STA. JUSTA","BRASIL","TOTAL POBLACION",1,2,3
" 08","S. PABLO-STA. JUSTA","BRUNEI","EXTRANJEROS",0,1,1
" 08","S. PABLO-STA. JUSTA","BRUNEI","TOTAL POBLACION",0,1,1
" 08","S. PABLO-STA. JUSTA","CANADA","ESPA�OLES",1,0,1
" 08","S. PABLO-STA. JUSTA","CANADA","TOTAL POBLACION",1,0,1
" 08","S. PABLO-STA. JUSTA","CHILE","ESPA�OLES",3,8,11
" 08","S. PABLO-STA. JUSTA","CHILE","EXTRANJEROS",1,1,2
" 08","S. PABLO-STA. JUSTA","CHILE","TOTAL POBLACION",4,9,13
" 08","S. PABLO-STA. JUSTA","CHINA","EXTRANJEROS",2,4,6
" 08","S. PABLO-STA. JUSTA","CHINA","TOTAL POBLACION",2,4,6
" 08","S. PABLO-STA. JUSTA","COLOMBIA","ESPA�OLES",1,0,1
" 08","S. PABLO-STA. JUSTA","COLOMBIA","TOTAL POBLACION",1,0,1
" 08","S. PABLO-STA. JUSTA","COSTA DE MARFIL","EXTRANJEROS",1,0,1
" 08","S. PABLO-STA. JUSTA","COSTA DE MARFIL","TOTAL POBLACION",1,0,1
" 08","S. PABLO-STA. JUSTA","ECUADOR","ESPA�OLES",0,2,2
" 08","S. PABLO-STA. JUSTA","ECUADOR","EXTRANJEROS",0,2,2
" 08","S. PABLO-STA. JUSTA","ECUADOR","TOTAL POBLACION",0,4,4
" 08","S. PABLO-STA. JUSTA","EL SALVADOR","EXTRANJEROS",0,2,2
" 08","S. PABLO-STA. JUSTA","EL SALVADOR","TOTAL POBLACION",0,2,2
" 08","S. PABLO-STA. JUSTA","EMIRATOS ARABES UNIDOS","ESPA�OLES",1,0,1
" 08","S. PABLO-STA. JUSTA","EMIRATOS ARABES UNIDOS","TOTAL POBLACION",1,0,1
" 08","S. PABLO-STA. JUSTA","ESPA�A","ESPA�OLES",551,531,1082
" 08","S. PABLO-STA. JUSTA","ESPA�A","EXTRANJEROS",61,84,145
" 08","S. PABLO-STA. JUSTA","ESPA�A","TOTAL POBLACION",612,615,1227
" 08","S. PABLO-STA. JUSTA","ESTADOS UNIDOS DE AMERICA","ESPA�OLES",2,3,5
" 08","S. PABLO-STA. JUSTA","ESTADOS UNIDOS DE AMERICA","EXTRANJEROS",0,1,1
" 08","S. PABLO-STA. JUSTA","ESTADOS UNIDOS DE AMERICA","TOTAL POBLACION",2,4,6
" 08","S. PABLO-STA. JUSTA","FRANCIA","ESPA�OLES",1,3,4
" 08","S. PABLO-STA. JUSTA","FRANCIA","EXTRANJEROS",4,6,10
" 08","S. PABLO-STA. JUSTA","FRANCIA","TOTAL POBLACION",5,9,14
" 08","S. PABLO-STA. JUSTA","GRECIA","EXTRANJEROS",1,1,2
" 08","S. PABLO-STA. JUSTA","GRECIA","TOTAL POBLACION",1,1,2
" 08","S. PABLO-STA. JUSTA","GUATEMALA","EXTRANJEROS",1,1,2
" 08","S. PABLO-STA. JUSTA","GUATEMALA","TOTAL POBLACION",1,1,2
" 08","S. PABLO-STA. JUSTA","HUNGRIA","EXTRANJEROS",1,0,1
" 08","S. PABLO-STA. JUSTA","HUNGRIA","TOTAL POBLACION",1,0,1
" 08","S. PABLO-STA. JUSTA","INDONESIA","ESPA�OLES",0,1,1
" 08","S. PABLO-STA. JUSTA","INDONESIA","TOTAL POBLACION",0,1,1
" 08","S. PABLO-STA. JUSTA","IRAN","EXTRANJEROS",1,0,1
" 08","S. PABLO-STA. JUSTA","IRAN","TOTAL POBLACION",1,0,1
" 08","S. PABLO-STA. JUSTA","IRLANDA","EXTRANJEROS",0,1,1
" 08","S. PABLO-STA. JUSTA","IRLANDA","TOTAL POBLACION",0,1,1
" 08","S. PABLO-STA. JUSTA","ITALIA","ESPA�OLES",1,1,2
" 08","S. PABLO-STA. JUSTA","ITALIA","EXTRANJEROS",0,1,1
" 08","S. PABLO-STA. JUSTA","ITALIA","TOTAL POBLACION",1,2,3
" 08","S. PABLO-STA. JUSTA","JAPON","EXTRANJEROS",0,1,1
" 08","S. PABLO-STA. JUSTA","JAPON","TOTAL POBLACION",0,1,1
" 08","S. PABLO-STA. JUSTA","MALI","EXTRANJEROS",1,0,1
" 08","S. PABLO-STA. JUSTA","MALI","TOTAL POBLACION",1,0,1
" 08","S. PABLO-STA. JUSTA","MARRUECOS","EXTRANJEROS",8,5,13
" 08","S. PABLO-STA. JUSTA","MARRUECOS","TOTAL POBLACION",8,5,13
" 08","S. PABLO-STA. JUSTA","MEXICO","ESPA�OLES",1,1,2
" 08","S. PABLO-STA. JUSTA","MEXICO","EXTRANJEROS",1,2,3
" 08","S. PABLO-STA. JUSTA","MEXICO","TOTAL POBLACION",2,3,5
" 08","S. PABLO-STA. JUSTA","NICARAGUA","EXTRANJEROS",2,15,17
" 08","S. PABLO-STA. JUSTA","NICARAGUA","TOTAL POBLACION",2,15,17
" 08","S. PABLO-STA. JUSTA","PAISES BAJOS","EXTRANJEROS",2,0,2
" 08","S. PABLO-STA. JUSTA","PAISES BAJOS","TOTAL POBLACION",2,0,2
" 08","S. PABLO-STA. JUSTA","PALESTINA. ESTADO OBSERVADOR, NO MIEMBRO DE NACIONES UNIDAS","EXTRANJEROS",1,0,1
" 08","S. PABLO-STA. JUSTA","PALESTINA. ESTADO OBSERVADOR, NO MIEMBRO DE NACIONES UNIDAS","TOTAL POBLACION",1,0,1
" 08","S. PABLO-STA. JUSTA","PARAGUAY","EXTRANJEROS",3,3,6
" 08","S. PABLO-STA. JUSTA","PARAGUAY","TOTAL POBLACION",3,3,6
" 08","S. PABLO-STA. JUSTA","PERU","ESPA�OLES",2,1,3
" 08","S. PABLO-STA. JUSTA","PERU","EXTRANJEROS",1,1,2
" 08","S. PABLO-STA. JUSTA","PERU","TOTAL POBLACION",3,2,5
" 08","S. PABLO-STA. JUSTA","PORTUGAL","EXTRANJEROS",2,3,5
" 08","S. PABLO-STA. JUSTA","PORTUGAL","TOTAL POBLACION",2,3,5
" 08","S. PABLO-STA. JUSTA","REINO UNIDO","ESPA�OLES",1,1,2
" 08","S. PABLO-STA. JUSTA","REINO UNIDO","EXTRANJEROS",0,2,2
" 08","S. PABLO-STA. JUSTA","REINO UNIDO","TOTAL POBLACION",1,3,4
" 08","S. PABLO-STA. JUSTA","REPUBLICA CHECA","EXTRANJEROS",1,0,1
" 08","S. PABLO-STA. JUSTA","REPUBLICA CHECA","TOTAL POBLACION",1,0,1
" 08","S. PABLO-STA. JUSTA","RUMANIA","EXTRANJEROS",1,1,2
" 08","S. PABLO-STA. JUSTA","RUMANIA","TOTAL POBLACION",1,1,2
" 08","S. PABLO-STA. JUSTA","RUSIA","ESPA�OLES",1,0,1
" 08","S. PABLO-STA. JUSTA","RUSIA","EXTRANJEROS",0,3,3
" 08","S. PABLO-STA. JUSTA","RUSIA","TOTAL POBLACION",1,3,4
" 08","S. PABLO-STA. JUSTA","SENEGAL","EXTRANJEROS",0,1,1
" 08","S. PABLO-STA. JUSTA","SENEGAL","TOTAL POBLACION",0,1,1
" 08","S. PABLO-STA. JUSTA","SIRIA","EXTRANJEROS",6,0,6
" 08","S. PABLO-STA. JUSTA","SIRIA","TOTAL POBLACION",6,0,6
" 08","S. PABLO-STA. JUSTA","SUIZA","EXTRANJEROS",1,0,1
" 08","S. PABLO-STA. JUSTA","SUIZA","TOTAL POBLACION",1,0,1
" 08","S. PABLO-STA. JUSTA","UCRANIA","EXTRANJEROS",6,3,9
" 08","S. PABLO-STA. JUSTA","UCRANIA","TOTAL POBLACION",6,3,9
" 08","S. PABLO-STA. JUSTA","URUGUAY","EXTRANJEROS",1,0,1
" 08","S. PABLO-STA. JUSTA","URUGUAY","TOTAL POBLACION",1,0,1
" 08","S. PABLO-STA. JUSTA","VENEZUELA","EXTRANJEROS",5,2,7
" 08","S. PABLO-STA. JUSTA","VENEZUELA","TOTAL POBLACION",5,2,7
" 08","S. PABLO-STA. JUSTA","YEMEN","EXTRANJEROS",1,0,1
" 08","S. PABLO-STA. JUSTA","YEMEN","TOTAL POBLACION",1,0,1
" 09","ESTE","- TODOS -","ESPA�OLES",816,831,1647
" 09","ESTE","- TODOS -","EXTRANJEROS",232,245,477
" 09","ESTE","- TODOS -","TOTAL POBLACION",1048,1076,2124
" 09","ESTE","ALEMANIA","ESPA�OLES",2,5,7
" 09","ESTE","ALEMANIA","EXTRANJEROS",2,1,3
" 09","ESTE","ALEMANIA","TOTAL POBLACION",4,6,10
" 09","ESTE","ARABIA SAUDITA","ESPA�OLES",2,0,2
" 09","ESTE","ARABIA SAUDITA","TOTAL POBLACION",2,0,2
" 09","ESTE","ARGELIA","EXTRANJEROS",1,0,1
" 09","ESTE","ARGELIA","TOTAL POBLACION",1,0,1
" 09","ESTE","ARGENTINA","ESPA�OLES",2,1,3
" 09","ESTE","ARGENTINA","EXTRANJEROS",0,1,1
" 09","ESTE","ARGENTINA","TOTAL POBLACION",2,2,4
" 09","ESTE","ARMENIA","EXTRANJEROS",0,1,1
" 09","ESTE","ARMENIA","TOTAL POBLACION",0,1,1
" 09","ESTE","BELGICA","ESPA�OLES",1,0,1
" 09","ESTE","BELGICA","TOTAL POBLACION",1,0,1
" 09","ESTE","BIELORUSIA","EXTRANJEROS",0,1,1
" 09","ESTE","BIELORUSIA","TOTAL POBLACION",0,1,1
" 09","ESTE","BOLIVIA","ESPA�OLES",1,1,2
" 09","ESTE","BOLIVIA","EXTRANJEROS",1,0,1
" 09","ESTE","BOLIVIA","TOTAL POBLACION",2,1,3
" 09","ESTE","BRASIL","ESPA�OLES",1,1,2
" 09","ESTE","BRASIL","EXTRANJEROS",2,5,7
" 09","ESTE","BRASIL","TOTAL POBLACION",3,6,9
" 09","ESTE","CAMERUN","EXTRANJEROS",1,3,4
" 09","ESTE","CAMERUN","TOTAL POBLACION",1,3,4
" 09","ESTE","CHILE","ESPA�OLES",2,2,4
" 09","ESTE","CHILE","TOTAL POBLACION",2,2,4
" 09","ESTE","CHINA","ESPA�OLES",0,1,1
" 09","ESTE","CHINA","EXTRANJEROS",7,13,20
" 09","ESTE","CHINA","TOTAL POBLACION",7,14,21
" 09","ESTE","COLOMBIA","ESPA�OLES",0,2,2
" 09","ESTE","COLOMBIA","EXTRANJEROS",2,2,4
" 09","ESTE","COLOMBIA","TOTAL POBLACION",2,4,6
" 09","ESTE","CUBA","ESPA�OLES",2,1,3
" 09","ESTE","CUBA","EXTRANJEROS",3,2,5
" 09","ESTE","CUBA","TOTAL POBLACION",5,3,8
" 09","ESTE","DINAMARCA","ESPA�OLES",3,1,4
" 09","ESTE","DINAMARCA","TOTAL POBLACION",3,1,4
" 09","ESTE","ECUADOR","ESPA�OLES",0,1,1
" 09","ESTE","ECUADOR","EXTRANJEROS",0,1,1
" 09","ESTE","ECUADOR","TOTAL POBLACION",0,2,2
" 09","ESTE","EL SALVADOR","ESPA�OLES",0,1,1
" 09","ESTE","EL SALVADOR","TOTAL POBLACION",0,1,1
" 09","ESTE","ESPA�A","ESPA�OLES",784,801,1585
" 09","ESTE","ESPA�A","EXTRANJEROS",145,141,286
" 09","ESTE","ESPA�A","TOTAL POBLACION",929,942,1871
" 09","ESTE","ESTADOS UNIDOS DE AMERICA","ESPA�OLES",1,2,3
" 09","ESTE","ESTADOS UNIDOS DE AMERICA","EXTRANJEROS",1,4,5
" 09","ESTE","ESTADOS UNIDOS DE AMERICA","TOTAL POBLACION",2,6,8
" 09","ESTE","FILIPINAS","EXTRANJEROS",0,1,1
" 09","ESTE","FILIPINAS","TOTAL POBLACION",0,1,1
" 09","ESTE","FINLANDIA","ESPA�OLES",1,0,1
" 09","ESTE","FINLANDIA","TOTAL POBLACION",1,0,1
" 09","ESTE","FRANCIA","ESPA�OLES",1,3,4
" 09","ESTE","FRANCIA","EXTRANJEROS",4,2,6
" 09","ESTE","FRANCIA","TOTAL POBLACION",5,5,10
" 09","ESTE","GHANA","EXTRANJEROS",1,0,1
" 09","ESTE","GHANA","TOTAL POBLACION",1,0,1
" 09","ESTE","HONDURAS","EXTRANJEROS",0,2,2
" 09","ESTE","HONDURAS","TOTAL POBLACION",0,2,2
" 09","ESTE","IRAK","EXTRANJEROS",3,6,9
" 09","ESTE","IRAK","TOTAL POBLACION",3,6,9
" 09","ESTE","IRLANDA","ESPA�OLES",3,2,5
" 09","ESTE","IRLANDA","EXTRANJEROS",0,2,2
" 09","ESTE","IRLANDA","TOTAL POBLACION",3,4,7
" 09","ESTE","ITALIA","EXTRANJEROS",3,1,4
" 09","ESTE","ITALIA","TOTAL POBLACION",3,1,4
" 09","ESTE","MALI","EXTRANJEROS",1,0,1
" 09","ESTE","MALI","TOTAL POBLACION",1,0,1
" 09","ESTE","MARRUECOS","ESPA�OLES",1,1,2
" 09","ESTE","MARRUECOS","EXTRANJEROS",4,3,7
" 09","ESTE","MARRUECOS","TOTAL POBLACION",5,4,9
" 09","ESTE","MEXICO","ESPA�OLES",2,0,2
" 09","ESTE","MEXICO","EXTRANJEROS",0,1,1
" 09","ESTE","MEXICO","TOTAL POBLACION",2,1,3
" 09","ESTE","NICARAGUA","EXTRANJEROS",0,5,5
" 09","ESTE","NICARAGUA","TOTAL POBLACION",0,5,5
" 09","ESTE","NIGERIA","EXTRANJEROS",4,1,5
" 09","ESTE","NIGERIA","TOTAL POBLACION",4,1,5
" 09","ESTE","OTROS TERR. ESPA�OLES","ESPA�OLES",1,0,1
" 09","ESTE","OTROS TERR. ESPA�OLES","TOTAL POBLACION",1,0,1
" 09","ESTE","PAKISTAN","EXTRANJEROS",2,0,2
" 09","ESTE","PAKISTAN","TOTAL POBLACION",2,0,2
" 09","ESTE","PALESTINA. ESTADO OBSERVADOR, NO MIEMBRO DE NACIONES UNIDAS","EXTRANJEROS",1,0,1
" 09","ESTE","PALESTINA. ESTADO OBSERVADOR, NO MIEMBRO DE NACIONES UNIDAS","TOTAL POBLACION",1,0,1
" 09","ESTE","PANAMA","EXTRANJEROS",1,0,1
" 09","ESTE","PANAMA","TOTAL POBLACION",1,0,1
" 09","ESTE","PARAGUAY","EXTRANJEROS",1,2,3
" 09","ESTE","PARAGUAY","TOTAL POBLACION",1,2,3
" 09","ESTE","PERU","EXTRANJEROS",3,4,7
" 09","ESTE","PERU","TOTAL POBLACION",3,4,7
" 09","ESTE","POLONIA","ESPA�OLES",1,0,1
" 09","ESTE","POLONIA","EXTRANJEROS",0,2,2
" 09","ESTE","POLONIA","TOTAL POBLACION",1,2,3
" 09","ESTE","PORTUGAL","EXTRANJEROS",1,1,2
" 09","ESTE","PORTUGAL","TOTAL POBLACION",1,1,2
" 09","ESTE","REINO UNIDO","ESPA�OLES",1,3,4
" 09","ESTE","REINO UNIDO","EXTRANJEROS",4,0,4
" 09","ESTE","REINO UNIDO","TOTAL POBLACION",5,3,8
" 09","ESTE","REPUBLICA DOMINICANA","EXTRANJEROS",0,5,5
" 09","ESTE","REPUBLICA DOMINICANA","TOTAL POBLACION",0,5,5
" 09","ESTE","RUMANIA","EXTRANJEROS",4,2,6
" 09","ESTE","RUMANIA","TOTAL POBLACION",4,2,6
" 09","ESTE","RUSIA","EXTRANJEROS",2,0,2
" 09","ESTE","RUSIA","TOTAL POBLACION",2,0,2
" 09","ESTE","SENEGAL","EXTRANJEROS",2,1,3
" 09","ESTE","SENEGAL","TOTAL POBLACION",2,1,3
" 09","ESTE","SIRIA","ESPA�OLES",1,0,1
" 09","ESTE","SIRIA","EXTRANJEROS",3,5,8
" 09","ESTE","SIRIA","TOTAL POBLACION",4,5,9
" 09","ESTE","SUIZA","ESPA�OLES",2,1,3
" 09","ESTE","SUIZA","EXTRANJEROS",1,1,2
" 09","ESTE","SUIZA","TOTAL POBLACION",3,2,5
" 09","ESTE","UCRANIA","EXTRANJEROS",19,23,42
" 09","ESTE","UCRANIA","TOTAL POBLACION",19,23,42
" 09","ESTE","VENEZUELA","ESPA�OLES",1,0,1
" 09","ESTE","VENEZUELA","EXTRANJEROS",3,0,3
" 09","ESTE","VENEZUELA","TOTAL POBLACION",4,0,4
" 09","ESTE","VIET-NAM","ESPA�OLES",0,1,1
" 09","ESTE","VIET-NAM","TOTAL POBLACION",0,1,1
" 10","BELLAVISTA-LA PALMERA","- TODOS -","ESPA�OLES",535,547,1082
" 10","BELLAVISTA-LA PALMERA","- TODOS -","EXTRANJEROS",91,106,197
" 10","BELLAVISTA-LA PALMERA","- TODOS -","TOTAL POBLACION",626,653,1279
" 10","BELLAVISTA-LA PALMERA","ALEMANIA","ESPA�OLES",1,1,2
" 10","BELLAVISTA-LA PALMERA","ALEMANIA","EXTRANJEROS",0,1,1
" 10","BELLAVISTA-LA PALMERA","ALEMANIA","TOTAL POBLACION",1,2,3
" 10","BELLAVISTA-LA PALMERA","ARABIA SAUDITA","ESPA�OLES",2,1,3
" 10","BELLAVISTA-LA PALMERA","ARABIA SAUDITA","TOTAL POBLACION",2,1,3
" 10","BELLAVISTA-LA PALMERA","ARGENTINA","EXTRANJEROS",3,2,5
" 10","BELLAVISTA-LA PALMERA","ARGENTINA","TOTAL POBLACION",3,2,5
" 10","BELLAVISTA-LA PALMERA","AUSTRALIA","ESPA�OLES",1,3,4
" 10","BELLAVISTA-LA PALMERA","AUSTRALIA","TOTAL POBLACION",1,3,4
" 10","BELLAVISTA-LA PALMERA","BELGICA","ESPA�OLES",1,3,4
" 10","BELLAVISTA-LA PALMERA","BELGICA","TOTAL POBLACION",1,3,4
" 10","BELLAVISTA-LA PALMERA","BOLIVIA","ESPA�OLES",1,0,1
" 10","BELLAVISTA-LA PALMERA","BOLIVIA","EXTRANJEROS",2,0,2
" 10","BELLAVISTA-LA PALMERA","BOLIVIA","TOTAL POBLACION",3,0,3
" 10","BELLAVISTA-LA PALMERA","BRASIL","EXTRANJEROS",3,0,3
" 10","BELLAVISTA-LA PALMERA","BRASIL","TOTAL POBLACION",3,0,3
" 10","BELLAVISTA-LA PALMERA","CHILE","ESPA�OLES",3,2,5
" 10","BELLAVISTA-LA PALMERA","CHILE","TOTAL POBLACION",3,2,5
" 10","BELLAVISTA-LA PALMERA","CHINA","EXTRANJEROS",3,3,6
" 10","BELLAVISTA-LA PALMERA","CHINA","TOTAL POBLACION",3,3,6
" 10","BELLAVISTA-LA PALMERA","COLOMBIA","ESPA�OLES",1,0,1
" 10","BELLAVISTA-LA PALMERA","COLOMBIA","EXTRANJEROS",1,4,5
" 10","BELLAVISTA-LA PALMERA","COLOMBIA","TOTAL POBLACION",2,4,6
" 10","BELLAVISTA-LA PALMERA","CROACIA","ESPA�OLES",0,1,1
" 10","BELLAVISTA-LA PALMERA","CROACIA","TOTAL POBLACION",0,1,1
" 10","BELLAVISTA-LA PALMERA","ECUADOR","ESPA�OLES",1,3,4
" 10","BELLAVISTA-LA PALMERA","ECUADOR","EXTRANJEROS",2,0,2
" 10","BELLAVISTA-LA PALMERA","ECUADOR","TOTAL POBLACION",3,3,6
" 10","BELLAVISTA-LA PALMERA","EMIRATOS ARABES UNIDOS","ESPA�OLES",2,0,2
" 10","BELLAVISTA-LA PALMERA","EMIRATOS ARABES UNIDOS","TOTAL POBLACION",2,0,2
" 10","BELLAVISTA-LA PALMERA","ESLOVAQUIA","EXTRANJEROS",0,2,2
" 10","BELLAVISTA-LA PALMERA","ESLOVAQUIA","TOTAL POBLACION",0,2,2
" 10","BELLAVISTA-LA PALMERA","ESLOVENIA","EXTRANJEROS",1,1,2
" 10","BELLAVISTA-LA PALMERA","ESLOVENIA","TOTAL POBLACION",1,1,2
" 10","BELLAVISTA-LA PALMERA","ESPA�A","ESPA�OLES",505,522,1027
" 10","BELLAVISTA-LA PALMERA","ESPA�A","EXTRANJEROS",45,48,93
" 10","BELLAVISTA-LA PALMERA","ESPA�A","TOTAL POBLACION",550,570,1120
" 10","BELLAVISTA-LA PALMERA","ESTADOS UNIDOS DE AMERICA","ESPA�OLES",4,4,8
" 10","BELLAVISTA-LA PALMERA","ESTADOS UNIDOS DE AMERICA","EXTRANJEROS",1,1,2
" 10","BELLAVISTA-LA PALMERA","ESTADOS UNIDOS DE AMERICA","TOTAL POBLACION",5,5,10
" 10","BELLAVISTA-LA PALMERA","FILIPINAS","EXTRANJEROS",0,1,1
" 10","BELLAVISTA-LA PALMERA","FILIPINAS","TOTAL POBLACION",0,1,1
" 10","BELLAVISTA-LA PALMERA","FRANCIA","ESPA�OLES",3,0,3
" 10","BELLAVISTA-LA PALMERA","FRANCIA","EXTRANJEROS",2,0,2
" 10","BELLAVISTA-LA PALMERA","FRANCIA","TOTAL POBLACION",5,0,5
" 10","BELLAVISTA-LA PALMERA","GEORGIA","EXTRANJEROS",2,1,3
" 10","BELLAVISTA-LA PALMERA","GEORGIA","TOTAL POBLACION",2,1,3
" 10","BELLAVISTA-LA PALMERA","GHANA","EXTRANJEROS",1,0,1
" 10","BELLAVISTA-LA PALMERA","GHANA","TOTAL POBLACION",1,0,1
" 10","BELLAVISTA-LA PALMERA","GRECIA","EXTRANJEROS",0,1,1
" 10","BELLAVISTA-LA PALMERA","GRECIA","TOTAL POBLACION",0,1,1
" 10","BELLAVISTA-LA PALMERA","GUATEMALA","EXTRANJEROS",1,0,1
" 10","BELLAVISTA-LA PALMERA","GUATEMALA","TOTAL POBLACION",1,0,1
" 10","BELLAVISTA-LA PALMERA","HONDURAS","ESPA�OLES",1,0,1
" 10","BELLAVISTA-LA PALMERA","HONDURAS","EXTRANJEROS",0,1,1
" 10","BELLAVISTA-LA PALMERA","HONDURAS","TOTAL POBLACION",1,1,2
" 10","BELLAVISTA-LA PALMERA","INDONESIA","EXTRANJEROS",0,1,1
" 10","BELLAVISTA-LA PALMERA","INDONESIA","TOTAL POBLACION",0,1,1
" 10","BELLAVISTA-LA PALMERA","ISRAEL","ESPA�OLES",0,1,1
" 10","BELLAVISTA-LA PALMERA","ISRAEL","TOTAL POBLACION",0,1,1
" 10","BELLAVISTA-LA PALMERA","ITALIA","ESPA�OLES",1,1,2
" 10","BELLAVISTA-LA PALMERA","ITALIA","EXTRANJEROS",1,1,2
" 10","BELLAVISTA-LA PALMERA","ITALIA","TOTAL POBLACION",2,2,4
" 10","BELLAVISTA-LA PALMERA","JAPON","ESPA�OLES",0,1,1
" 10","BELLAVISTA-LA PALMERA","JAPON","TOTAL POBLACION",0,1,1
" 10","BELLAVISTA-LA PALMERA","MARRUECOS","EXTRANJEROS",7,2,9
" 10","BELLAVISTA-LA PALMERA","MARRUECOS","TOTAL POBLACION",7,2,9
" 10","BELLAVISTA-LA PALMERA","MEXICO","ESPA�OLES",3,1,4
" 10","BELLAVISTA-LA PALMERA","MEXICO","EXTRANJEROS",5,10,15
" 10","BELLAVISTA-LA PALMERA","MEXICO","TOTAL POBLACION",8,11,19
" 10","BELLAVISTA-LA PALMERA","NICARAGUA","EXTRANJEROS",0,10,10
" 10","BELLAVISTA-LA PALMERA","NICARAGUA","TOTAL POBLACION",0,10,10
" 10","BELLAVISTA-LA PALMERA","NIGERIA","EXTRANJEROS",0,1,1
" 10","BELLAVISTA-LA PALMERA","NIGERIA","TOTAL POBLACION",0,1,1
" 10","BELLAVISTA-LA PALMERA","PANAMA","ESPA�OLES",1,0,1
" 10","BELLAVISTA-LA PALMERA","PANAMA","EXTRANJEROS",0,1,1
" 10","BELLAVISTA-LA PALMERA","PANAMA","TOTAL POBLACION",1,1,2
" 10","BELLAVISTA-LA PALMERA","PERU","EXTRANJEROS",0,1,1
" 10","BELLAVISTA-LA PALMERA","PERU","TOTAL POBLACION",0,1,1
" 10","BELLAVISTA-LA PALMERA","POLONIA","EXTRANJEROS",0,1,1
" 10","BELLAVISTA-LA PALMERA","POLONIA","TOTAL POBLACION",0,1,1
" 10","BELLAVISTA-LA PALMERA","PORTUGAL","EXTRANJEROS",2,0,2
" 10","BELLAVISTA-LA PALMERA","PORTUGAL","TOTAL POBLACION",2,0,2
" 10","BELLAVISTA-LA PALMERA","REINO UNIDO","ESPA�OLES",1,0,1
" 10","BELLAVISTA-LA PALMERA","REINO UNIDO","TOTAL POBLACION",1,0,1
" 10","BELLAVISTA-LA PALMERA","REPUBLICA DEMOCRATICA DEL CONGO","EXTRANJEROS",0,2,2
" 10","BELLAVISTA-LA PALMERA","REPUBLICA DEMOCRATICA DEL CONGO","TOTAL POBLACION",0,2,2
" 10","BELLAVISTA-LA PALMERA","RUMANIA","EXTRANJEROS",0,1,1
" 10","BELLAVISTA-LA PALMERA","RUMANIA","TOTAL POBLACION",0,1,1
" 10","BELLAVISTA-LA PALMERA","RUSIA","ESPA�OLES",1,0,1
" 10","BELLAVISTA-LA PALMERA","RUSIA","EXTRANJEROS",0,3,3
" 10","BELLAVISTA-LA PALMERA","RUSIA","TOTAL POBLACION",1,3,4
" 10","BELLAVISTA-LA PALMERA","SENEGAL","EXTRANJEROS",2,0,2
" 10","BELLAVISTA-LA PALMERA","SENEGAL","TOTAL POBLACION",2,0,2
" 10","BELLAVISTA-LA PALMERA","UCRANIA","ESPA�OLES",1,1,2
" 10","BELLAVISTA-LA PALMERA","UCRANIA","EXTRANJEROS",2,0,2
" 10","BELLAVISTA-LA PALMERA","UCRANIA","TOTAL POBLACION",3,1,4
" 10","BELLAVISTA-LA PALMERA","VENEZUELA","ESPA�OLES",1,2,3
" 10","BELLAVISTA-LA PALMERA","VENEZUELA","EXTRANJEROS",5,6,11
" 10","BELLAVISTA-LA PALMERA","VENEZUELA","TOTAL POBLACION",6,8,14
" 11","LOS REMEDIOS","- TODOS -","ESPA�OLES",305,352,657
" 11","LOS REMEDIOS","- TODOS -","EXTRANJEROS",51,64,115
" 11","LOS REMEDIOS","- TODOS -","TOTAL POBLACION",356,416,772
" 11","LOS REMEDIOS","ALEMANIA","ESPA�OLES",0,3,3
" 11","LOS REMEDIOS","ALEMANIA","TOTAL POBLACION",0,3,3
" 11","LOS REMEDIOS","AUSTRALIA","EXTRANJEROS",1,0,1
" 11","LOS REMEDIOS","AUSTRALIA","TOTAL POBLACION",1,0,1
" 11","LOS REMEDIOS","BOLIVIA","EXTRANJEROS",1,2,3
" 11","LOS REMEDIOS","BOLIVIA","TOTAL POBLACION",1,2,3
" 11","LOS REMEDIOS","BRASIL","ESPA�OLES",1,0,1
" 11","LOS REMEDIOS","BRASIL","EXTRANJEROS",3,1,4
" 11","LOS REMEDIOS","BRASIL","TOTAL POBLACION",4,1,5
" 11","LOS REMEDIOS","CHILE","ESPA�OLES",1,0,1
" 11","LOS REMEDIOS","CHILE","TOTAL POBLACION",1,0,1
" 11","LOS REMEDIOS","CHINA","ESPA�OLES",0,1,1
" 11","LOS REMEDIOS","CHINA","EXTRANJEROS",2,2,4
" 11","LOS REMEDIOS","CHINA","TOTAL POBLACION",2,3,5
" 11","LOS REMEDIOS","COLOMBIA","EXTRANJEROS",1,1,2
" 11","LOS REMEDIOS","COLOMBIA","TOTAL POBLACION",1,1,2
" 11","LOS REMEDIOS","CUBA","EXTRANJEROS",1,0,1
" 11","LOS REMEDIOS","CUBA","TOTAL POBLACION",1,0,1
" 11","LOS REMEDIOS","ECUADOR","ESPA�OLES",2,0,2
" 11","LOS REMEDIOS","ECUADOR","TOTAL POBLACION",2,0,2
" 11","LOS REMEDIOS","EL SALVADOR","EXTRANJEROS",0,1,1
" 11","LOS REMEDIOS","EL SALVADOR","TOTAL POBLACION",0,1,1
" 11","LOS REMEDIOS","ESPA�A","ESPA�OLES",290,335,625
" 11","LOS REMEDIOS","ESPA�A","EXTRANJEROS",18,38,56
" 11","LOS REMEDIOS","ESPA�A","TOTAL POBLACION",308,373,681
" 11","LOS REMEDIOS","ESTADOS UNIDOS DE AMERICA","ESPA�OLES",1,1,2
" 11","LOS REMEDIOS","ESTADOS UNIDOS DE AMERICA","EXTRANJEROS",1,1,2
" 11","LOS REMEDIOS","ESTADOS UNIDOS DE AMERICA","TOTAL POBLACION",2,2,4
" 11","LOS REMEDIOS","FILIPINAS","ESPA�OLES",1,2,3
" 11","LOS REMEDIOS","FILIPINAS","EXTRANJEROS",2,0,2
" 11","LOS REMEDIOS","FILIPINAS","TOTAL POBLACION",3,2,5
" 11","LOS REMEDIOS","FRANCIA","ESPA�OLES",1,0,1
" 11","LOS REMEDIOS","FRANCIA","EXTRANJEROS",3,1,4
" 11","LOS REMEDIOS","FRANCIA","TOTAL POBLACION",4,1,5
" 11","LOS REMEDIOS","HONDURAS","EXTRANJEROS",0,1,1
" 11","LOS REMEDIOS","HONDURAS","TOTAL POBLACION",0,1,1
" 11","LOS REMEDIOS","ITALIA","ESPA�OLES",1,1,2
" 11","LOS REMEDIOS","ITALIA","EXTRANJEROS",0,1,1
" 11","LOS REMEDIOS","ITALIA","TOTAL POBLACION",1,2,3
" 11","LOS REMEDIOS","MARRUECOS","EXTRANJEROS",3,2,5
" 11","LOS REMEDIOS","MARRUECOS","TOTAL POBLACION",3,2,5
" 11","LOS REMEDIOS","MEXICO","ESPA�OLES",0,1,1
" 11","LOS REMEDIOS","MEXICO","EXTRANJEROS",1,0,1
" 11","LOS REMEDIOS","MEXICO","TOTAL POBLACION",1,1,2
" 11","LOS REMEDIOS","NICARAGUA","EXTRANJEROS",1,4,5
" 11","LOS REMEDIOS","NICARAGUA","TOTAL POBLACION",1,4,5
" 11","LOS REMEDIOS","PARAGUAY","EXTRANJEROS",2,1,3
" 11","LOS REMEDIOS","PARAGUAY","TOTAL POBLACION",2,1,3
" 11","LOS REMEDIOS","PERU","ESPA�OLES",0,3,3
" 11","LOS REMEDIOS","PERU","EXTRANJEROS",1,1,2
" 11","LOS REMEDIOS","PERU","TOTAL POBLACION",1,4,5
" 11","LOS REMEDIOS","PORTUGAL","EXTRANJEROS",2,0,2
" 11","LOS REMEDIOS","PORTUGAL","TOTAL POBLACION",2,0,2
" 11","LOS REMEDIOS","REINO UNIDO","ESPA�OLES",4,4,8
" 11","LOS REMEDIOS","REINO UNIDO","EXTRANJEROS",0,1,1
" 11","LOS REMEDIOS","REINO UNIDO","TOTAL POBLACION",4,5,9
" 11","LOS REMEDIOS","REPUBLICA DE COREA","EXTRANJEROS",1,0,1
" 11","LOS REMEDIOS","REPUBLICA DE COREA","TOTAL POBLACION",1,0,1
" 11","LOS REMEDIOS","REPUBLICA DOMINICANA","ESPA�OLES",1,0,1
" 11","LOS REMEDIOS","REPUBLICA DOMINICANA","EXTRANJEROS",2,1,3
" 11","LOS REMEDIOS","REPUBLICA DOMINICANA","TOTAL POBLACION",3,1,4
" 11","LOS REMEDIOS","RUMANIA","EXTRANJEROS",0,1,1
" 11","LOS REMEDIOS","RUMANIA","TOTAL POBLACION",0,1,1
" 11","LOS REMEDIOS","TUNEZ","ESPA�OLES",1,0,1
" 11","LOS REMEDIOS","TUNEZ","TOTAL POBLACION",1,0,1
" 11","LOS REMEDIOS","UCRANIA","ESPA�OLES",1,1,2
" 11","LOS REMEDIOS","UCRANIA","EXTRANJEROS",0,1,1
" 11","LOS REMEDIOS","UCRANIA","TOTAL POBLACION",1,2,3
" 11","LOS REMEDIOS","URUGUAY","EXTRANJEROS",0,1,1
" 11","LOS REMEDIOS","URUGUAY","TOTAL POBLACION",0,1,1
" 11","LOS REMEDIOS","VENEZUELA","EXTRANJEROS",5,2,7
" 11","LOS REMEDIOS","VENEZUELA","TOTAL POBLACION",5,2,7
"00","TOTAL MUNICIPIO","- TODOS -","ESPA�OLES",6914,7119,14033
"00","TOTAL MUNICIPIO","- TODOS -","EXTRANJEROS",2064,2413,4477
"00","TOTAL MUNICIPIO","- TODOS -","TOTAL POBLACION",8978,9532,18510
"00","TOTAL MUNICIPIO","ALBANIA","EXTRANJEROS",1,1,2
"00","TOTAL MUNICIPIO","ALBANIA","TOTAL POBLACION",1,1,2
"00","TOTAL MUNICIPIO","ALEMANIA","ESPA�OLES",27,40,67
"00","TOTAL MUNICIPIO","ALEMANIA","EXTRANJEROS",22,25,47
"00","TOTAL MUNICIPIO","ALEMANIA","TOTAL POBLACION",49,65,114
"00","TOTAL MUNICIPIO","ANGOLA","ESPA�OLES",1,0,1
"00","TOTAL MUNICIPIO","ANGOLA","TOTAL POBLACION",1,0,1
"00","TOTAL MUNICIPIO","ARABIA SAUDITA","ESPA�OLES",9,1,10
"00","TOTAL MUNICIPIO","ARABIA SAUDITA","TOTAL POBLACION",9,1,10
"00","TOTAL MUNICIPIO","ARGELIA","ESPA�OLES",1,0,1
"00","TOTAL MUNICIPIO","ARGELIA","EXTRANJEROS",7,5,12
"00","TOTAL MUNICIPIO","ARGELIA","TOTAL POBLACION",8,5,13
"00","TOTAL MUNICIPIO","ARGENTINA","ESPA�OLES",4,6,10
"00","TOTAL MUNICIPIO","ARGENTINA","EXTRANJEROS",15,19,34
"00","TOTAL MUNICIPIO","ARGENTINA","TOTAL POBLACION",19,25,44
"00","TOTAL MUNICIPIO","ARMENIA","EXTRANJEROS",1,3,4
"00","TOTAL MUNICIPIO","ARMENIA","TOTAL POBLACION",1,3,4
"00","TOTAL MUNICIPIO","AUSTRALIA","ESPA�OLES",3,4,7
"00","TOTAL MUNICIPIO","AUSTRALIA","EXTRANJEROS",6,4,10
"00","TOTAL MUNICIPIO","AUSTRALIA","TOTAL POBLACION",9,8,17
"00","TOTAL MUNICIPIO","AUSTRIA","ESPA�OLES",1,1,2
"00","TOTAL MUNICIPIO","AUSTRIA","EXTRANJEROS",1,3,4
"00","TOTAL MUNICIPIO","AUSTRIA","TOTAL POBLACION",2,4,6
"00","TOTAL MUNICIPIO","BELGICA","ESPA�OLES",8,7,15
"00","TOTAL MUNICIPIO","BELGICA","EXTRANJEROS",0,5,5
"00","TOTAL MUNICIPIO","BELGICA","TOTAL POBLACION",8,12,20
"00","TOTAL MUNICIPIO","BENIN","ESPA�OLES",2,0,2
"00","TOTAL MUNICIPIO","BENIN","EXTRANJEROS",1,0,1
"00","TOTAL MUNICIPIO","BENIN","TOTAL POBLACION",3,0,3
"00","TOTAL MUNICIPIO","BIELORUSIA","EXTRANJEROS",0,1,1
"00","TOTAL MUNICIPIO","BIELORUSIA","TOTAL POBLACION",0,1,1
"00","TOTAL MUNICIPIO","BOLIVIA","ESPA�OLES",9,18,27
"00","TOTAL MUNICIPIO","BOLIVIA","EXTRANJEROS",35,32,67
"00","TOTAL MUNICIPIO","BOLIVIA","TOTAL POBLACION",44,50,94
"00","TOTAL MUNICIPIO","BRASIL","ESPA�OLES",11,3,14
"00","TOTAL MUNICIPIO","BRASIL","EXTRANJEROS",30,44,74
"00","TOTAL MUNICIPIO","BRASIL","TOTAL POBLACION",41,47,88
"00","TOTAL MUNICIPIO","BRUNEI","EXTRANJEROS",0,1,1
"00","TOTAL MUNICIPIO","BRUNEI","TOTAL POBLACION",0,1,1
"00","TOTAL MUNICIPIO","BULGARIA","EXTRANJEROS",2,3,5
"00","TOTAL MUNICIPIO","BULGARIA","TOTAL POBLACION",2,3,5
"00","TOTAL MUNICIPIO","CABO VERDE","EXTRANJEROS",0,1,1
"00","TOTAL MUNICIPIO","CABO VERDE","TOTAL POBLACION",0,1,1
"00","TOTAL MUNICIPIO","CAMERUN","EXTRANJEROS",3,3,6
"00","TOTAL MUNICIPIO","CAMERUN","TOTAL POBLACION",3,3,6
"00","TOTAL MUNICIPIO","CANADA","ESPA�OLES",2,1,3
"00","TOTAL MUNICIPIO","CANADA","EXTRANJEROS",4,4,8
"00","TOTAL MUNICIPIO","CANADA","TOTAL POBLACION",6,5,11
"00","TOTAL MUNICIPIO","CHILE","ESPA�OLES",17,20,37
"00","TOTAL MUNICIPIO","CHILE","EXTRANJEROS",10,7,17
"00","TOTAL MUNICIPIO","CHILE","TOTAL POBLACION",27,27,54
"00","TOTAL MUNICIPIO","CHINA","ESPA�OLES",7,3,10
"00","TOTAL MUNICIPIO","CHINA","EXTRANJEROS",47,72,119
"00","TOTAL MUNICIPIO","CHINA","TOTAL POBLACION",54,75,129
"00","TOTAL MUNICIPIO","COLOMBIA","ESPA�OLES",8,7,15
"00","TOTAL MUNICIPIO","COLOMBIA","EXTRANJEROS",20,35,55
"00","TOTAL MUNICIPIO","COLOMBIA","TOTAL POBLACION",28,42,70
"00","TOTAL MUNICIPIO","COSTA DE MARFIL","EXTRANJEROS",2,1,3
"00","TOTAL MUNICIPIO","COSTA DE MARFIL","TOTAL POBLACION",2,1,3
"00","TOTAL MUNICIPIO","COSTA RICA","ESPA�OLES",1,0,1
"00","TOTAL MUNICIPIO","COSTA RICA","EXTRANJEROS",0,2,2
"00","TOTAL MUNICIPIO","COSTA RICA","TOTAL POBLACION",1,2,3
"00","TOTAL MUNICIPIO","CROACIA","ESPA�OLES",1,3,4
"00","TOTAL MUNICIPIO","CROACIA","EXTRANJEROS",0,1,1
"00","TOTAL MUNICIPIO","CROACIA","TOTAL POBLACION",1,4,5
"00","TOTAL MUNICIPIO","CUBA","ESPA�OLES",9,13,22
"00","TOTAL MUNICIPIO","CUBA","EXTRANJEROS",19,19,38
"00","TOTAL MUNICIPIO","CUBA","TOTAL POBLACION",28,32,60
"00","TOTAL MUNICIPIO","DINAMARCA","ESPA�OLES",3,1,4
"00","TOTAL MUNICIPIO","DINAMARCA","EXTRANJEROS",1,3,4
"00","TOTAL MUNICIPIO","DINAMARCA","TOTAL POBLACION",4,4,8
"00","TOTAL MUNICIPIO","ECUADOR","ESPA�OLES",16,12,28
"00","TOTAL MUNICIPIO","ECUADOR","EXTRANJEROS",11,17,28
"00","TOTAL MUNICIPIO","ECUADOR","TOTAL POBLACION",27,29,56
"00","TOTAL MUNICIPIO","EGIPTO","EXTRANJEROS",4,1,5
"00","TOTAL MUNICIPIO","EGIPTO","TOTAL POBLACION",4,1,5
"00","TOTAL MUNICIPIO","EL SALVADOR","ESPA�OLES",0,1,1
"00","TOTAL MUNICIPIO","EL SALVADOR","EXTRANJEROS",12,30,42
"00","TOTAL MUNICIPIO","EL SALVADOR","TOTAL POBLACION",12,31,43
"00","TOTAL MUNICIPIO","EMIRATOS ARABES UNIDOS","ESPA�OLES",5,0,5
"00","TOTAL MUNICIPIO","EMIRATOS ARABES UNIDOS","TOTAL POBLACION",5,0,5
"00","TOTAL MUNICIPIO","ESLOVAQUIA","EXTRANJEROS",0,3,3
"00","TOTAL MUNICIPIO","ESLOVAQUIA","TOTAL POBLACION",0,3,3
"00","TOTAL MUNICIPIO","ESLOVENIA","EXTRANJEROS",1,1,2
"00","TOTAL MUNICIPIO","ESLOVENIA","TOTAL POBLACION",1,1,2
"00","TOTAL MUNICIPIO","ESPA�A","ESPA�OLES",6588,6798,13386
"00","TOTAL MUNICIPIO","ESPA�A","EXTRANJEROS",1075,1165,2240
"00","TOTAL MUNICIPIO","ESPA�A","TOTAL POBLACION",7663,7963,15626
"00","TOTAL MUNICIPIO","ESTADOS UNIDOS DE AMERICA","ESPA�OLES",26,30,56
"00","TOTAL MUNICIPIO","ESTADOS UNIDOS DE AMERICA","EXTRANJEROS",33,46,79
"00","TOTAL MUNICIPIO","ESTADOS UNIDOS DE AMERICA","TOTAL POBLACION",59,76,135
"00","TOTAL MUNICIPIO","ESTONIA","EXTRANJEROS",2,0,2
"00","TOTAL MUNICIPIO","ESTONIA","TOTAL POBLACION",2,0,2
"00","TOTAL MUNICIPIO","FILIPINAS","ESPA�OLES",1,3,4
"00","TOTAL MUNICIPIO","FILIPINAS","EXTRANJEROS",6,10,16
"00","TOTAL MUNICIPIO","FILIPINAS","TOTAL POBLACION",7,13,20
"00","TOTAL MUNICIPIO","FINLANDIA","ESPA�OLES",1,0,1
"00","TOTAL MUNICIPIO","FINLANDIA","EXTRANJEROS",3,3,6
"00","TOTAL MUNICIPIO","FINLANDIA","TOTAL POBLACION",4,3,7
"00","TOTAL MUNICIPIO","FRANCIA","ESPA�OLES",22,28,50
"00","TOTAL MUNICIPIO","FRANCIA","EXTRANJEROS",54,49,103
"00","TOTAL MUNICIPIO","FRANCIA","TOTAL POBLACION",76,77,153
"00","TOTAL MUNICIPIO","GAMBIA","EXTRANJEROS",1,0,1
"00","TOTAL MUNICIPIO","GAMBIA","TOTAL POBLACION",1,0,1
"00","TOTAL MUNICIPIO","GEORGIA","EXTRANJEROS",6,5,11
"00","TOTAL MUNICIPIO","GEORGIA","TOTAL POBLACION",6,5,11
"00","TOTAL MUNICIPIO","GHANA","EXTRANJEROS",2,0,2
"00","TOTAL MUNICIPIO","GHANA","TOTAL POBLACION",2,0,2
"00","TOTAL MUNICIPIO","GRANADA","EXTRANJEROS",0,1,1
"00","TOTAL MUNICIPIO","GRANADA","TOTAL POBLACION",0,1,1
"00","TOTAL MUNICIPIO","GRECIA","EXTRANJEROS",4,6,10
"00","TOTAL MUNICIPIO","GRECIA","TOTAL POBLACION",4,6,10
"00","TOTAL MUNICIPIO","GUATEMALA","ESPA�OLES",0,1,1
"00","TOTAL MUNICIPIO","GUATEMALA","EXTRANJEROS",4,4,8
"00","TOTAL MUNICIPIO","GUATEMALA","TOTAL POBLACION",4,5,9
"00","TOTAL MUNICIPIO","GUINEA","EXTRANJEROS",2,0,2
"00","TOTAL MUNICIPIO","GUINEA","TOTAL POBLACION",2,0,2
"00","TOTAL MUNICIPIO","GUINEA ECUATORIAL","ESPA�OLES",1,1,2
"00","TOTAL MUNICIPIO","GUINEA ECUATORIAL","EXTRANJEROS",0,3,3
"00","TOTAL MUNICIPIO","GUINEA ECUATORIAL","TOTAL POBLACION",1,4,5
"00","TOTAL MUNICIPIO","HONDURAS","ESPA�OLES",1,0,1
"00","TOTAL MUNICIPIO","HONDURAS","EXTRANJEROS",15,43,58
"00","TOTAL MUNICIPIO","HONDURAS","TOTAL POBLACION",16,43,59
"00","TOTAL MUNICIPIO","HUNGRIA","EXTRANJEROS",3,1,4
"00","TOTAL MUNICIPIO","HUNGRIA","TOTAL POBLACION",3,1,4
"00","TOTAL MUNICIPIO","INDIA","EXTRANJEROS",2,0,2
"00","TOTAL MUNICIPIO","INDIA","TOTAL POBLACION",2,0,2
"00","TOTAL MUNICIPIO","INDONESIA","ESPA�OLES",1,1,2
"00","TOTAL MUNICIPIO","INDONESIA","EXTRANJEROS",0,1,1
"00","TOTAL MUNICIPIO","INDONESIA","TOTAL POBLACION",1,2,3
"00","TOTAL MUNICIPIO","IRAK","EXTRANJEROS",4,6,10
"00","TOTAL MUNICIPIO","IRAK","TOTAL POBLACION",4,6,10
"00","TOTAL MUNICIPIO","IRAN","EXTRANJEROS",1,0,1
"00","TOTAL MUNICIPIO","IRAN","TOTAL POBLACION",1,0,1
"00","TOTAL MUNICIPIO","IRLANDA","ESPA�OLES",6,7,13
"00","TOTAL MUNICIPIO","IRLANDA","EXTRANJEROS",1,8,9
"00","TOTAL MUNICIPIO","IRLANDA","TOTAL POBLACION",7,15,22
"00","TOTAL MUNICIPIO","ISLANDIA","EXTRANJEROS",1,0,1
"00","TOTAL MUNICIPIO","ISLANDIA","TOTAL POBLACION",1,0,1
"00","TOTAL MUNICIPIO","ISRAEL","ESPA�OLES",0,1,1
"00","TOTAL MUNICIPIO","ISRAEL","EXTRANJEROS",1,1,2
"00","TOTAL MUNICIPIO","ISRAEL","TOTAL POBLACION",1,2,3
"00","TOTAL MUNICIPIO","ITALIA","ESPA�OLES",12,14,26
"00","TOTAL MUNICIPIO","ITALIA","EXTRANJEROS",38,50,88
"00","TOTAL MUNICIPIO","ITALIA","TOTAL POBLACION",50,64,114
"00","TOTAL MUNICIPIO","JAPON","ESPA�OLES",2,1,3
"00","TOTAL MUNICIPIO","JAPON","EXTRANJEROS",2,3,5
"00","TOTAL MUNICIPIO","JAPON","TOTAL POBLACION",4,4,8
"00","TOTAL MUNICIPIO","KENIA","ESPA�OLES",0,1,1
"00","TOTAL MUNICIPIO","KENIA","TOTAL POBLACION",0,1,1
"00","TOTAL MUNICIPIO","LETONIA","EXTRANJEROS",0,1,1
"00","TOTAL MUNICIPIO","LETONIA","TOTAL POBLACION",0,1,1
"00","TOTAL MUNICIPIO","LIBANO","EXTRANJEROS",2,0,2
"00","TOTAL MUNICIPIO","LIBANO","TOTAL POBLACION",2,0,2
"00","TOTAL MUNICIPIO","LITUANIA","EXTRANJEROS",0,4,4
"00","TOTAL MUNICIPIO","LITUANIA","TOTAL POBLACION",0,4,4
"00","TOTAL MUNICIPIO","MALI","EXTRANJEROS",2,0,2
"00","TOTAL MUNICIPIO","MALI","TOTAL POBLACION",2,0,2
"00","TOTAL MUNICIPIO","MALTA","ESPA�OLES",1,0,1
"00","TOTAL MUNICIPIO","MALTA","TOTAL POBLACION",1,0,1
"00","TOTAL MUNICIPIO","MARRUECOS","ESPA�OLES",5,9,14
"00","TOTAL MUNICIPIO","MARRUECOS","EXTRANJEROS",83,71,154
"00","TOTAL MUNICIPIO","MARRUECOS","TOTAL POBLACION",88,80,168
"00","TOTAL MUNICIPIO","MAURITANIA","ESPA�OLES",1,0,1
"00","TOTAL MUNICIPIO","MAURITANIA","EXTRANJEROS",1,0,1
"00","TOTAL MUNICIPIO","MAURITANIA","TOTAL POBLACION",2,0,2
"00","TOTAL MUNICIPIO","MEXICO","ESPA�OLES",11,7,18
"00","TOTAL MUNICIPIO","MEXICO","EXTRANJEROS",19,35,54
"00","TOTAL MUNICIPIO","MEXICO","TOTAL POBLACION",30,42,72
"00","TOTAL MUNICIPIO","NAMIBIA","ESPA�OLES",1,0,1
"00","TOTAL MUNICIPIO","NAMIBIA","TOTAL POBLACION",1,0,1
"00","TOTAL MUNICIPIO","NEPAL","EXTRANJEROS",1,0,1
"00","TOTAL MUNICIPIO","NEPAL","TOTAL POBLACION",1,0,1
"00","TOTAL MUNICIPIO","NICARAGUA","ESPA�OLES",1,0,1
"00","TOTAL MUNICIPIO","NICARAGUA","EXTRANJEROS",34,146,180
"00","TOTAL MUNICIPIO","NICARAGUA","TOTAL POBLACION",35,146,181
"00","TOTAL MUNICIPIO","NIGERIA","EXTRANJEROS",19,11,30
"00","TOTAL MUNICIPIO","NIGERIA","TOTAL POBLACION",19,11,30
"00","TOTAL MUNICIPIO","NORUEGA","ESPA�OLES",1,0,1
"00","TOTAL MUNICIPIO","NORUEGA","EXTRANJEROS",4,1,5
"00","TOTAL MUNICIPIO","NORUEGA","TOTAL POBLACION",5,1,6
"00","TOTAL MUNICIPIO","OTROS PAISES SIN RELACION DIPLOMATICA","EXTRANJEROS",1,0,1
"00","TOTAL MUNICIPIO","OTROS PAISES SIN RELACION DIPLOMATICA","TOTAL POBLACION",1,0,1
"00","TOTAL MUNICIPIO","OTROS TERR. ESPA�OLES","ESPA�OLES",1,0,1
"00","TOTAL MUNICIPIO","OTROS TERR. ESPA�OLES","TOTAL POBLACION",1,0,1
"00","TOTAL MUNICIPIO","PAISES BAJOS","ESPA�OLES",1,7,8
"00","TOTAL MUNICIPIO","PAISES BAJOS","EXTRANJEROS",5,5,10
"00","TOTAL MUNICIPIO","PAISES BAJOS","TOTAL POBLACION",6,12,18
"00","TOTAL MUNICIPIO","PAKISTAN","EXTRANJEROS",13,0,13
"00","TOTAL MUNICIPIO","PAKISTAN","TOTAL POBLACION",13,0,13
"00","TOTAL MUNICIPIO","PALESTINA. ESTADO OBSERVADOR, NO MIEMBRO DE NACIONES UNIDAS","EXTRANJEROS",6,1,7
"00","TOTAL MUNICIPIO","PALESTINA. ESTADO OBSERVADOR, NO MIEMBRO DE NACIONES UNIDAS","TOTAL POBLACION",6,1,7
"00","TOTAL MUNICIPIO","PANAMA","ESPA�OLES",1,0,1
"00","TOTAL MUNICIPIO","PANAMA","EXTRANJEROS",2,2,4
"00","TOTAL MUNICIPIO","PANAMA","TOTAL POBLACION",3,2,5
"00","TOTAL MUNICIPIO","PARAGUAY","ESPA�OLES",1,1,2
"00","TOTAL MUNICIPIO","PARAGUAY","EXTRANJEROS",27,30,57
"00","TOTAL MUNICIPIO","PARAGUAY","TOTAL POBLACION",28,31,59
"00","TOTAL MUNICIPIO","PERU","ESPA�OLES",15,7,22
"00","TOTAL MUNICIPIO","PERU","EXTRANJEROS",23,29,52
"00","TOTAL MUNICIPIO","PERU","TOTAL POBLACION",38,36,74
"00","TOTAL MUNICIPIO","POLONIA","ESPA�OLES",4,1,5
"00","TOTAL MUNICIPIO","POLONIA","EXTRANJEROS",3,13,16
"00","TOTAL MUNICIPIO","POLONIA","TOTAL POBLACION",7,14,21
"00","TOTAL MUNICIPIO","PORTUGAL","ESPA�OLES",6,14,20
"00","TOTAL MUNICIPIO","PORTUGAL","EXTRANJEROS",26,18,44
"00","TOTAL MUNICIPIO","PORTUGAL","TOTAL POBLACION",32,32,64
"00","TOTAL MUNICIPIO","PRINCIPADO DE ANDORRA","ESPA�OLES",1,0,1
"00","TOTAL MUNICIPIO","PRINCIPADO DE ANDORRA","TOTAL POBLACION",1,0,1
"00","TOTAL MUNICIPIO","REINO UNIDO","ESPA�OLES",23,27,50
"00","TOTAL MUNICIPIO","REINO UNIDO","EXTRANJEROS",33,26,59
"00","TOTAL MUNICIPIO","REINO UNIDO","TOTAL POBLACION",56,53,109
"00","TOTAL MUNICIPIO","REPUBLICA CHECA","EXTRANJEROS",1,1,2
"00","TOTAL MUNICIPIO","REPUBLICA CHECA","TOTAL POBLACION",1,1,2
"00","TOTAL MUNICIPIO","REPUBLICA DE COREA","EXTRANJEROS",6,8,14
"00","TOTAL MUNICIPIO","REPUBLICA DE COREA","TOTAL POBLACION",6,8,14
"00","TOTAL MUNICIPIO","REPUBLICA DEMOCRATICA DEL CONGO","EXTRANJEROS",0,3,3
"00","TOTAL MUNICIPIO","REPUBLICA DEMOCRATICA DEL CONGO","TOTAL POBLACION",0,3,3
"00","TOTAL MUNICIPIO","REPUBLICA DOMINICANA","ESPA�OLES",5,1,6
"00","TOTAL MUNICIPIO","REPUBLICA DOMINICANA","EXTRANJEROS",10,28,38
"00","TOTAL MUNICIPIO","REPUBLICA DOMINICANA","TOTAL POBLACION",15,29,44
"00","TOTAL MUNICIPIO","RUMANIA","ESPA�OLES",1,0,1
"00","TOTAL MUNICIPIO","RUMANIA","EXTRANJEROS",53,44,97
"00","TOTAL MUNICIPIO","RUMANIA","TOTAL POBLACION",54,44,98
"00","TOTAL MUNICIPIO","RUSIA","ESPA�OLES",4,1,5
"00","TOTAL MUNICIPIO","RUSIA","EXTRANJEROS",8,35,43
"00","TOTAL MUNICIPIO","RUSIA","TOTAL POBLACION",12,36,48
"00","TOTAL MUNICIPIO","SENEGAL","ESPA�OLES",1,0,1
"00","TOTAL MUNICIPIO","SENEGAL","EXTRANJEROS",29,12,41
"00","TOTAL MUNICIPIO","SENEGAL","TOTAL POBLACION",30,12,42
"00","TOTAL MUNICIPIO","SINGAPUR","EXTRANJEROS",1,1,2
"00","TOTAL MUNICIPIO","SINGAPUR","TOTAL POBLACION",1,1,2
"00","TOTAL MUNICIPIO","SIRIA","ESPA�OLES",2,0,2
"00","TOTAL MUNICIPIO","SIRIA","EXTRANJEROS",14,9,23
"00","TOTAL MUNICIPIO","SIRIA","TOTAL POBLACION",16,9,25
"00","TOTAL MUNICIPIO","SUECIA","ESPA�OLES",3,0,3
"00","TOTAL MUNICIPIO","SUECIA","EXTRANJEROS",2,2,4
"00","TOTAL MUNICIPIO","SUECIA","TOTAL POBLACION",5,2,7
"00","TOTAL MUNICIPIO","SUIZA","ESPA�OLES",6,3,9
"00","TOTAL MUNICIPIO","SUIZA","EXTRANJEROS",2,2,4
"00","TOTAL MUNICIPIO","SUIZA","TOTAL POBLACION",8,5,13
"00","TOTAL MUNICIPIO","SURINAM","EXTRANJEROS",0,1,1
"00","TOTAL MUNICIPIO","SURINAM","TOTAL POBLACION",0,1,1
"00","TOTAL MUNICIPIO","TAILANDIA","EXTRANJEROS",0,1,1
"00","TOTAL MUNICIPIO","TAILANDIA","TOTAL POBLACION",0,1,1
"00","TOTAL MUNICIPIO","TOGO","EXTRANJEROS",1,0,1
"00","TOTAL MUNICIPIO","TOGO","TOTAL POBLACION",1,0,1
"00","TOTAL MUNICIPIO","TUNEZ","ESPA�OLES",1,0,1
"00","TOTAL MUNICIPIO","TUNEZ","TOTAL POBLACION",1,0,1
"00","TOTAL MUNICIPIO","TURQUIA","ESPA�OLES",0,2,2
"00","TOTAL MUNICIPIO","TURQUIA","EXTRANJEROS",4,2,6
"00","TOTAL MUNICIPIO","TURQUIA","TOTAL POBLACION",4,4,8
"00","TOTAL MUNICIPIO","UCRANIA","ESPA�OLES",3,2,5
"00","TOTAL MUNICIPIO","UCRANIA","EXTRANJEROS",62,61,123
"00","TOTAL MUNICIPIO","UCRANIA","TOTAL POBLACION",65,63,128
"00","TOTAL MUNICIPIO","URUGUAY","ESPA�OLES",1,1,2
"00","TOTAL MUNICIPIO","URUGUAY","EXTRANJEROS",3,2,5
"00","TOTAL MUNICIPIO","URUGUAY","TOTAL POBLACION",4,3,7
"00","TOTAL MUNICIPIO","VENEZUELA","ESPA�OLES",7,8,15
"00","TOTAL MUNICIPIO","VENEZUELA","EXTRANJEROS",46,55,101
"00","TOTAL MUNICIPIO","VENEZUELA","TOTAL POBLACION",53,63,116
"00","TOTAL MUNICIPIO","VIET-NAM","ESPA�OLES",0,1,1
"00","TOTAL MUNICIPIO","VIET-NAM","EXTRANJEROS",1,1,2
"00","TOTAL MUNICIPIO","VIET-NAM","TOTAL POBLACION",1,2,3
"00","TOTAL MUNICIPIO","YEMEN","EXTRANJEROS",1,0,1
"00","TOTAL MUNICIPIO","YEMEN","TOTAL POBLACION",1,0,1
"00","TOTAL MUNICIPIO","ZAMBIA","EXTRANJEROS",1,1,2
"00","TOTAL MUNICIPIO","ZAMBIA","TOTAL POBLACION",1,1,2
