"CD","DISTRITO","PROCEDENCIA","NACIONALIDAD","HOMBRES","MUJERES","TOTAL"
" 01","CASCO ANTIGUO","- TODOS -","ESPA�OLES",670,744,1414
" 01","CASCO ANTIGUO","- TODOS -","EXTRANJEROS",242,351,593
" 01","CASCO ANTIGUO","- TODOS -","TOTAL POBLACION",912,1095,2007
" 01","CASCO ANTIGUO","ALEMANIA","ESPA�OLES",2,2,4
" 01","CASCO ANTIGUO","ALEMANIA","EXTRANJEROS",4,16,20
" 01","CASCO ANTIGUO","ALEMANIA","TOTAL POBLACION",6,18,24
" 01","CASCO ANTIGUO","ARGELIA","EXTRANJEROS",1,0,1
" 01","CASCO ANTIGUO","ARGELIA","TOTAL POBLACION",1,0,1
" 01","CASCO ANTIGUO","ARGENTINA","ESPA�OLES",1,1,2
" 01","CASCO ANTIGUO","ARGENTINA","EXTRANJEROS",1,4,5
" 01","CASCO ANTIGUO","ARGENTINA","TOTAL POBLACION",2,5,7
" 01","CASCO ANTIGUO","AUSTRALIA","EXTRANJEROS",2,2,4
" 01","CASCO ANTIGUO","AUSTRALIA","TOTAL POBLACION",2,2,4
" 01","CASCO ANTIGUO","AUSTRIA","ESPA�OLES",0,1,1
" 01","CASCO ANTIGUO","AUSTRIA","EXTRANJEROS",2,0,2
" 01","CASCO ANTIGUO","AUSTRIA","TOTAL POBLACION",2,1,3
" 01","CASCO ANTIGUO","BELGICA","ESPA�OLES",2,1,3
" 01","CASCO ANTIGUO","BELGICA","EXTRANJEROS",1,3,4
" 01","CASCO ANTIGUO","BELGICA","TOTAL POBLACION",3,4,7
" 01","CASCO ANTIGUO","BOLIVIA","EXTRANJEROS",0,1,1
" 01","CASCO ANTIGUO","BOLIVIA","TOTAL POBLACION",0,1,1
" 01","CASCO ANTIGUO","BRASIL","ESPA�OLES",3,2,5
" 01","CASCO ANTIGUO","BRASIL","EXTRANJEROS",2,6,8
" 01","CASCO ANTIGUO","BRASIL","TOTAL POBLACION",5,8,13
" 01","CASCO ANTIGUO","BULGARIA","EXTRANJEROS",0,2,2
" 01","CASCO ANTIGUO","BULGARIA","TOTAL POBLACION",0,2,2
" 01","CASCO ANTIGUO","CANADA","EXTRANJEROS",5,6,11
" 01","CASCO ANTIGUO","CANADA","TOTAL POBLACION",5,6,11
" 01","CASCO ANTIGUO","CHILE","ESPA�OLES",0,1,1
" 01","CASCO ANTIGUO","CHILE","EXTRANJEROS",0,2,2
" 01","CASCO ANTIGUO","CHILE","TOTAL POBLACION",0,3,3
" 01","CASCO ANTIGUO","CHINA","EXTRANJEROS",4,8,12
" 01","CASCO ANTIGUO","CHINA","TOTAL POBLACION",4,8,12
" 01","CASCO ANTIGUO","COLOMBIA","ESPA�OLES",0,1,1
" 01","CASCO ANTIGUO","COLOMBIA","EXTRANJEROS",4,10,14
" 01","CASCO ANTIGUO","COLOMBIA","TOTAL POBLACION",4,11,15
" 01","CASCO ANTIGUO","CUBA","ESPA�OLES",0,1,1
" 01","CASCO ANTIGUO","CUBA","EXTRANJEROS",4,1,5
" 01","CASCO ANTIGUO","CUBA","TOTAL POBLACION",4,2,6
" 01","CASCO ANTIGUO","DINAMARCA","EXTRANJEROS",1,2,3
" 01","CASCO ANTIGUO","DINAMARCA","TOTAL POBLACION",1,2,3
" 01","CASCO ANTIGUO","ECUADOR","ESPA�OLES",1,0,1
" 01","CASCO ANTIGUO","ECUADOR","EXTRANJEROS",2,3,5
" 01","CASCO ANTIGUO","ECUADOR","TOTAL POBLACION",3,3,6
" 01","CASCO ANTIGUO","EL SALVADOR","EXTRANJEROS",1,1,2
" 01","CASCO ANTIGUO","EL SALVADOR","TOTAL POBLACION",1,1,2
" 01","CASCO ANTIGUO","EMIRATOS ARABES UNIDOS","EXTRANJEROS",1,2,3
" 01","CASCO ANTIGUO","EMIRATOS ARABES UNIDOS","TOTAL POBLACION",1,2,3
" 01","CASCO ANTIGUO","ESPA�A","ESPA�OLES",637,704,1341
" 01","CASCO ANTIGUO","ESPA�A","EXTRANJEROS",85,100,185
" 01","CASCO ANTIGUO","ESPA�A","TOTAL POBLACION",722,804,1526
" 01","CASCO ANTIGUO","ESTADOS UNIDOS DE AMERICA","ESPA�OLES",0,2,2
" 01","CASCO ANTIGUO","ESTADOS UNIDOS DE AMERICA","EXTRANJEROS",19,27,46
" 01","CASCO ANTIGUO","ESTADOS UNIDOS DE AMERICA","TOTAL POBLACION",19,29,48
" 01","CASCO ANTIGUO","FILIPINAS","ESPA�OLES",0,1,1
" 01","CASCO ANTIGUO","FILIPINAS","EXTRANJEROS",0,3,3
" 01","CASCO ANTIGUO","FILIPINAS","TOTAL POBLACION",0,4,4
" 01","CASCO ANTIGUO","FINLANDIA","EXTRANJEROS",1,0,1
" 01","CASCO ANTIGUO","FINLANDIA","TOTAL POBLACION",1,0,1
" 01","CASCO ANTIGUO","FRANCIA","ESPA�OLES",3,4,7
" 01","CASCO ANTIGUO","FRANCIA","EXTRANJEROS",11,19,30
" 01","CASCO ANTIGUO","FRANCIA","TOTAL POBLACION",14,23,37
" 01","CASCO ANTIGUO","GHANA","ESPA�OLES",0,1,1
" 01","CASCO ANTIGUO","GHANA","TOTAL POBLACION",0,1,1
" 01","CASCO ANTIGUO","GRECIA","EXTRANJEROS",0,3,3
" 01","CASCO ANTIGUO","GRECIA","TOTAL POBLACION",0,3,3
" 01","CASCO ANTIGUO","GUATEMALA","ESPA�OLES",0,1,1
" 01","CASCO ANTIGUO","GUATEMALA","TOTAL POBLACION",0,1,1
" 01","CASCO ANTIGUO","GUINEA BISSAU","EXTRANJEROS",0,1,1
" 01","CASCO ANTIGUO","GUINEA BISSAU","TOTAL POBLACION",0,1,1
" 01","CASCO ANTIGUO","GUINEA ECUATORIAL","ESPA�OLES",1,0,1
" 01","CASCO ANTIGUO","GUINEA ECUATORIAL","EXTRANJEROS",1,0,1
" 01","CASCO ANTIGUO","GUINEA ECUATORIAL","TOTAL POBLACION",2,0,2
" 01","CASCO ANTIGUO","HONDURAS","EXTRANJEROS",0,1,1
" 01","CASCO ANTIGUO","HONDURAS","TOTAL POBLACION",0,1,1
" 01","CASCO ANTIGUO","HUNGRIA","EXTRANJEROS",1,1,2
" 01","CASCO ANTIGUO","HUNGRIA","TOTAL POBLACION",1,1,2
" 01","CASCO ANTIGUO","INDIA","EXTRANJEROS",2,0,2
" 01","CASCO ANTIGUO","INDIA","TOTAL POBLACION",2,0,2
" 01","CASCO ANTIGUO","IRAN","EXTRANJEROS",1,0,1
" 01","CASCO ANTIGUO","IRAN","TOTAL POBLACION",1,0,1
" 01","CASCO ANTIGUO","IRLANDA","ESPA�OLES",1,0,1
" 01","CASCO ANTIGUO","IRLANDA","EXTRANJEROS",2,3,5
" 01","CASCO ANTIGUO","IRLANDA","TOTAL POBLACION",3,3,6
" 01","CASCO ANTIGUO","ISLANDIA","EXTRANJEROS",0,1,1
" 01","CASCO ANTIGUO","ISLANDIA","TOTAL POBLACION",0,1,1
" 01","CASCO ANTIGUO","ISRAEL","ESPA�OLES",1,0,1
" 01","CASCO ANTIGUO","ISRAEL","EXTRANJEROS",1,1,2
" 01","CASCO ANTIGUO","ISRAEL","TOTAL POBLACION",2,1,3
" 01","CASCO ANTIGUO","ITALIA","ESPA�OLES",1,0,1
" 01","CASCO ANTIGUO","ITALIA","EXTRANJEROS",25,24,49
" 01","CASCO ANTIGUO","ITALIA","TOTAL POBLACION",26,24,50
" 01","CASCO ANTIGUO","JAPON","EXTRANJEROS",1,2,3
" 01","CASCO ANTIGUO","JAPON","TOTAL POBLACION",1,2,3
" 01","CASCO ANTIGUO","JORDANIA","ESPA�OLES",1,0,1
" 01","CASCO ANTIGUO","JORDANIA","EXTRANJEROS",1,0,1
" 01","CASCO ANTIGUO","JORDANIA","TOTAL POBLACION",2,0,2
" 01","CASCO ANTIGUO","KAZAJSTAN","EXTRANJEROS",0,1,1
" 01","CASCO ANTIGUO","KAZAJSTAN","TOTAL POBLACION",0,1,1
" 01","CASCO ANTIGUO","LETONIA","EXTRANJEROS",1,0,1
" 01","CASCO ANTIGUO","LETONIA","TOTAL POBLACION",1,0,1
" 01","CASCO ANTIGUO","MARRUECOS","ESPA�OLES",0,1,1
" 01","CASCO ANTIGUO","MARRUECOS","EXTRANJEROS",1,3,4
" 01","CASCO ANTIGUO","MARRUECOS","TOTAL POBLACION",1,4,5
" 01","CASCO ANTIGUO","MEXICO","ESPA�OLES",4,3,7
" 01","CASCO ANTIGUO","MEXICO","EXTRANJEROS",6,10,16
" 01","CASCO ANTIGUO","MEXICO","TOTAL POBLACION",10,13,23
" 01","CASCO ANTIGUO","NICARAGUA","EXTRANJEROS",0,8,8
" 01","CASCO ANTIGUO","NICARAGUA","TOTAL POBLACION",0,8,8
" 01","CASCO ANTIGUO","NORUEGA","EXTRANJEROS",1,0,1
" 01","CASCO ANTIGUO","NORUEGA","TOTAL POBLACION",1,0,1
" 01","CASCO ANTIGUO","NUEVA ZELANDA","EXTRANJEROS",1,1,2
" 01","CASCO ANTIGUO","NUEVA ZELANDA","TOTAL POBLACION",1,1,2
" 01","CASCO ANTIGUO","PAISES BAJOS","ESPA�OLES",4,5,9
" 01","CASCO ANTIGUO","PAISES BAJOS","EXTRANJEROS",1,4,5
" 01","CASCO ANTIGUO","PAISES BAJOS","TOTAL POBLACION",5,9,14
" 01","CASCO ANTIGUO","PALESTINA. ESTADO OBSERVADOR, NO MIEMBRO DE NACIONES UNIDAS","EXTRANJEROS",1,0,1
" 01","CASCO ANTIGUO","PALESTINA. ESTADO OBSERVADOR, NO MIEMBRO DE NACIONES UNIDAS","TOTAL POBLACION",1,0,1
" 01","CASCO ANTIGUO","PARAGUAY","EXTRANJEROS",1,1,2
" 01","CASCO ANTIGUO","PARAGUAY","TOTAL POBLACION",1,1,2
" 01","CASCO ANTIGUO","PERU","ESPA�OLES",3,3,6
" 01","CASCO ANTIGUO","PERU","EXTRANJEROS",1,3,4
" 01","CASCO ANTIGUO","PERU","TOTAL POBLACION",4,6,10
" 01","CASCO ANTIGUO","POLONIA","EXTRANJEROS",2,1,3
" 01","CASCO ANTIGUO","POLONIA","TOTAL POBLACION",2,1,3
" 01","CASCO ANTIGUO","PORTUGAL","ESPA�OLES",0,1,1
" 01","CASCO ANTIGUO","PORTUGAL","EXTRANJEROS",3,2,5
" 01","CASCO ANTIGUO","PORTUGAL","TOTAL POBLACION",3,3,6
" 01","CASCO ANTIGUO","QATAR","ESPA�OLES",1,0,1
" 01","CASCO ANTIGUO","QATAR","TOTAL POBLACION",1,0,1
" 01","CASCO ANTIGUO","REINO UNIDO","ESPA�OLES",1,3,4
" 01","CASCO ANTIGUO","REINO UNIDO","EXTRANJEROS",21,16,37
" 01","CASCO ANTIGUO","REINO UNIDO","TOTAL POBLACION",22,19,41
" 01","CASCO ANTIGUO","REPUBLICA DE COREA","EXTRANJEROS",2,1,3
" 01","CASCO ANTIGUO","REPUBLICA DE COREA","TOTAL POBLACION",2,1,3
" 01","CASCO ANTIGUO","REPUBLICA DOMINICANA","EXTRANJEROS",1,15,16
" 01","CASCO ANTIGUO","REPUBLICA DOMINICANA","TOTAL POBLACION",1,15,16
" 01","CASCO ANTIGUO","RUMANIA","EXTRANJEROS",0,6,6
" 01","CASCO ANTIGUO","RUMANIA","TOTAL POBLACION",0,6,6
" 01","CASCO ANTIGUO","RUSIA","EXTRANJEROS",0,2,2
" 01","CASCO ANTIGUO","RUSIA","TOTAL POBLACION",0,2,2
" 01","CASCO ANTIGUO","SERBIA","EXTRANJEROS",2,0,2
" 01","CASCO ANTIGUO","SERBIA","TOTAL POBLACION",2,0,2
" 01","CASCO ANTIGUO","SUECIA","EXTRANJEROS",0,1,1
" 01","CASCO ANTIGUO","SUECIA","TOTAL POBLACION",0,1,1
" 01","CASCO ANTIGUO","SUIZA","EXTRANJEROS",1,4,5
" 01","CASCO ANTIGUO","SUIZA","TOTAL POBLACION",1,4,5
" 01","CASCO ANTIGUO","TURQUIA","ESPA�OLES",0,1,1
" 01","CASCO ANTIGUO","TURQUIA","TOTAL POBLACION",0,1,1
" 01","CASCO ANTIGUO","URUGUAY","ESPA�OLES",0,1,1
" 01","CASCO ANTIGUO","URUGUAY","EXTRANJEROS",1,1,2
" 01","CASCO ANTIGUO","URUGUAY","TOTAL POBLACION",1,2,3
" 01","CASCO ANTIGUO","VENEZUELA","ESPA�OLES",3,3,6
" 01","CASCO ANTIGUO","VENEZUELA","EXTRANJEROS",9,16,25
" 01","CASCO ANTIGUO","VENEZUELA","TOTAL POBLACION",12,19,31
" 02","MACARENA","- TODOS -","ESPA�OLES",762,704,1466
" 02","MACARENA","- TODOS -","EXTRANJEROS",523,664,1187
" 02","MACARENA","- TODOS -","TOTAL POBLACION",1285,1368,2653
" 02","MACARENA","AFGANISTAN","EXTRANJEROS",2,0,2
" 02","MACARENA","AFGANISTAN","TOTAL POBLACION",2,0,2
" 02","MACARENA","ALEMANIA","ESPA�OLES",5,3,8
" 02","MACARENA","ALEMANIA","EXTRANJEROS",5,2,7
" 02","MACARENA","ALEMANIA","TOTAL POBLACION",10,5,15
" 02","MACARENA","ARGELIA","EXTRANJEROS",3,1,4
" 02","MACARENA","ARGELIA","TOTAL POBLACION",3,1,4
" 02","MACARENA","ARGENTINA","ESPA�OLES",1,0,1
" 02","MACARENA","ARGENTINA","EXTRANJEROS",4,5,9
" 02","MACARENA","ARGENTINA","TOTAL POBLACION",5,5,10
" 02","MACARENA","ARMENIA","EXTRANJEROS",1,2,3
" 02","MACARENA","ARMENIA","TOTAL POBLACION",1,2,3
" 02","MACARENA","AUSTRALIA","EXTRANJEROS",1,0,1
" 02","MACARENA","AUSTRALIA","TOTAL POBLACION",1,0,1
" 02","MACARENA","AUSTRIA","ESPA�OLES",1,0,1
" 02","MACARENA","AUSTRIA","TOTAL POBLACION",1,0,1
" 02","MACARENA","BELGICA","EXTRANJEROS",0,3,3
" 02","MACARENA","BELGICA","TOTAL POBLACION",0,3,3
" 02","MACARENA","BOLIVIA","ESPA�OLES",10,13,23
" 02","MACARENA","BOLIVIA","EXTRANJEROS",17,30,47
" 02","MACARENA","BOLIVIA","TOTAL POBLACION",27,43,70
" 02","MACARENA","BRASIL","ESPA�OLES",2,1,3
" 02","MACARENA","BRASIL","EXTRANJEROS",3,5,8
" 02","MACARENA","BRASIL","TOTAL POBLACION",5,6,11
" 02","MACARENA","BULGARIA","EXTRANJEROS",1,0,1
" 02","MACARENA","BULGARIA","TOTAL POBLACION",1,0,1
" 02","MACARENA","CAMERUN","EXTRANJEROS",5,3,8
" 02","MACARENA","CAMERUN","TOTAL POBLACION",5,3,8
" 02","MACARENA","CHILE","ESPA�OLES",0,1,1
" 02","MACARENA","CHILE","EXTRANJEROS",2,1,3
" 02","MACARENA","CHILE","TOTAL POBLACION",2,2,4
" 02","MACARENA","CHINA","EXTRANJEROS",7,8,15
" 02","MACARENA","CHINA","TOTAL POBLACION",7,8,15
" 02","MACARENA","CHIPRE","EXTRANJEROS",0,1,1
" 02","MACARENA","CHIPRE","TOTAL POBLACION",0,1,1
" 02","MACARENA","COLOMBIA","ESPA�OLES",0,2,2
" 02","MACARENA","COLOMBIA","EXTRANJEROS",21,25,46
" 02","MACARENA","COLOMBIA","TOTAL POBLACION",21,27,48
" 02","MACARENA","CONGO","EXTRANJEROS",0,2,2
" 02","MACARENA","CONGO","TOTAL POBLACION",0,2,2
" 02","MACARENA","COSTA DE MARFIL","EXTRANJEROS",0,1,1
" 02","MACARENA","COSTA DE MARFIL","TOTAL POBLACION",0,1,1
" 02","MACARENA","COSTA RICA","EXTRANJEROS",2,3,5
" 02","MACARENA","COSTA RICA","TOTAL POBLACION",2,3,5
" 02","MACARENA","CUBA","EXTRANJEROS",3,3,6
" 02","MACARENA","CUBA","TOTAL POBLACION",3,3,6
" 02","MACARENA","ECUADOR","ESPA�OLES",10,13,23
" 02","MACARENA","ECUADOR","EXTRANJEROS",9,5,14
" 02","MACARENA","ECUADOR","TOTAL POBLACION",19,18,37
" 02","MACARENA","EL SALVADOR","EXTRANJEROS",7,9,16
" 02","MACARENA","EL SALVADOR","TOTAL POBLACION",7,9,16
" 02","MACARENA","EMIRATOS ARABES UNIDOS","ESPA�OLES",1,0,1
" 02","MACARENA","EMIRATOS ARABES UNIDOS","TOTAL POBLACION",1,0,1
" 02","MACARENA","ESPA�A","ESPA�OLES",693,652,1345
" 02","MACARENA","ESPA�A","EXTRANJEROS",181,189,370
" 02","MACARENA","ESPA�A","TOTAL POBLACION",874,841,1715
" 02","MACARENA","ESTADOS UNIDOS DE AMERICA","ESPA�OLES",3,2,5
" 02","MACARENA","ESTADOS UNIDOS DE AMERICA","EXTRANJEROS",4,8,12
" 02","MACARENA","ESTADOS UNIDOS DE AMERICA","TOTAL POBLACION",7,10,17
" 02","MACARENA","FILIPINAS","ESPA�OLES",0,1,1
" 02","MACARENA","FILIPINAS","EXTRANJEROS",8,10,18
" 02","MACARENA","FILIPINAS","TOTAL POBLACION",8,11,19
" 02","MACARENA","FINLANDIA","ESPA�OLES",1,0,1
" 02","MACARENA","FINLANDIA","TOTAL POBLACION",1,0,1
" 02","MACARENA","FRANCIA","ESPA�OLES",2,0,2
" 02","MACARENA","FRANCIA","EXTRANJEROS",6,6,12
" 02","MACARENA","FRANCIA","TOTAL POBLACION",8,6,14
" 02","MACARENA","GAMBIA","EXTRANJEROS",0,1,1
" 02","MACARENA","GAMBIA","TOTAL POBLACION",0,1,1
" 02","MACARENA","GRECIA","EXTRANJEROS",1,0,1
" 02","MACARENA","GRECIA","TOTAL POBLACION",1,0,1
" 02","MACARENA","GUATEMALA","EXTRANJEROS",5,5,10
" 02","MACARENA","GUATEMALA","TOTAL POBLACION",5,5,10
" 02","MACARENA","GUINEA","EXTRANJEROS",1,1,2
" 02","MACARENA","GUINEA","TOTAL POBLACION",1,1,2
" 02","MACARENA","HONDURAS","ESPA�OLES",1,0,1
" 02","MACARENA","HONDURAS","EXTRANJEROS",6,20,26
" 02","MACARENA","HONDURAS","TOTAL POBLACION",7,20,27
" 02","MACARENA","HUNGRIA","EXTRANJEROS",1,0,1
" 02","MACARENA","HUNGRIA","TOTAL POBLACION",1,0,1
" 02","MACARENA","INDIA","EXTRANJEROS",0,1,1
" 02","MACARENA","INDIA","TOTAL POBLACION",0,1,1
" 02","MACARENA","IRAN","EXTRANJEROS",0,1,1
" 02","MACARENA","IRAN","TOTAL POBLACION",0,1,1
" 02","MACARENA","IRLANDA","EXTRANJEROS",2,0,2
" 02","MACARENA","IRLANDA","TOTAL POBLACION",2,0,2
" 02","MACARENA","ISLANDIA","EXTRANJEROS",1,0,1
" 02","MACARENA","ISLANDIA","TOTAL POBLACION",1,0,1
" 02","MACARENA","ITALIA","EXTRANJEROS",5,9,14
" 02","MACARENA","ITALIA","TOTAL POBLACION",5,9,14
" 02","MACARENA","JAPON","EXTRANJEROS",0,1,1
" 02","MACARENA","JAPON","TOTAL POBLACION",0,1,1
" 02","MACARENA","LITUANIA","EXTRANJEROS",0,1,1
" 02","MACARENA","LITUANIA","TOTAL POBLACION",0,1,1
" 02","MACARENA","MALTA","ESPA�OLES",1,0,1
" 02","MACARENA","MALTA","TOTAL POBLACION",1,0,1
" 02","MACARENA","MARRUECOS","ESPA�OLES",1,1,2
" 02","MACARENA","MARRUECOS","EXTRANJEROS",28,17,45
" 02","MACARENA","MARRUECOS","TOTAL POBLACION",29,18,47
" 02","MACARENA","MEXICO","EXTRANJEROS",1,2,3
" 02","MACARENA","MEXICO","TOTAL POBLACION",1,2,3
" 02","MACARENA","NAMIBIA","EXTRANJEROS",0,1,1
" 02","MACARENA","NAMIBIA","TOTAL POBLACION",0,1,1
" 02","MACARENA","NEPAL","EXTRANJEROS",1,0,1
" 02","MACARENA","NEPAL","TOTAL POBLACION",1,0,1
" 02","MACARENA","NICARAGUA","EXTRANJEROS",57,117,174
" 02","MACARENA","NICARAGUA","TOTAL POBLACION",57,117,174
" 02","MACARENA","NIGERIA","EXTRANJEROS",2,2,4
" 02","MACARENA","NIGERIA","TOTAL POBLACION",2,2,4
" 02","MACARENA","PAISES BAJOS","EXTRANJEROS",1,0,1
" 02","MACARENA","PAISES BAJOS","TOTAL POBLACION",1,0,1
" 02","MACARENA","PAKISTAN","EXTRANJEROS",3,5,8
" 02","MACARENA","PAKISTAN","TOTAL POBLACION",3,5,8
" 02","MACARENA","PANAMA","ESPA�OLES",1,0,1
" 02","MACARENA","PANAMA","EXTRANJEROS",1,1,2
" 02","MACARENA","PANAMA","TOTAL POBLACION",2,1,3
" 02","MACARENA","PARAGUAY","ESPA�OLES",0,1,1
" 02","MACARENA","PARAGUAY","EXTRANJEROS",8,19,27
" 02","MACARENA","PARAGUAY","TOTAL POBLACION",8,20,28
" 02","MACARENA","PERU","ESPA�OLES",2,2,4
" 02","MACARENA","PERU","EXTRANJEROS",22,28,50
" 02","MACARENA","PERU","TOTAL POBLACION",24,30,54
" 02","MACARENA","POLONIA","EXTRANJEROS",1,0,1
" 02","MACARENA","POLONIA","TOTAL POBLACION",1,0,1
" 02","MACARENA","PORTUGAL","ESPA�OLES",2,0,2
" 02","MACARENA","PORTUGAL","EXTRANJEROS",4,1,5
" 02","MACARENA","PORTUGAL","TOTAL POBLACION",6,1,7
" 02","MACARENA","REINO UNIDO","ESPA�OLES",10,4,14
" 02","MACARENA","REINO UNIDO","EXTRANJEROS",5,3,8
" 02","MACARENA","REINO UNIDO","TOTAL POBLACION",15,7,22
" 02","MACARENA","REPUBLICA CHECA","EXTRANJEROS",1,1,2
" 02","MACARENA","REPUBLICA CHECA","TOTAL POBLACION",1,1,2
" 02","MACARENA","REPUBLICA DE COREA","EXTRANJEROS",1,3,4
" 02","MACARENA","REPUBLICA DE COREA","TOTAL POBLACION",1,3,4
" 02","MACARENA","REPUBLICA DOMINICANA","ESPA�OLES",3,1,4
" 02","MACARENA","REPUBLICA DOMINICANA","EXTRANJEROS",4,2,6
" 02","MACARENA","REPUBLICA DOMINICANA","TOTAL POBLACION",7,3,10
" 02","MACARENA","RUMANIA","EXTRANJEROS",7,4,11
" 02","MACARENA","RUMANIA","TOTAL POBLACION",7,4,11
" 02","MACARENA","RUSIA","EXTRANJEROS",0,10,10
" 02","MACARENA","RUSIA","TOTAL POBLACION",0,10,10
" 02","MACARENA","SENEGAL","ESPA�OLES",2,1,3
" 02","MACARENA","SENEGAL","EXTRANJEROS",3,3,6
" 02","MACARENA","SENEGAL","TOTAL POBLACION",5,4,9
" 02","MACARENA","SIRIA","EXTRANJEROS",4,7,11
" 02","MACARENA","SIRIA","TOTAL POBLACION",4,7,11
" 02","MACARENA","SUECIA","ESPA�OLES",2,0,2
" 02","MACARENA","SUECIA","EXTRANJEROS",0,1,1
" 02","MACARENA","SUECIA","TOTAL POBLACION",2,1,3
" 02","MACARENA","SUIZA","ESPA�OLES",1,0,1
" 02","MACARENA","SUIZA","TOTAL POBLACION",1,0,1
" 02","MACARENA","TOGO","EXTRANJEROS",1,0,1
" 02","MACARENA","TOGO","TOTAL POBLACION",1,0,1
" 02","MACARENA","TURQUIA","EXTRANJEROS",1,0,1
" 02","MACARENA","TURQUIA","TOTAL POBLACION",1,0,1
" 02","MACARENA","UCRANIA","EXTRANJEROS",15,27,42
" 02","MACARENA","UCRANIA","TOTAL POBLACION",15,27,42
" 02","MACARENA","URUGUAY","ESPA�OLES",1,0,1
" 02","MACARENA","URUGUAY","EXTRANJEROS",0,1,1
" 02","MACARENA","URUGUAY","TOTAL POBLACION",1,1,2
" 02","MACARENA","VENEZUELA","ESPA�OLES",6,6,12
" 02","MACARENA","VENEZUELA","EXTRANJEROS",38,47,85
" 02","MACARENA","VENEZUELA","TOTAL POBLACION",44,53,97
" 03","NERVION","- TODOS -","ESPA�OLES",554,608,1162
" 03","NERVION","- TODOS -","EXTRANJEROS",181,224,405
" 03","NERVION","- TODOS -","TOTAL POBLACION",735,832,1567
" 03","NERVION","ALEMANIA","ESPA�OLES",1,2,3
" 03","NERVION","ALEMANIA","EXTRANJEROS",1,2,3
" 03","NERVION","ALEMANIA","TOTAL POBLACION",2,4,6
" 03","NERVION","ARGENTINA","ESPA�OLES",2,1,3
" 03","NERVION","ARGENTINA","EXTRANJEROS",0,1,1
" 03","NERVION","ARGENTINA","TOTAL POBLACION",2,2,4
" 03","NERVION","BELGICA","ESPA�OLES",2,1,3
" 03","NERVION","BELGICA","EXTRANJEROS",0,2,2
" 03","NERVION","BELGICA","TOTAL POBLACION",2,3,5
" 03","NERVION","BOLIVIA","ESPA�OLES",2,2,4
" 03","NERVION","BOLIVIA","EXTRANJEROS",2,3,5
" 03","NERVION","BOLIVIA","TOTAL POBLACION",4,5,9
" 03","NERVION","BRASIL","ESPA�OLES",0,4,4
" 03","NERVION","BRASIL","EXTRANJEROS",11,11,22
" 03","NERVION","BRASIL","TOTAL POBLACION",11,15,26
" 03","NERVION","CHINA","EXTRANJEROS",3,2,5
" 03","NERVION","CHINA","TOTAL POBLACION",3,2,5
" 03","NERVION","COLOMBIA","ESPA�OLES",1,0,1
" 03","NERVION","COLOMBIA","EXTRANJEROS",4,10,14
" 03","NERVION","COLOMBIA","TOTAL POBLACION",5,10,15
" 03","NERVION","COSTA DE MARFIL","EXTRANJEROS",1,0,1
" 03","NERVION","COSTA DE MARFIL","TOTAL POBLACION",1,0,1
" 03","NERVION","CUBA","EXTRANJEROS",2,0,2
" 03","NERVION","CUBA","TOTAL POBLACION",2,0,2
" 03","NERVION","DINAMARCA","ESPA�OLES",0,2,2
" 03","NERVION","DINAMARCA","TOTAL POBLACION",0,2,2
" 03","NERVION","ECUADOR","ESPA�OLES",0,4,4
" 03","NERVION","ECUADOR","EXTRANJEROS",4,2,6
" 03","NERVION","ECUADOR","TOTAL POBLACION",4,6,10
" 03","NERVION","EL SALVADOR","EXTRANJEROS",3,2,5
" 03","NERVION","EL SALVADOR","TOTAL POBLACION",3,2,5
" 03","NERVION","EMIRATOS ARABES UNIDOS","ESPA�OLES",0,1,1
" 03","NERVION","EMIRATOS ARABES UNIDOS","TOTAL POBLACION",0,1,1
" 03","NERVION","ESPA�A","ESPA�OLES",519,577,1096
" 03","NERVION","ESPA�A","EXTRANJEROS",60,80,140
" 03","NERVION","ESPA�A","TOTAL POBLACION",579,657,1236
" 03","NERVION","ESTADOS UNIDOS DE AMERICA","ESPA�OLES",4,2,6
" 03","NERVION","ESTADOS UNIDOS DE AMERICA","EXTRANJEROS",4,5,9
" 03","NERVION","ESTADOS UNIDOS DE AMERICA","TOTAL POBLACION",8,7,15
" 03","NERVION","FILIPINAS","ESPA�OLES",1,0,1
" 03","NERVION","FILIPINAS","EXTRANJEROS",0,1,1
" 03","NERVION","FILIPINAS","TOTAL POBLACION",1,1,2
" 03","NERVION","FRANCIA","ESPA�OLES",2,1,3
" 03","NERVION","FRANCIA","EXTRANJEROS",3,6,9
" 03","NERVION","FRANCIA","TOTAL POBLACION",5,7,12
" 03","NERVION","GAMBIA","EXTRANJEROS",4,0,4
" 03","NERVION","GAMBIA","TOTAL POBLACION",4,0,4
" 03","NERVION","GEORGIA","EXTRANJEROS",0,1,1
" 03","NERVION","GEORGIA","TOTAL POBLACION",0,1,1
" 03","NERVION","GRECIA","EXTRANJEROS",1,1,2
" 03","NERVION","GRECIA","TOTAL POBLACION",1,1,2
" 03","NERVION","GUATEMALA","ESPA�OLES",1,0,1
" 03","NERVION","GUATEMALA","TOTAL POBLACION",1,0,1
" 03","NERVION","GUINEA","EXTRANJEROS",2,0,2
" 03","NERVION","GUINEA","TOTAL POBLACION",2,0,2
" 03","NERVION","HONDURAS","ESPA�OLES",1,0,1
" 03","NERVION","HONDURAS","EXTRANJEROS",8,12,20
" 03","NERVION","HONDURAS","TOTAL POBLACION",9,12,21
" 03","NERVION","IRAK","EXTRANJEROS",1,0,1
" 03","NERVION","IRAK","TOTAL POBLACION",1,0,1
" 03","NERVION","ITALIA","ESPA�OLES",1,0,1
" 03","NERVION","ITALIA","EXTRANJEROS",5,9,14
" 03","NERVION","ITALIA","TOTAL POBLACION",6,9,15
" 03","NERVION","LIBANO","EXTRANJEROS",11,13,24
" 03","NERVION","LIBANO","TOTAL POBLACION",11,13,24
" 03","NERVION","MALI","EXTRANJEROS",1,0,1
" 03","NERVION","MALI","TOTAL POBLACION",1,0,1
" 03","NERVION","MARRUECOS","EXTRANJEROS",4,3,7
" 03","NERVION","MARRUECOS","TOTAL POBLACION",4,3,7
" 03","NERVION","MEXICO","ESPA�OLES",0,1,1
" 03","NERVION","MEXICO","EXTRANJEROS",4,5,9
" 03","NERVION","MEXICO","TOTAL POBLACION",4,6,10
" 03","NERVION","NICARAGUA","EXTRANJEROS",3,11,14
" 03","NERVION","NICARAGUA","TOTAL POBLACION",3,11,14
" 03","NERVION","PAISES BAJOS","EXTRANJEROS",0,1,1
" 03","NERVION","PAISES BAJOS","TOTAL POBLACION",0,1,1
" 03","NERVION","PARAGUAY","EXTRANJEROS",5,6,11
" 03","NERVION","PARAGUAY","TOTAL POBLACION",5,6,11
" 03","NERVION","PERU","ESPA�OLES",1,0,1
" 03","NERVION","PERU","EXTRANJEROS",2,2,4
" 03","NERVION","PERU","TOTAL POBLACION",3,2,5
" 03","NERVION","POLONIA","ESPA�OLES",1,0,1
" 03","NERVION","POLONIA","EXTRANJEROS",0,4,4
" 03","NERVION","POLONIA","TOTAL POBLACION",1,4,5
" 03","NERVION","PORTUGAL","ESPA�OLES",0,1,1
" 03","NERVION","PORTUGAL","EXTRANJEROS",1,1,2
" 03","NERVION","PORTUGAL","TOTAL POBLACION",1,2,3
" 03","NERVION","REINO UNIDO","ESPA�OLES",3,4,7
" 03","NERVION","REINO UNIDO","EXTRANJEROS",1,2,3
" 03","NERVION","REINO UNIDO","TOTAL POBLACION",4,6,10
" 03","NERVION","REPUBLICA CENTROAFRICANA","EXTRANJEROS",2,0,2
" 03","NERVION","REPUBLICA CENTROAFRICANA","TOTAL POBLACION",2,0,2
" 03","NERVION","REPUBLICA DE COREA","EXTRANJEROS",0,1,1
" 03","NERVION","REPUBLICA DE COREA","TOTAL POBLACION",0,1,1
" 03","NERVION","REPUBLICA DOMINICANA","ESPA�OLES",0,1,1
" 03","NERVION","REPUBLICA DOMINICANA","EXTRANJEROS",6,3,9
" 03","NERVION","REPUBLICA DOMINICANA","TOTAL POBLACION",6,4,10
" 03","NERVION","REPUBLICA SUDAFRICANA","ESPA�OLES",2,1,3
" 03","NERVION","REPUBLICA SUDAFRICANA","TOTAL POBLACION",2,1,3
" 03","NERVION","RUMANIA","ESPA�OLES",1,0,1
" 03","NERVION","RUMANIA","EXTRANJEROS",1,0,1
" 03","NERVION","RUMANIA","TOTAL POBLACION",2,0,2
" 03","NERVION","RUSIA","ESPA�OLES",2,0,2
" 03","NERVION","RUSIA","EXTRANJEROS",0,1,1
" 03","NERVION","RUSIA","TOTAL POBLACION",2,1,3
" 03","NERVION","SENEGAL","EXTRANJEROS",2,0,2
" 03","NERVION","SENEGAL","TOTAL POBLACION",2,0,2
" 03","NERVION","SIRIA","ESPA�OLES",1,1,2
" 03","NERVION","SIRIA","EXTRANJEROS",1,1,2
" 03","NERVION","SIRIA","TOTAL POBLACION",2,2,4
" 03","NERVION","UCRANIA","EXTRANJEROS",3,3,6
" 03","NERVION","UCRANIA","TOTAL POBLACION",3,3,6
" 03","NERVION","URUGUAY","EXTRANJEROS",1,0,1
" 03","NERVION","URUGUAY","TOTAL POBLACION",1,0,1
" 03","NERVION","VENEZUELA","ESPA�OLES",5,2,7
" 03","NERVION","VENEZUELA","EXTRANJEROS",13,16,29
" 03","NERVION","VENEZUELA","TOTAL POBLACION",18,18,36
" 03","NERVION","VIET-NAM","ESPA�OLES",1,0,1
" 03","NERVION","VIET-NAM","TOTAL POBLACION",1,0,1
" 03","NERVION","YEMEN","EXTRANJEROS",1,1,2
" 03","NERVION","YEMEN","TOTAL POBLACION",1,1,2
" 04","CERRO-AMATE","- TODOS -","ESPA�OLES",647,634,1281
" 04","CERRO-AMATE","- TODOS -","EXTRANJEROS",565,565,1130
" 04","CERRO-AMATE","- TODOS -","TOTAL POBLACION",1212,1199,2411
" 04","CERRO-AMATE","AFGANISTAN","EXTRANJEROS",2,0,2
" 04","CERRO-AMATE","AFGANISTAN","TOTAL POBLACION",2,0,2
" 04","CERRO-AMATE","ALBANIA","EXTRANJEROS",2,0,2
" 04","CERRO-AMATE","ALBANIA","TOTAL POBLACION",2,0,2
" 04","CERRO-AMATE","ALEMANIA","ESPA�OLES",2,0,2
" 04","CERRO-AMATE","ALEMANIA","EXTRANJEROS",1,0,1
" 04","CERRO-AMATE","ALEMANIA","TOTAL POBLACION",3,0,3
" 04","CERRO-AMATE","ANGOLA","EXTRANJEROS",1,0,1
" 04","CERRO-AMATE","ANGOLA","TOTAL POBLACION",1,0,1
" 04","CERRO-AMATE","ARABIA SAUDITA","ESPA�OLES",1,2,3
" 04","CERRO-AMATE","ARABIA SAUDITA","TOTAL POBLACION",1,2,3
" 04","CERRO-AMATE","ARGELIA","EXTRANJEROS",2,0,2
" 04","CERRO-AMATE","ARGELIA","TOTAL POBLACION",2,0,2
" 04","CERRO-AMATE","ARGENTINA","ESPA�OLES",0,1,1
" 04","CERRO-AMATE","ARGENTINA","EXTRANJEROS",6,2,8
" 04","CERRO-AMATE","ARGENTINA","TOTAL POBLACION",6,3,9
" 04","CERRO-AMATE","ARMENIA","EXTRANJEROS",2,1,3
" 04","CERRO-AMATE","ARMENIA","TOTAL POBLACION",2,1,3
" 04","CERRO-AMATE","AUSTRIA","ESPA�OLES",1,0,1
" 04","CERRO-AMATE","AUSTRIA","TOTAL POBLACION",1,0,1
" 04","CERRO-AMATE","BELGICA","ESPA�OLES",2,0,2
" 04","CERRO-AMATE","BELGICA","EXTRANJEROS",0,3,3
" 04","CERRO-AMATE","BELGICA","TOTAL POBLACION",2,3,5
" 04","CERRO-AMATE","BIELORUSIA","EXTRANJEROS",0,1,1
" 04","CERRO-AMATE","BIELORUSIA","TOTAL POBLACION",0,1,1
" 04","CERRO-AMATE","BOLIVIA","ESPA�OLES",0,2,2
" 04","CERRO-AMATE","BOLIVIA","EXTRANJEROS",4,5,9
" 04","CERRO-AMATE","BOLIVIA","TOTAL POBLACION",4,7,11
" 04","CERRO-AMATE","BRASIL","ESPA�OLES",0,1,1
" 04","CERRO-AMATE","BRASIL","EXTRANJEROS",6,2,8
" 04","CERRO-AMATE","BRASIL","TOTAL POBLACION",6,3,9
" 04","CERRO-AMATE","CAMERUN","EXTRANJEROS",3,9,12
" 04","CERRO-AMATE","CAMERUN","TOTAL POBLACION",3,9,12
" 04","CERRO-AMATE","CHILE","EXTRANJEROS",1,2,3
" 04","CERRO-AMATE","CHILE","TOTAL POBLACION",1,2,3
" 04","CERRO-AMATE","CHINA","EXTRANJEROS",7,14,21
" 04","CERRO-AMATE","CHINA","TOTAL POBLACION",7,14,21
" 04","CERRO-AMATE","COLOMBIA","ESPA�OLES",2,2,4
" 04","CERRO-AMATE","COLOMBIA","EXTRANJEROS",30,31,61
" 04","CERRO-AMATE","COLOMBIA","TOTAL POBLACION",32,33,65
" 04","CERRO-AMATE","CONGO","EXTRANJEROS",1,0,1
" 04","CERRO-AMATE","CONGO","TOTAL POBLACION",1,0,1
" 04","CERRO-AMATE","COSTA DE MARFIL","EXTRANJEROS",3,1,4
" 04","CERRO-AMATE","COSTA DE MARFIL","TOTAL POBLACION",3,1,4
" 04","CERRO-AMATE","CUBA","ESPA�OLES",2,5,7
" 04","CERRO-AMATE","CUBA","EXTRANJEROS",3,4,7
" 04","CERRO-AMATE","CUBA","TOTAL POBLACION",5,9,14
" 04","CERRO-AMATE","ECUADOR","ESPA�OLES",0,2,2
" 04","CERRO-AMATE","ECUADOR","EXTRANJEROS",6,2,8
" 04","CERRO-AMATE","ECUADOR","TOTAL POBLACION",6,4,10
" 04","CERRO-AMATE","EL SALVADOR","EXTRANJEROS",13,20,33
" 04","CERRO-AMATE","EL SALVADOR","TOTAL POBLACION",13,20,33
" 04","CERRO-AMATE","ESPA�A","ESPA�OLES",611,590,1201
" 04","CERRO-AMATE","ESPA�A","EXTRANJEROS",229,196,425
" 04","CERRO-AMATE","ESPA�A","TOTAL POBLACION",840,786,1626
" 04","CERRO-AMATE","ESTADOS UNIDOS DE AMERICA","ESPA�OLES",1,1,2
" 04","CERRO-AMATE","ESTADOS UNIDOS DE AMERICA","EXTRANJEROS",2,2,4
" 04","CERRO-AMATE","ESTADOS UNIDOS DE AMERICA","TOTAL POBLACION",3,3,6
" 04","CERRO-AMATE","FRANCIA","ESPA�OLES",4,5,9
" 04","CERRO-AMATE","FRANCIA","EXTRANJEROS",5,1,6
" 04","CERRO-AMATE","FRANCIA","TOTAL POBLACION",9,6,15
" 04","CERRO-AMATE","GEORGIA","EXTRANJEROS",1,0,1
" 04","CERRO-AMATE","GEORGIA","TOTAL POBLACION",1,0,1
" 04","CERRO-AMATE","GHANA","EXTRANJEROS",3,2,5
" 04","CERRO-AMATE","GHANA","TOTAL POBLACION",3,2,5
" 04","CERRO-AMATE","GUATEMALA","EXTRANJEROS",2,0,2
" 04","CERRO-AMATE","GUATEMALA","TOTAL POBLACION",2,0,2
" 04","CERRO-AMATE","GUINEA","EXTRANJEROS",4,0,4
" 04","CERRO-AMATE","GUINEA","TOTAL POBLACION",4,0,4
" 04","CERRO-AMATE","GUINEA ECUATORIAL","ESPA�OLES",1,0,1
" 04","CERRO-AMATE","GUINEA ECUATORIAL","EXTRANJEROS",1,1,2
" 04","CERRO-AMATE","GUINEA ECUATORIAL","TOTAL POBLACION",2,1,3
" 04","CERRO-AMATE","HONDURAS","ESPA�OLES",1,1,2
" 04","CERRO-AMATE","HONDURAS","EXTRANJEROS",18,36,54
" 04","CERRO-AMATE","HONDURAS","TOTAL POBLACION",19,37,56
" 04","CERRO-AMATE","HUNGRIA","EXTRANJEROS",0,1,1
" 04","CERRO-AMATE","HUNGRIA","TOTAL POBLACION",0,1,1
" 04","CERRO-AMATE","INDONESIA","EXTRANJEROS",1,0,1
" 04","CERRO-AMATE","INDONESIA","TOTAL POBLACION",1,0,1
" 04","CERRO-AMATE","IRLANDA","ESPA�OLES",1,0,1
" 04","CERRO-AMATE","IRLANDA","TOTAL POBLACION",1,0,1
" 04","CERRO-AMATE","ISRAEL","EXTRANJEROS",1,0,1
" 04","CERRO-AMATE","ISRAEL","TOTAL POBLACION",1,0,1
" 04","CERRO-AMATE","ITALIA","ESPA�OLES",0,1,1
" 04","CERRO-AMATE","ITALIA","EXTRANJEROS",5,7,12
" 04","CERRO-AMATE","ITALIA","TOTAL POBLACION",5,8,13
" 04","CERRO-AMATE","JORDANIA","EXTRANJEROS",0,1,1
" 04","CERRO-AMATE","JORDANIA","TOTAL POBLACION",0,1,1
" 04","CERRO-AMATE","LETONIA","EXTRANJEROS",0,1,1
" 04","CERRO-AMATE","LETONIA","TOTAL POBLACION",0,1,1
" 04","CERRO-AMATE","LITUANIA","EXTRANJEROS",0,1,1
" 04","CERRO-AMATE","LITUANIA","TOTAL POBLACION",0,1,1
" 04","CERRO-AMATE","MALI","EXTRANJEROS",3,0,3
" 04","CERRO-AMATE","MALI","TOTAL POBLACION",3,0,3
" 04","CERRO-AMATE","MARRUECOS","ESPA�OLES",6,7,13
" 04","CERRO-AMATE","MARRUECOS","EXTRANJEROS",52,38,90
" 04","CERRO-AMATE","MARRUECOS","TOTAL POBLACION",58,45,103
" 04","CERRO-AMATE","MAURITANIA","EXTRANJEROS",1,0,1
" 04","CERRO-AMATE","MAURITANIA","TOTAL POBLACION",1,0,1
" 04","CERRO-AMATE","MEXICO","EXTRANJEROS",1,3,4
" 04","CERRO-AMATE","MEXICO","TOTAL POBLACION",1,3,4
" 04","CERRO-AMATE","MOLDAVIA","EXTRANJEROS",1,0,1
" 04","CERRO-AMATE","MOLDAVIA","TOTAL POBLACION",1,0,1
" 04","CERRO-AMATE","NICARAGUA","EXTRANJEROS",23,66,89
" 04","CERRO-AMATE","NICARAGUA","TOTAL POBLACION",23,66,89
" 04","CERRO-AMATE","NIGERIA","EXTRANJEROS",2,2,4
" 04","CERRO-AMATE","NIGERIA","TOTAL POBLACION",2,2,4
" 04","CERRO-AMATE","NORUEGA","EXTRANJEROS",1,0,1
" 04","CERRO-AMATE","NORUEGA","TOTAL POBLACION",1,0,1
" 04","CERRO-AMATE","OTROS PAISES SIN RELACION DIPLOMATICA","EXTRANJEROS",1,0,1
" 04","CERRO-AMATE","OTROS PAISES SIN RELACION DIPLOMATICA","TOTAL POBLACION",1,0,1
" 04","CERRO-AMATE","PAISES BAJOS","ESPA�OLES",0,1,1
" 04","CERRO-AMATE","PAISES BAJOS","EXTRANJEROS",3,3,6
" 04","CERRO-AMATE","PAISES BAJOS","TOTAL POBLACION",3,4,7
" 04","CERRO-AMATE","PAKISTAN","EXTRANJEROS",2,0,2
" 04","CERRO-AMATE","PAKISTAN","TOTAL POBLACION",2,0,2
" 04","CERRO-AMATE","PALESTINA. ESTADO OBSERVADOR, NO MIEMBRO DE NACIONES UNIDAS","EXTRANJEROS",3,4,7
" 04","CERRO-AMATE","PALESTINA. ESTADO OBSERVADOR, NO MIEMBRO DE NACIONES UNIDAS","TOTAL POBLACION",3,4,7
" 04","CERRO-AMATE","PANAMA","EXTRANJEROS",0,1,1
" 04","CERRO-AMATE","PANAMA","TOTAL POBLACION",0,1,1
" 04","CERRO-AMATE","PARAGUAY","EXTRANJEROS",11,22,33
" 04","CERRO-AMATE","PARAGUAY","TOTAL POBLACION",11,22,33
" 04","CERRO-AMATE","PERU","ESPA�OLES",4,5,9
" 04","CERRO-AMATE","PERU","EXTRANJEROS",10,9,19
" 04","CERRO-AMATE","PERU","TOTAL POBLACION",14,14,28
" 04","CERRO-AMATE","POLONIA","ESPA�OLES",0,1,1
" 04","CERRO-AMATE","POLONIA","EXTRANJEROS",1,0,1
" 04","CERRO-AMATE","POLONIA","TOTAL POBLACION",1,1,2
" 04","CERRO-AMATE","PORTUGAL","EXTRANJEROS",1,2,3
" 04","CERRO-AMATE","PORTUGAL","TOTAL POBLACION",1,2,3
" 04","CERRO-AMATE","REINO UNIDO","ESPA�OLES",1,0,1
" 04","CERRO-AMATE","REINO UNIDO","EXTRANJEROS",3,1,4
" 04","CERRO-AMATE","REINO UNIDO","TOTAL POBLACION",4,1,5
" 04","CERRO-AMATE","REPUBLICA DEMOCRATICA DEL CONGO","EXTRANJEROS",0,1,1
" 04","CERRO-AMATE","REPUBLICA DEMOCRATICA DEL CONGO","TOTAL POBLACION",0,1,1
" 04","CERRO-AMATE","REPUBLICA DOMINICANA","EXTRANJEROS",6,3,9
" 04","CERRO-AMATE","REPUBLICA DOMINICANA","TOTAL POBLACION",6,3,9
" 04","CERRO-AMATE","RUMANIA","ESPA�OLES",0,2,2
" 04","CERRO-AMATE","RUMANIA","EXTRANJEROS",16,17,33
" 04","CERRO-AMATE","RUMANIA","TOTAL POBLACION",16,19,35
" 04","CERRO-AMATE","RUSIA","EXTRANJEROS",4,10,14
" 04","CERRO-AMATE","RUSIA","TOTAL POBLACION",4,10,14
" 04","CERRO-AMATE","SENEGAL","ESPA�OLES",1,1,2
" 04","CERRO-AMATE","SENEGAL","EXTRANJEROS",14,3,17
" 04","CERRO-AMATE","SENEGAL","TOTAL POBLACION",15,4,19
" 04","CERRO-AMATE","SUIZA","ESPA�OLES",2,0,2
" 04","CERRO-AMATE","SUIZA","TOTAL POBLACION",2,0,2
" 04","CERRO-AMATE","TURQUIA","EXTRANJEROS",2,1,3
" 04","CERRO-AMATE","TURQUIA","TOTAL POBLACION",2,1,3
" 04","CERRO-AMATE","UCRANIA","EXTRANJEROS",6,8,14
" 04","CERRO-AMATE","UCRANIA","TOTAL POBLACION",6,8,14
" 04","CERRO-AMATE","URUGUAY","ESPA�OLES",1,2,3
" 04","CERRO-AMATE","URUGUAY","EXTRANJEROS",1,2,3
" 04","CERRO-AMATE","URUGUAY","TOTAL POBLACION",2,4,6
" 04","CERRO-AMATE","VENEZUELA","ESPA�OLES",3,2,5
" 04","CERRO-AMATE","VENEZUELA","EXTRANJEROS",31,23,54
" 04","CERRO-AMATE","VENEZUELA","TOTAL POBLACION",34,25,59
" 04","CERRO-AMATE","YEMEN","EXTRANJEROS",1,0,1
" 04","CERRO-AMATE","YEMEN","TOTAL POBLACION",1,0,1
" 05","SUR","- TODOS -","ESPA�OLES",671,635,1306
" 05","SUR","- TODOS -","EXTRANJEROS",242,318,560
" 05","SUR","- TODOS -","TOTAL POBLACION",913,953,1866
" 05","SUR","ALEMANIA","ESPA�OLES",5,3,8
" 05","SUR","ALEMANIA","EXTRANJEROS",0,3,3
" 05","SUR","ALEMANIA","TOTAL POBLACION",5,6,11
" 05","SUR","ARGELIA","EXTRANJEROS",3,1,4
" 05","SUR","ARGELIA","TOTAL POBLACION",3,1,4
" 05","SUR","ARGENTINA","ESPA�OLES",1,1,2
" 05","SUR","ARGENTINA","EXTRANJEROS",1,1,2
" 05","SUR","ARGENTINA","TOTAL POBLACION",2,2,4
" 05","SUR","AUSTRALIA","ESPA�OLES",1,0,1
" 05","SUR","AUSTRALIA","TOTAL POBLACION",1,0,1
" 05","SUR","BELGICA","ESPA�OLES",0,2,2
" 05","SUR","BELGICA","EXTRANJEROS",0,3,3
" 05","SUR","BELGICA","TOTAL POBLACION",0,5,5
" 05","SUR","BENIN","ESPA�OLES",1,0,1
" 05","SUR","BENIN","EXTRANJEROS",0,1,1
" 05","SUR","BENIN","TOTAL POBLACION",1,1,2
" 05","SUR","BOLIVIA","ESPA�OLES",0,1,1
" 05","SUR","BOLIVIA","EXTRANJEROS",1,2,3
" 05","SUR","BOLIVIA","TOTAL POBLACION",1,3,4
" 05","SUR","BRASIL","ESPA�OLES",4,1,5
" 05","SUR","BRASIL","EXTRANJEROS",7,8,15
" 05","SUR","BRASIL","TOTAL POBLACION",11,9,20
" 05","SUR","CAMERUN","EXTRANJEROS",2,0,2
" 05","SUR","CAMERUN","TOTAL POBLACION",2,0,2
" 05","SUR","CHILE","ESPA�OLES",1,1,2
" 05","SUR","CHILE","TOTAL POBLACION",1,1,2
" 05","SUR","CHINA","ESPA�OLES",2,0,2
" 05","SUR","CHINA","EXTRANJEROS",2,6,8
" 05","SUR","CHINA","TOTAL POBLACION",4,6,10
" 05","SUR","COLOMBIA","ESPA�OLES",2,3,5
" 05","SUR","COLOMBIA","EXTRANJEROS",12,23,35
" 05","SUR","COLOMBIA","TOTAL POBLACION",14,26,40
" 05","SUR","CUBA","EXTRANJEROS",1,1,2
" 05","SUR","CUBA","TOTAL POBLACION",1,1,2
" 05","SUR","ECUADOR","ESPA�OLES",3,4,7
" 05","SUR","ECUADOR","EXTRANJEROS",4,6,10
" 05","SUR","ECUADOR","TOTAL POBLACION",7,10,17
" 05","SUR","EL SALVADOR","EXTRANJEROS",6,8,14
" 05","SUR","EL SALVADOR","TOTAL POBLACION",6,8,14
" 05","SUR","EMIRATOS ARABES UNIDOS","ESPA�OLES",2,1,3
" 05","SUR","EMIRATOS ARABES UNIDOS","TOTAL POBLACION",2,1,3
" 05","SUR","ESLOVAQUIA","EXTRANJEROS",0,1,1
" 05","SUR","ESLOVAQUIA","TOTAL POBLACION",0,1,1
" 05","SUR","ESPA�A","ESPA�OLES",625,591,1216
" 05","SUR","ESPA�A","EXTRANJEROS",90,103,193
" 05","SUR","ESPA�A","TOTAL POBLACION",715,694,1409
" 05","SUR","ESTADOS UNIDOS DE AMERICA","ESPA�OLES",4,8,12
" 05","SUR","ESTADOS UNIDOS DE AMERICA","EXTRANJEROS",2,4,6
" 05","SUR","ESTADOS UNIDOS DE AMERICA","TOTAL POBLACION",6,12,18
" 05","SUR","FILIPINAS","EXTRANJEROS",2,3,5
" 05","SUR","FILIPINAS","TOTAL POBLACION",2,3,5
" 05","SUR","FRANCIA","EXTRANJEROS",2,2,4
" 05","SUR","FRANCIA","TOTAL POBLACION",2,2,4
" 05","SUR","GAMBIA","EXTRANJEROS",0,1,1
" 05","SUR","GAMBIA","TOTAL POBLACION",0,1,1
" 05","SUR","GEORGIA","EXTRANJEROS",1,0,1
" 05","SUR","GEORGIA","TOTAL POBLACION",1,0,1
" 05","SUR","GUATEMALA","ESPA�OLES",1,0,1
" 05","SUR","GUATEMALA","TOTAL POBLACION",1,0,1
" 05","SUR","GUINEA","EXTRANJEROS",2,2,4
" 05","SUR","GUINEA","TOTAL POBLACION",2,2,4
" 05","SUR","GUINEA ECUATORIAL","EXTRANJEROS",1,0,1
" 05","SUR","GUINEA ECUATORIAL","TOTAL POBLACION",1,0,1
" 05","SUR","HONDURAS","EXTRANJEROS",10,26,36
" 05","SUR","HONDURAS","TOTAL POBLACION",10,26,36
" 05","SUR","INDIA","EXTRANJEROS",1,0,1
" 05","SUR","INDIA","TOTAL POBLACION",1,0,1
" 05","SUR","IRAN","EXTRANJEROS",2,0,2
" 05","SUR","IRAN","TOTAL POBLACION",2,0,2
" 05","SUR","IRLANDA","ESPA�OLES",0,1,1
" 05","SUR","IRLANDA","EXTRANJEROS",2,2,4
" 05","SUR","IRLANDA","TOTAL POBLACION",2,3,5
" 05","SUR","ITALIA","EXTRANJEROS",3,2,5
" 05","SUR","ITALIA","TOTAL POBLACION",3,2,5
" 05","SUR","LITUANIA","EXTRANJEROS",2,0,2
" 05","SUR","LITUANIA","TOTAL POBLACION",2,0,2
" 05","SUR","MARRUECOS","ESPA�OLES",0,1,1
" 05","SUR","MARRUECOS","EXTRANJEROS",9,16,25
" 05","SUR","MARRUECOS","TOTAL POBLACION",9,17,26
" 05","SUR","MEXICO","ESPA�OLES",1,1,2
" 05","SUR","MEXICO","EXTRANJEROS",5,4,9
" 05","SUR","MEXICO","TOTAL POBLACION",6,5,11
" 05","SUR","NICARAGUA","EXTRANJEROS",19,41,60
" 05","SUR","NICARAGUA","TOTAL POBLACION",19,41,60
" 05","SUR","NIGERIA","ESPA�OLES",0,3,3
" 05","SUR","NIGERIA","EXTRANJEROS",11,5,16
" 05","SUR","NIGERIA","TOTAL POBLACION",11,8,19
" 05","SUR","OMAN","ESPA�OLES",1,0,1
" 05","SUR","OMAN","TOTAL POBLACION",1,0,1
" 05","SUR","PAISES BAJOS","ESPA�OLES",0,1,1
" 05","SUR","PAISES BAJOS","EXTRANJEROS",1,1,2
" 05","SUR","PAISES BAJOS","TOTAL POBLACION",1,2,3
" 05","SUR","PAKISTAN","EXTRANJEROS",8,0,8
" 05","SUR","PAKISTAN","TOTAL POBLACION",8,0,8
" 05","SUR","PALESTINA. ESTADO OBSERVADOR, NO MIEMBRO DE NACIONES UNIDAS","EXTRANJEROS",1,0,1
" 05","SUR","PALESTINA. ESTADO OBSERVADOR, NO MIEMBRO DE NACIONES UNIDAS","TOTAL POBLACION",1,0,1
" 05","SUR","PARAGUAY","ESPA�OLES",0,1,1
" 05","SUR","PARAGUAY","EXTRANJEROS",4,5,9
" 05","SUR","PARAGUAY","TOTAL POBLACION",4,6,10
" 05","SUR","PERU","ESPA�OLES",0,2,2
" 05","SUR","PERU","EXTRANJEROS",2,8,10
" 05","SUR","PERU","TOTAL POBLACION",2,10,12
" 05","SUR","POLONIA","ESPA�OLES",1,1,2
" 05","SUR","POLONIA","EXTRANJEROS",0,1,1
" 05","SUR","POLONIA","TOTAL POBLACION",1,2,3
" 05","SUR","PORTUGAL","ESPA�OLES",1,0,1
" 05","SUR","PORTUGAL","EXTRANJEROS",0,1,1
" 05","SUR","PORTUGAL","TOTAL POBLACION",1,1,2
" 05","SUR","REINO UNIDO","ESPA�OLES",4,3,7
" 05","SUR","REINO UNIDO","EXTRANJEROS",2,2,4
" 05","SUR","REINO UNIDO","TOTAL POBLACION",6,5,11
" 05","SUR","REPUBLICA DE COREA","EXTRANJEROS",1,0,1
" 05","SUR","REPUBLICA DE COREA","TOTAL POBLACION",1,0,1
" 05","SUR","REPUBLICA DOMINICANA","EXTRANJEROS",3,3,6
" 05","SUR","REPUBLICA DOMINICANA","TOTAL POBLACION",3,3,6
" 05","SUR","REPUBLICA SUDAFRICANA","ESPA�OLES",1,0,1
" 05","SUR","REPUBLICA SUDAFRICANA","TOTAL POBLACION",1,0,1
" 05","SUR","RUMANIA","EXTRANJEROS",2,1,3
" 05","SUR","RUMANIA","TOTAL POBLACION",2,1,3
" 05","SUR","RUSIA","ESPA�OLES",1,0,1
" 05","SUR","RUSIA","EXTRANJEROS",1,2,3
" 05","SUR","RUSIA","TOTAL POBLACION",2,2,4
" 05","SUR","SENEGAL","ESPA�OLES",2,1,3
" 05","SUR","SENEGAL","EXTRANJEROS",1,0,1
" 05","SUR","SENEGAL","TOTAL POBLACION",3,1,4
" 05","SUR","SUECIA","EXTRANJEROS",0,1,1
" 05","SUR","SUECIA","TOTAL POBLACION",0,1,1
" 05","SUR","SUIZA","ESPA�OLES",3,2,5
" 05","SUR","SUIZA","TOTAL POBLACION",3,2,5
" 05","SUR","UCRANIA","EXTRANJEROS",5,9,14
" 05","SUR","UCRANIA","TOTAL POBLACION",5,9,14
" 05","SUR","URUGUAY","ESPA�OLES",1,0,1
" 05","SUR","URUGUAY","EXTRANJEROS",1,0,1
" 05","SUR","URUGUAY","TOTAL POBLACION",2,0,2
" 05","SUR","VENEZUELA","ESPA�OLES",3,2,5
" 05","SUR","VENEZUELA","EXTRANJEROS",7,9,16
" 05","SUR","VENEZUELA","TOTAL POBLACION",10,11,21
" 06","TRIANA","- TODOS -","ESPA�OLES",500,579,1079
" 06","TRIANA","- TODOS -","EXTRANJEROS",128,195,323
" 06","TRIANA","- TODOS -","TOTAL POBLACION",628,774,1402
" 06","TRIANA","ALBANIA","EXTRANJEROS",1,0,1
" 06","TRIANA","ALBANIA","TOTAL POBLACION",1,0,1
" 06","TRIANA","ALEMANIA","ESPA�OLES",2,1,3
" 06","TRIANA","ALEMANIA","EXTRANJEROS",1,1,2
" 06","TRIANA","ALEMANIA","TOTAL POBLACION",3,2,5
" 06","TRIANA","ARGENTINA","ESPA�OLES",0,1,1
" 06","TRIANA","ARGENTINA","EXTRANJEROS",2,2,4
" 06","TRIANA","ARGENTINA","TOTAL POBLACION",2,3,5
" 06","TRIANA","AUSTRALIA","EXTRANJEROS",3,3,6
" 06","TRIANA","AUSTRALIA","TOTAL POBLACION",3,3,6
" 06","TRIANA","BELGICA","EXTRANJEROS",1,0,1
" 06","TRIANA","BELGICA","TOTAL POBLACION",1,0,1
" 06","TRIANA","BOLIVIA","ESPA�OLES",1,0,1
" 06","TRIANA","BOLIVIA","EXTRANJEROS",2,1,3
" 06","TRIANA","BOLIVIA","TOTAL POBLACION",3,1,4
" 06","TRIANA","BRASIL","ESPA�OLES",4,0,4
" 06","TRIANA","BRASIL","EXTRANJEROS",2,4,6
" 06","TRIANA","BRASIL","TOTAL POBLACION",6,4,10
" 06","TRIANA","CHILE","ESPA�OLES",6,5,11
" 06","TRIANA","CHILE","EXTRANJEROS",2,1,3
" 06","TRIANA","CHILE","TOTAL POBLACION",8,6,14
" 06","TRIANA","CHINA","ESPA�OLES",2,2,4
" 06","TRIANA","CHINA","EXTRANJEROS",2,0,2
" 06","TRIANA","CHINA","TOTAL POBLACION",4,2,6
" 06","TRIANA","COLOMBIA","ESPA�OLES",0,1,1
" 06","TRIANA","COLOMBIA","EXTRANJEROS",5,13,18
" 06","TRIANA","COLOMBIA","TOTAL POBLACION",5,14,19
" 06","TRIANA","CUBA","ESPA�OLES",0,1,1
" 06","TRIANA","CUBA","EXTRANJEROS",4,6,10
" 06","TRIANA","CUBA","TOTAL POBLACION",4,7,11
" 06","TRIANA","ECUADOR","ESPA�OLES",2,1,3
" 06","TRIANA","ECUADOR","EXTRANJEROS",1,2,3
" 06","TRIANA","ECUADOR","TOTAL POBLACION",3,3,6
" 06","TRIANA","EL SALVADOR","EXTRANJEROS",3,6,9
" 06","TRIANA","EL SALVADOR","TOTAL POBLACION",3,6,9
" 06","TRIANA","ESPA�A","ESPA�OLES",470,549,1019
" 06","TRIANA","ESPA�A","EXTRANJEROS",42,76,118
" 06","TRIANA","ESPA�A","TOTAL POBLACION",512,625,1137
" 06","TRIANA","ESTADOS UNIDOS DE AMERICA","ESPA�OLES",1,5,6
" 06","TRIANA","ESTADOS UNIDOS DE AMERICA","EXTRANJEROS",2,4,6
" 06","TRIANA","ESTADOS UNIDOS DE AMERICA","TOTAL POBLACION",3,9,12
" 06","TRIANA","FILIPINAS","EXTRANJEROS",0,1,1
" 06","TRIANA","FILIPINAS","TOTAL POBLACION",0,1,1
" 06","TRIANA","FRANCIA","ESPA�OLES",2,3,5
" 06","TRIANA","FRANCIA","EXTRANJEROS",2,6,8
" 06","TRIANA","FRANCIA","TOTAL POBLACION",4,9,13
" 06","TRIANA","GUATEMALA","EXTRANJEROS",2,2,4
" 06","TRIANA","GUATEMALA","TOTAL POBLACION",2,2,4
" 06","TRIANA","HONDURAS","EXTRANJEROS",1,7,8
" 06","TRIANA","HONDURAS","TOTAL POBLACION",1,7,8
" 06","TRIANA","ITALIA","EXTRANJEROS",4,3,7
" 06","TRIANA","ITALIA","TOTAL POBLACION",4,3,7
" 06","TRIANA","JAPON","ESPA�OLES",0,1,1
" 06","TRIANA","JAPON","EXTRANJEROS",1,1,2
" 06","TRIANA","JAPON","TOTAL POBLACION",1,2,3
" 06","TRIANA","LIBANO","EXTRANJEROS",1,0,1
" 06","TRIANA","LIBANO","TOTAL POBLACION",1,0,1
" 06","TRIANA","MARRUECOS","ESPA�OLES",2,0,2
" 06","TRIANA","MARRUECOS","EXTRANJEROS",4,7,11
" 06","TRIANA","MARRUECOS","TOTAL POBLACION",6,7,13
" 06","TRIANA","MEXICO","ESPA�OLES",2,0,2
" 06","TRIANA","MEXICO","EXTRANJEROS",2,0,2
" 06","TRIANA","MEXICO","TOTAL POBLACION",4,0,4
" 06","TRIANA","NICARAGUA","ESPA�OLES",1,0,1
" 06","TRIANA","NICARAGUA","EXTRANJEROS",7,10,17
" 06","TRIANA","NICARAGUA","TOTAL POBLACION",8,10,18
" 06","TRIANA","PAISES BAJOS","ESPA�OLES",1,0,1
" 06","TRIANA","PAISES BAJOS","TOTAL POBLACION",1,0,1
" 06","TRIANA","PAKISTAN","EXTRANJEROS",2,2,4
" 06","TRIANA","PAKISTAN","TOTAL POBLACION",2,2,4
" 06","TRIANA","PARAGUAY","ESPA�OLES",1,0,1
" 06","TRIANA","PARAGUAY","EXTRANJEROS",2,5,7
" 06","TRIANA","PARAGUAY","TOTAL POBLACION",3,5,8
" 06","TRIANA","PERU","ESPA�OLES",0,1,1
" 06","TRIANA","PERU","EXTRANJEROS",7,6,13
" 06","TRIANA","PERU","TOTAL POBLACION",7,7,14
" 06","TRIANA","POLONIA","EXTRANJEROS",1,0,1
" 06","TRIANA","POLONIA","TOTAL POBLACION",1,0,1
" 06","TRIANA","PORTUGAL","EXTRANJEROS",1,1,2
" 06","TRIANA","PORTUGAL","TOTAL POBLACION",1,1,2
" 06","TRIANA","PRINCIPADO DE ANDORRA","EXTRANJEROS",0,1,1
" 06","TRIANA","PRINCIPADO DE ANDORRA","TOTAL POBLACION",0,1,1
" 06","TRIANA","REINO UNIDO","ESPA�OLES",2,3,5
" 06","TRIANA","REINO UNIDO","EXTRANJEROS",6,4,10
" 06","TRIANA","REINO UNIDO","TOTAL POBLACION",8,7,15
" 06","TRIANA","REPUBLICA DE COREA","EXTRANJEROS",1,1,2
" 06","TRIANA","REPUBLICA DE COREA","TOTAL POBLACION",1,1,2
" 06","TRIANA","REPUBLICA DOMINICANA","ESPA�OLES",0,2,2
" 06","TRIANA","REPUBLICA DOMINICANA","EXTRANJEROS",1,5,6
" 06","TRIANA","REPUBLICA DOMINICANA","TOTAL POBLACION",1,7,8
" 06","TRIANA","RUMANIA","EXTRANJEROS",0,3,3
" 06","TRIANA","RUMANIA","TOTAL POBLACION",0,3,3
" 06","TRIANA","RUSIA","EXTRANJEROS",0,1,1
" 06","TRIANA","RUSIA","TOTAL POBLACION",0,1,1
" 06","TRIANA","SRI-LANKA","EXTRANJEROS",1,0,1
" 06","TRIANA","SRI-LANKA","TOTAL POBLACION",1,0,1
" 06","TRIANA","UCRANIA","EXTRANJEROS",3,3,6
" 06","TRIANA","UCRANIA","TOTAL POBLACION",3,3,6
" 06","TRIANA","VENEZUELA","ESPA�OLES",1,3,4
" 06","TRIANA","VENEZUELA","EXTRANJEROS",6,7,13
" 06","TRIANA","VENEZUELA","TOTAL POBLACION",7,10,17
" 07","NORTE","- TODOS -","ESPA�OLES",454,488,942
" 07","NORTE","- TODOS -","EXTRANJEROS",192,153,345
" 07","NORTE","- TODOS -","TOTAL POBLACION",646,641,1287
" 07","NORTE","AFGANISTAN","EXTRANJEROS",2,0,2
" 07","NORTE","AFGANISTAN","TOTAL POBLACION",2,0,2
" 07","NORTE","ALEMANIA","ESPA�OLES",1,4,5
" 07","NORTE","ALEMANIA","EXTRANJEROS",1,0,1
" 07","NORTE","ALEMANIA","TOTAL POBLACION",2,4,6
" 07","NORTE","ARGELIA","EXTRANJEROS",3,1,4
" 07","NORTE","ARGELIA","TOTAL POBLACION",3,1,4
" 07","NORTE","ARGENTINA","EXTRANJEROS",1,0,1
" 07","NORTE","ARGENTINA","TOTAL POBLACION",1,0,1
" 07","NORTE","BANGLA-DESH","EXTRANJEROS",2,1,3
" 07","NORTE","BANGLA-DESH","TOTAL POBLACION",2,1,3
" 07","NORTE","BELGICA","ESPA�OLES",0,1,1
" 07","NORTE","BELGICA","EXTRANJEROS",3,2,5
" 07","NORTE","BELGICA","TOTAL POBLACION",3,3,6
" 07","NORTE","BOLIVIA","ESPA�OLES",1,1,2
" 07","NORTE","BOLIVIA","EXTRANJEROS",0,1,1
" 07","NORTE","BOLIVIA","TOTAL POBLACION",1,2,3
" 07","NORTE","BRASIL","ESPA�OLES",0,1,1
" 07","NORTE","BRASIL","EXTRANJEROS",3,2,5
" 07","NORTE","BRASIL","TOTAL POBLACION",3,3,6
" 07","NORTE","CAMERUN","EXTRANJEROS",2,0,2
" 07","NORTE","CAMERUN","TOTAL POBLACION",2,0,2
" 07","NORTE","CHILE","ESPA�OLES",2,0,2
" 07","NORTE","CHILE","EXTRANJEROS",1,1,2
" 07","NORTE","CHILE","TOTAL POBLACION",3,1,4
" 07","NORTE","CHINA","ESPA�OLES",1,0,1
" 07","NORTE","CHINA","EXTRANJEROS",0,1,1
" 07","NORTE","CHINA","TOTAL POBLACION",1,1,2
" 07","NORTE","COLOMBIA","ESPA�OLES",2,1,3
" 07","NORTE","COLOMBIA","EXTRANJEROS",10,11,21
" 07","NORTE","COLOMBIA","TOTAL POBLACION",12,12,24
" 07","NORTE","CONGO","EXTRANJEROS",1,0,1
" 07","NORTE","CONGO","TOTAL POBLACION",1,0,1
" 07","NORTE","CROACIA","EXTRANJEROS",0,1,1
" 07","NORTE","CROACIA","TOTAL POBLACION",0,1,1
" 07","NORTE","CUBA","EXTRANJEROS",2,0,2
" 07","NORTE","CUBA","TOTAL POBLACION",2,0,2
" 07","NORTE","ECUADOR","ESPA�OLES",0,1,1
" 07","NORTE","ECUADOR","EXTRANJEROS",6,2,8
" 07","NORTE","ECUADOR","TOTAL POBLACION",6,3,9
" 07","NORTE","EL SALVADOR","EXTRANJEROS",1,1,2
" 07","NORTE","EL SALVADOR","TOTAL POBLACION",1,1,2
" 07","NORTE","ESPA�A","ESPA�OLES",443,469,912
" 07","NORTE","ESPA�A","EXTRANJEROS",76,58,134
" 07","NORTE","ESPA�A","TOTAL POBLACION",519,527,1046
" 07","NORTE","ESTADOS UNIDOS DE AMERICA","ESPA�OLES",0,1,1
" 07","NORTE","ESTADOS UNIDOS DE AMERICA","EXTRANJEROS",3,0,3
" 07","NORTE","ESTADOS UNIDOS DE AMERICA","TOTAL POBLACION",3,1,4
" 07","NORTE","FRANCIA","ESPA�OLES",0,1,1
" 07","NORTE","FRANCIA","EXTRANJEROS",1,0,1
" 07","NORTE","FRANCIA","TOTAL POBLACION",1,1,2
" 07","NORTE","GAMBIA","EXTRANJEROS",0,1,1
" 07","NORTE","GAMBIA","TOTAL POBLACION",0,1,1
" 07","NORTE","GEORGIA","EXTRANJEROS",0,1,1
" 07","NORTE","GEORGIA","TOTAL POBLACION",0,1,1
" 07","NORTE","GHANA","EXTRANJEROS",2,0,2
" 07","NORTE","GHANA","TOTAL POBLACION",2,0,2
" 07","NORTE","GUATEMALA","EXTRANJEROS",1,0,1
" 07","NORTE","GUATEMALA","TOTAL POBLACION",1,0,1
" 07","NORTE","GUINEA","EXTRANJEROS",6,0,6
" 07","NORTE","GUINEA","TOTAL POBLACION",6,0,6
" 07","NORTE","GUINEA ECUATORIAL","EXTRANJEROS",1,0,1
" 07","NORTE","GUINEA ECUATORIAL","TOTAL POBLACION",1,0,1
" 07","NORTE","HONDURAS","EXTRANJEROS",2,5,7
" 07","NORTE","HONDURAS","TOTAL POBLACION",2,5,7
" 07","NORTE","INDIA","EXTRANJEROS",0,1,1
" 07","NORTE","INDIA","TOTAL POBLACION",0,1,1
" 07","NORTE","ITALIA","EXTRANJEROS",1,2,3
" 07","NORTE","ITALIA","TOTAL POBLACION",1,2,3
" 07","NORTE","MACEDONIA","EXTRANJEROS",0,1,1
" 07","NORTE","MACEDONIA","TOTAL POBLACION",0,1,1
" 07","NORTE","MARRUECOS","ESPA�OLES",1,0,1
" 07","NORTE","MARRUECOS","EXTRANJEROS",9,10,19
" 07","NORTE","MARRUECOS","TOTAL POBLACION",10,10,20
" 07","NORTE","MEXICO","ESPA�OLES",0,1,1
" 07","NORTE","MEXICO","TOTAL POBLACION",0,1,1
" 07","NORTE","NICARAGUA","EXTRANJEROS",0,8,8
" 07","NORTE","NICARAGUA","TOTAL POBLACION",0,8,8
" 07","NORTE","OTROS AFRICA SIN RELACION DIPL","EXTRANJEROS",1,0,1
" 07","NORTE","OTROS AFRICA SIN RELACION DIPL","TOTAL POBLACION",1,0,1
" 07","NORTE","PAKISTAN","EXTRANJEROS",2,0,2
" 07","NORTE","PAKISTAN","TOTAL POBLACION",2,0,2
" 07","NORTE","PARAGUAY","EXTRANJEROS",2,3,5
" 07","NORTE","PARAGUAY","TOTAL POBLACION",2,3,5
" 07","NORTE","PERU","ESPA�OLES",1,0,1
" 07","NORTE","PERU","EXTRANJEROS",3,8,11
" 07","NORTE","PERU","TOTAL POBLACION",4,8,12
" 07","NORTE","PORTUGAL","EXTRANJEROS",1,0,1
" 07","NORTE","PORTUGAL","TOTAL POBLACION",1,0,1
" 07","NORTE","REINO UNIDO","ESPA�OLES",1,6,7
" 07","NORTE","REINO UNIDO","TOTAL POBLACION",1,6,7
" 07","NORTE","REPUBLICA DOMINICANA","EXTRANJEROS",2,2,4
" 07","NORTE","REPUBLICA DOMINICANA","TOTAL POBLACION",2,2,4
" 07","NORTE","RUMANIA","EXTRANJEROS",8,8,16
" 07","NORTE","RUMANIA","TOTAL POBLACION",8,8,16
" 07","NORTE","RUSIA","EXTRANJEROS",0,1,1
" 07","NORTE","RUSIA","TOTAL POBLACION",0,1,1
" 07","NORTE","SENEGAL","EXTRANJEROS",14,2,16
" 07","NORTE","SENEGAL","TOTAL POBLACION",14,2,16
" 07","NORTE","SIERRA LEONA","EXTRANJEROS",1,0,1
" 07","NORTE","SIERRA LEONA","TOTAL POBLACION",1,0,1
" 07","NORTE","SIRIA","EXTRANJEROS",2,0,2
" 07","NORTE","SIRIA","TOTAL POBLACION",2,0,2
" 07","NORTE","SUIZA","ESPA�OLES",1,0,1
" 07","NORTE","SUIZA","EXTRANJEROS",0,1,1
" 07","NORTE","SUIZA","TOTAL POBLACION",1,1,2
" 07","NORTE","UCRANIA","EXTRANJEROS",6,6,12
" 07","NORTE","UCRANIA","TOTAL POBLACION",6,6,12
" 07","NORTE","VENEZUELA","ESPA�OLES",0,1,1
" 07","NORTE","VENEZUELA","EXTRANJEROS",10,11,21
" 07","NORTE","VENEZUELA","TOTAL POBLACION",10,12,22
" 08","S. PABLO-STA. JUSTA","- TODOS -","ESPA�OLES",547,547,1094
" 08","S. PABLO-STA. JUSTA","- TODOS -","EXTRANJEROS",149,193,342
" 08","S. PABLO-STA. JUSTA","- TODOS -","TOTAL POBLACION",696,740,1436
" 08","S. PABLO-STA. JUSTA","ALEMANIA","ESPA�OLES",2,0,2
" 08","S. PABLO-STA. JUSTA","ALEMANIA","EXTRANJEROS",1,3,4
" 08","S. PABLO-STA. JUSTA","ALEMANIA","TOTAL POBLACION",3,3,6
" 08","S. PABLO-STA. JUSTA","ARABIA SAUDITA","ESPA�OLES",1,0,1
" 08","S. PABLO-STA. JUSTA","ARABIA SAUDITA","TOTAL POBLACION",1,0,1
" 08","S. PABLO-STA. JUSTA","ARGELIA","EXTRANJEROS",3,1,4
" 08","S. PABLO-STA. JUSTA","ARGELIA","TOTAL POBLACION",3,1,4
" 08","S. PABLO-STA. JUSTA","ARGENTINA","ESPA�OLES",1,4,5
" 08","S. PABLO-STA. JUSTA","ARGENTINA","EXTRANJEROS",1,0,1
" 08","S. PABLO-STA. JUSTA","ARGENTINA","TOTAL POBLACION",2,4,6
" 08","S. PABLO-STA. JUSTA","AUSTRALIA","ESPA�OLES",0,1,1
" 08","S. PABLO-STA. JUSTA","AUSTRALIA","TOTAL POBLACION",0,1,1
" 08","S. PABLO-STA. JUSTA","BOLIVIA","EXTRANJEROS",2,0,2
" 08","S. PABLO-STA. JUSTA","BOLIVIA","TOTAL POBLACION",2,0,2
" 08","S. PABLO-STA. JUSTA","BRASIL","ESPA�OLES",1,0,1
" 08","S. PABLO-STA. JUSTA","BRASIL","EXTRANJEROS",3,1,4
" 08","S. PABLO-STA. JUSTA","BRASIL","TOTAL POBLACION",4,1,5
" 08","S. PABLO-STA. JUSTA","BULGARIA","EXTRANJEROS",1,0,1
" 08","S. PABLO-STA. JUSTA","BULGARIA","TOTAL POBLACION",1,0,1
" 08","S. PABLO-STA. JUSTA","CAMERUN","EXTRANJEROS",4,2,6
" 08","S. PABLO-STA. JUSTA","CAMERUN","TOTAL POBLACION",4,2,6
" 08","S. PABLO-STA. JUSTA","CANADA","EXTRANJEROS",0,1,1
" 08","S. PABLO-STA. JUSTA","CANADA","TOTAL POBLACION",0,1,1
" 08","S. PABLO-STA. JUSTA","CHILE","ESPA�OLES",2,2,4
" 08","S. PABLO-STA. JUSTA","CHILE","EXTRANJEROS",0,3,3
" 08","S. PABLO-STA. JUSTA","CHILE","TOTAL POBLACION",2,5,7
" 08","S. PABLO-STA. JUSTA","CHINA","EXTRANJEROS",4,8,12
" 08","S. PABLO-STA. JUSTA","CHINA","TOTAL POBLACION",4,8,12
" 08","S. PABLO-STA. JUSTA","COLOMBIA","ESPA�OLES",3,2,5
" 08","S. PABLO-STA. JUSTA","COLOMBIA","EXTRANJEROS",18,15,33
" 08","S. PABLO-STA. JUSTA","COLOMBIA","TOTAL POBLACION",21,17,38
" 08","S. PABLO-STA. JUSTA","CONGO","EXTRANJEROS",0,2,2
" 08","S. PABLO-STA. JUSTA","CONGO","TOTAL POBLACION",0,2,2
" 08","S. PABLO-STA. JUSTA","COSTA DE MARFIL","EXTRANJEROS",1,1,2
" 08","S. PABLO-STA. JUSTA","COSTA DE MARFIL","TOTAL POBLACION",1,1,2
" 08","S. PABLO-STA. JUSTA","CUBA","ESPA�OLES",1,0,1
" 08","S. PABLO-STA. JUSTA","CUBA","EXTRANJEROS",1,1,2
" 08","S. PABLO-STA. JUSTA","CUBA","TOTAL POBLACION",2,1,3
" 08","S. PABLO-STA. JUSTA","ECUADOR","ESPA�OLES",2,3,5
" 08","S. PABLO-STA. JUSTA","ECUADOR","EXTRANJEROS",1,1,2
" 08","S. PABLO-STA. JUSTA","ECUADOR","TOTAL POBLACION",3,4,7
" 08","S. PABLO-STA. JUSTA","EL SALVADOR","EXTRANJEROS",0,1,1
" 08","S. PABLO-STA. JUSTA","EL SALVADOR","TOTAL POBLACION",0,1,1
" 08","S. PABLO-STA. JUSTA","ESPA�A","ESPA�OLES",515,520,1035
" 08","S. PABLO-STA. JUSTA","ESPA�A","EXTRANJEROS",43,61,104
" 08","S. PABLO-STA. JUSTA","ESPA�A","TOTAL POBLACION",558,581,1139
" 08","S. PABLO-STA. JUSTA","ESTADOS UNIDOS DE AMERICA","ESPA�OLES",4,5,9
" 08","S. PABLO-STA. JUSTA","ESTADOS UNIDOS DE AMERICA","EXTRANJEROS",1,4,5
" 08","S. PABLO-STA. JUSTA","ESTADOS UNIDOS DE AMERICA","TOTAL POBLACION",5,9,14
" 08","S. PABLO-STA. JUSTA","FILIPINAS","EXTRANJEROS",0,1,1
" 08","S. PABLO-STA. JUSTA","FILIPINAS","TOTAL POBLACION",0,1,1
" 08","S. PABLO-STA. JUSTA","FRANCIA","EXTRANJEROS",2,0,2
" 08","S. PABLO-STA. JUSTA","FRANCIA","TOTAL POBLACION",2,0,2
" 08","S. PABLO-STA. JUSTA","GAMBIA","EXTRANJEROS",1,0,1
" 08","S. PABLO-STA. JUSTA","GAMBIA","TOTAL POBLACION",1,0,1
" 08","S. PABLO-STA. JUSTA","GHANA","EXTRANJEROS",1,1,2
" 08","S. PABLO-STA. JUSTA","GHANA","TOTAL POBLACION",1,1,2
" 08","S. PABLO-STA. JUSTA","GUATEMALA","EXTRANJEROS",0,2,2
" 08","S. PABLO-STA. JUSTA","GUATEMALA","TOTAL POBLACION",0,2,2
" 08","S. PABLO-STA. JUSTA","GUINEA","EXTRANJEROS",1,0,1
" 08","S. PABLO-STA. JUSTA","GUINEA","TOTAL POBLACION",1,0,1
" 08","S. PABLO-STA. JUSTA","HONDURAS","EXTRANJEROS",0,4,4
" 08","S. PABLO-STA. JUSTA","HONDURAS","TOTAL POBLACION",0,4,4
" 08","S. PABLO-STA. JUSTA","IRAK","EXTRANJEROS",2,2,4
" 08","S. PABLO-STA. JUSTA","IRAK","TOTAL POBLACION",2,2,4
" 08","S. PABLO-STA. JUSTA","IRLANDA","EXTRANJEROS",1,0,1
" 08","S. PABLO-STA. JUSTA","IRLANDA","TOTAL POBLACION",1,0,1
" 08","S. PABLO-STA. JUSTA","ITALIA","ESPA�OLES",1,2,3
" 08","S. PABLO-STA. JUSTA","ITALIA","EXTRANJEROS",5,3,8
" 08","S. PABLO-STA. JUSTA","ITALIA","TOTAL POBLACION",6,5,11
" 08","S. PABLO-STA. JUSTA","JAMAICA","ESPA�OLES",3,1,4
" 08","S. PABLO-STA. JUSTA","JAMAICA","TOTAL POBLACION",3,1,4
" 08","S. PABLO-STA. JUSTA","JAPON","EXTRANJEROS",0,1,1
" 08","S. PABLO-STA. JUSTA","JAPON","TOTAL POBLACION",0,1,1
" 08","S. PABLO-STA. JUSTA","MARRUECOS","EXTRANJEROS",4,3,7
" 08","S. PABLO-STA. JUSTA","MARRUECOS","TOTAL POBLACION",4,3,7
" 08","S. PABLO-STA. JUSTA","MEXICO","ESPA�OLES",1,2,3
" 08","S. PABLO-STA. JUSTA","MEXICO","EXTRANJEROS",2,1,3
" 08","S. PABLO-STA. JUSTA","MEXICO","TOTAL POBLACION",3,3,6
" 08","S. PABLO-STA. JUSTA","NICARAGUA","EXTRANJEROS",2,13,15
" 08","S. PABLO-STA. JUSTA","NICARAGUA","TOTAL POBLACION",2,13,15
" 08","S. PABLO-STA. JUSTA","OMAN","ESPA�OLES",1,0,1
" 08","S. PABLO-STA. JUSTA","OMAN","TOTAL POBLACION",1,0,1
" 08","S. PABLO-STA. JUSTA","PAISES BAJOS","EXTRANJEROS",1,0,1
" 08","S. PABLO-STA. JUSTA","PAISES BAJOS","TOTAL POBLACION",1,0,1
" 08","S. PABLO-STA. JUSTA","PAKISTAN","EXTRANJEROS",2,1,3
" 08","S. PABLO-STA. JUSTA","PAKISTAN","TOTAL POBLACION",2,1,3
" 08","S. PABLO-STA. JUSTA","PALESTINA. ESTADO OBSERVADOR, NO MIEMBRO DE NACIONES UNIDAS","EXTRANJEROS",1,0,1
" 08","S. PABLO-STA. JUSTA","PALESTINA. ESTADO OBSERVADOR, NO MIEMBRO DE NACIONES UNIDAS","TOTAL POBLACION",1,0,1
" 08","S. PABLO-STA. JUSTA","PANAMA","EXTRANJEROS",0,2,2
" 08","S. PABLO-STA. JUSTA","PANAMA","TOTAL POBLACION",0,2,2
" 08","S. PABLO-STA. JUSTA","PARAGUAY","EXTRANJEROS",1,3,4
" 08","S. PABLO-STA. JUSTA","PARAGUAY","TOTAL POBLACION",1,3,4
" 08","S. PABLO-STA. JUSTA","PERU","ESPA�OLES",3,0,3
" 08","S. PABLO-STA. JUSTA","PERU","EXTRANJEROS",5,7,12
" 08","S. PABLO-STA. JUSTA","PERU","TOTAL POBLACION",8,7,15
" 08","S. PABLO-STA. JUSTA","PORTUGAL","ESPA�OLES",0,1,1
" 08","S. PABLO-STA. JUSTA","PORTUGAL","EXTRANJEROS",1,0,1
" 08","S. PABLO-STA. JUSTA","PORTUGAL","TOTAL POBLACION",1,1,2
" 08","S. PABLO-STA. JUSTA","REINO UNIDO","ESPA�OLES",2,1,3
" 08","S. PABLO-STA. JUSTA","REINO UNIDO","EXTRANJEROS",3,0,3
" 08","S. PABLO-STA. JUSTA","REINO UNIDO","TOTAL POBLACION",5,1,6
" 08","S. PABLO-STA. JUSTA","REPUBLICA DOMINICANA","ESPA�OLES",1,0,1
" 08","S. PABLO-STA. JUSTA","REPUBLICA DOMINICANA","EXTRANJEROS",1,2,3
" 08","S. PABLO-STA. JUSTA","REPUBLICA DOMINICANA","TOTAL POBLACION",2,2,4
" 08","S. PABLO-STA. JUSTA","RUMANIA","EXTRANJEROS",1,2,3
" 08","S. PABLO-STA. JUSTA","RUMANIA","TOTAL POBLACION",1,2,3
" 08","S. PABLO-STA. JUSTA","RUSIA","EXTRANJEROS",2,5,7
" 08","S. PABLO-STA. JUSTA","RUSIA","TOTAL POBLACION",2,5,7
" 08","S. PABLO-STA. JUSTA","SENEGAL","EXTRANJEROS",2,0,2
" 08","S. PABLO-STA. JUSTA","SENEGAL","TOTAL POBLACION",2,0,2
" 08","S. PABLO-STA. JUSTA","SIRIA","EXTRANJEROS",5,2,7
" 08","S. PABLO-STA. JUSTA","SIRIA","TOTAL POBLACION",5,2,7
" 08","S. PABLO-STA. JUSTA","TURQUIA","EXTRANJEROS",1,3,4
" 08","S. PABLO-STA. JUSTA","TURQUIA","TOTAL POBLACION",1,3,4
" 08","S. PABLO-STA. JUSTA","UCRANIA","ESPA�OLES",0,1,1
" 08","S. PABLO-STA. JUSTA","UCRANIA","EXTRANJEROS",7,5,12
" 08","S. PABLO-STA. JUSTA","UCRANIA","TOTAL POBLACION",7,6,13
" 08","S. PABLO-STA. JUSTA","URUGUAY","EXTRANJEROS",0,2,2
" 08","S. PABLO-STA. JUSTA","URUGUAY","TOTAL POBLACION",0,2,2
" 08","S. PABLO-STA. JUSTA","VENEZUELA","ESPA�OLES",3,2,5
" 08","S. PABLO-STA. JUSTA","VENEZUELA","EXTRANJEROS",11,23,34
" 08","S. PABLO-STA. JUSTA","VENEZUELA","TOTAL POBLACION",14,25,39
" 09","ESTE","- TODOS -","ESPA�OLES",790,779,1569
" 09","ESTE","- TODOS -","EXTRANJEROS",353,321,674
" 09","ESTE","- TODOS -","TOTAL POBLACION",1143,1100,2243
" 09","ESTE","ALEMANIA","ESPA�OLES",5,2,7
" 09","ESTE","ALEMANIA","EXTRANJEROS",0,1,1
" 09","ESTE","ALEMANIA","TOTAL POBLACION",5,3,8
" 09","ESTE","ANGOLA","EXTRANJEROS",0,1,1
" 09","ESTE","ANGOLA","TOTAL POBLACION",0,1,1
" 09","ESTE","ARGELIA","EXTRANJEROS",1,1,2
" 09","ESTE","ARGELIA","TOTAL POBLACION",1,1,2
" 09","ESTE","ARGENTINA","ESPA�OLES",1,1,2
" 09","ESTE","ARGENTINA","EXTRANJEROS",4,6,10
" 09","ESTE","ARGENTINA","TOTAL POBLACION",5,7,12
" 09","ESTE","ARMENIA","EXTRANJEROS",1,0,1
" 09","ESTE","ARMENIA","TOTAL POBLACION",1,0,1
" 09","ESTE","AZERBAIYAN","EXTRANJEROS",3,1,4
" 09","ESTE","AZERBAIYAN","TOTAL POBLACION",3,1,4
" 09","ESTE","BELGICA","ESPA�OLES",1,3,4
" 09","ESTE","BELGICA","TOTAL POBLACION",1,3,4
" 09","ESTE","BIELORUSIA","EXTRANJEROS",0,3,3
" 09","ESTE","BIELORUSIA","TOTAL POBLACION",0,3,3
" 09","ESTE","BRASIL","ESPA�OLES",0,1,1
" 09","ESTE","BRASIL","EXTRANJEROS",8,13,21
" 09","ESTE","BRASIL","TOTAL POBLACION",8,14,22
" 09","ESTE","CAMERUN","EXTRANJEROS",7,3,10
" 09","ESTE","CAMERUN","TOTAL POBLACION",7,3,10
" 09","ESTE","CHILE","ESPA�OLES",2,2,4
" 09","ESTE","CHILE","EXTRANJEROS",1,0,1
" 09","ESTE","CHILE","TOTAL POBLACION",3,2,5
" 09","ESTE","CHINA","ESPA�OLES",2,2,4
" 09","ESTE","CHINA","EXTRANJEROS",4,4,8
" 09","ESTE","CHINA","TOTAL POBLACION",6,6,12
" 09","ESTE","COLOMBIA","ESPA�OLES",1,3,4
" 09","ESTE","COLOMBIA","EXTRANJEROS",11,24,35
" 09","ESTE","COLOMBIA","TOTAL POBLACION",12,27,39
" 09","ESTE","CONGO","EXTRANJEROS",1,0,1
" 09","ESTE","CONGO","TOTAL POBLACION",1,0,1
" 09","ESTE","COSTA DE MARFIL","EXTRANJEROS",15,5,20
" 09","ESTE","COSTA DE MARFIL","TOTAL POBLACION",15,5,20
" 09","ESTE","COSTA RICA","ESPA�OLES",1,0,1
" 09","ESTE","COSTA RICA","EXTRANJEROS",0,2,2
" 09","ESTE","COSTA RICA","TOTAL POBLACION",1,2,3
" 09","ESTE","CUBA","EXTRANJEROS",5,4,9
" 09","ESTE","CUBA","TOTAL POBLACION",5,4,9
" 09","ESTE","ECUADOR","ESPA�OLES",1,1,2
" 09","ESTE","ECUADOR","EXTRANJEROS",2,2,4
" 09","ESTE","ECUADOR","TOTAL POBLACION",3,3,6
" 09","ESTE","EL SALVADOR","EXTRANJEROS",1,1,2
" 09","ESTE","EL SALVADOR","TOTAL POBLACION",1,1,2
" 09","ESTE","ESPA�A","ESPA�OLES",749,743,1492
" 09","ESTE","ESPA�A","EXTRANJEROS",120,126,246
" 09","ESTE","ESPA�A","TOTAL POBLACION",869,869,1738
" 09","ESTE","ESTADOS UNIDOS DE AMERICA","ESPA�OLES",0,2,2
" 09","ESTE","ESTADOS UNIDOS DE AMERICA","EXTRANJEROS",2,2,4
" 09","ESTE","ESTADOS UNIDOS DE AMERICA","TOTAL POBLACION",2,4,6
" 09","ESTE","FRANCIA","ESPA�OLES",2,4,6
" 09","ESTE","FRANCIA","EXTRANJEROS",3,4,7
" 09","ESTE","FRANCIA","TOTAL POBLACION",5,8,13
" 09","ESTE","GAMBIA","EXTRANJEROS",4,0,4
" 09","ESTE","GAMBIA","TOTAL POBLACION",4,0,4
" 09","ESTE","GEORGIA","EXTRANJEROS",0,2,2
" 09","ESTE","GEORGIA","TOTAL POBLACION",0,2,2
" 09","ESTE","GUATEMALA","EXTRANJEROS",1,0,1
" 09","ESTE","GUATEMALA","TOTAL POBLACION",1,0,1
" 09","ESTE","GUINEA","EXTRANJEROS",13,0,13
" 09","ESTE","GUINEA","TOTAL POBLACION",13,0,13
" 09","ESTE","HONDURAS","EXTRANJEROS",7,5,12
" 09","ESTE","HONDURAS","TOTAL POBLACION",7,5,12
" 09","ESTE","INDIA","ESPA�OLES",1,0,1
" 09","ESTE","INDIA","EXTRANJEROS",2,2,4
" 09","ESTE","INDIA","TOTAL POBLACION",3,2,5
" 09","ESTE","INDONESIA","ESPA�OLES",1,0,1
" 09","ESTE","INDONESIA","TOTAL POBLACION",1,0,1
" 09","ESTE","IRAK","EXTRANJEROS",1,3,4
" 09","ESTE","IRAK","TOTAL POBLACION",1,3,4
" 09","ESTE","IRLANDA","EXTRANJEROS",1,0,1
" 09","ESTE","IRLANDA","TOTAL POBLACION",1,0,1
" 09","ESTE","ISLANDIA","EXTRANJEROS",1,0,1
" 09","ESTE","ISLANDIA","TOTAL POBLACION",1,0,1
" 09","ESTE","ITALIA","ESPA�OLES",3,1,4
" 09","ESTE","ITALIA","EXTRANJEROS",6,3,9
" 09","ESTE","ITALIA","TOTAL POBLACION",9,4,13
" 09","ESTE","JAMAICA","EXTRANJEROS",1,0,1
" 09","ESTE","JAMAICA","TOTAL POBLACION",1,0,1
" 09","ESTE","LIBANO","EXTRANJEROS",3,1,4
" 09","ESTE","LIBANO","TOTAL POBLACION",3,1,4
" 09","ESTE","LIBIA","EXTRANJEROS",1,0,1
" 09","ESTE","LIBIA","TOTAL POBLACION",1,0,1
" 09","ESTE","MALI","EXTRANJEROS",2,0,2
" 09","ESTE","MALI","TOTAL POBLACION",2,0,2
" 09","ESTE","MARRUECOS","ESPA�OLES",2,0,2
" 09","ESTE","MARRUECOS","EXTRANJEROS",7,7,14
" 09","ESTE","MARRUECOS","TOTAL POBLACION",9,7,16
" 09","ESTE","MEXICO","ESPA�OLES",1,0,1
" 09","ESTE","MEXICO","EXTRANJEROS",0,2,2
" 09","ESTE","MEXICO","TOTAL POBLACION",1,2,3
" 09","ESTE","MOLDAVIA","EXTRANJEROS",0,1,1
" 09","ESTE","MOLDAVIA","TOTAL POBLACION",0,1,1
" 09","ESTE","NICARAGUA","EXTRANJEROS",2,7,9
" 09","ESTE","NICARAGUA","TOTAL POBLACION",2,7,9
" 09","ESTE","NIGERIA","EXTRANJEROS",3,1,4
" 09","ESTE","NIGERIA","TOTAL POBLACION",3,1,4
" 09","ESTE","OMAN","ESPA�OLES",1,0,1
" 09","ESTE","OMAN","TOTAL POBLACION",1,0,1
" 09","ESTE","OTROS PAISES SIN RELACION DIPLOMATICA","EXTRANJEROS",1,0,1
" 09","ESTE","OTROS PAISES SIN RELACION DIPLOMATICA","TOTAL POBLACION",1,0,1
" 09","ESTE","PAISES BAJOS","EXTRANJEROS",0,1,1
" 09","ESTE","PAISES BAJOS","TOTAL POBLACION",0,1,1
" 09","ESTE","PAKISTAN","EXTRANJEROS",1,0,1
" 09","ESTE","PAKISTAN","TOTAL POBLACION",1,0,1
" 09","ESTE","PALESTINA. ESTADO OBSERVADOR, NO MIEMBRO DE NACIONES UNIDAS","EXTRANJEROS",5,0,5
" 09","ESTE","PALESTINA. ESTADO OBSERVADOR, NO MIEMBRO DE NACIONES UNIDAS","TOTAL POBLACION",5,0,5
" 09","ESTE","PANAMA","EXTRANJEROS",1,1,2
" 09","ESTE","PANAMA","TOTAL POBLACION",1,1,2
" 09","ESTE","PARAGUAY","EXTRANJEROS",1,1,2
" 09","ESTE","PARAGUAY","TOTAL POBLACION",1,1,2
" 09","ESTE","PERU","ESPA�OLES",2,1,3
" 09","ESTE","PERU","EXTRANJEROS",4,4,8
" 09","ESTE","PERU","TOTAL POBLACION",6,5,11
" 09","ESTE","POLONIA","EXTRANJEROS",0,1,1
" 09","ESTE","POLONIA","TOTAL POBLACION",0,1,1
" 09","ESTE","PORTUGAL","ESPA�OLES",1,0,1
" 09","ESTE","PORTUGAL","EXTRANJEROS",1,1,2
" 09","ESTE","PORTUGAL","TOTAL POBLACION",2,1,3
" 09","ESTE","PRINCIPADO DE ANDORRA","ESPA�OLES",1,0,1
" 09","ESTE","PRINCIPADO DE ANDORRA","TOTAL POBLACION",1,0,1
" 09","ESTE","REINO UNIDO","ESPA�OLES",2,2,4
" 09","ESTE","REINO UNIDO","EXTRANJEROS",0,1,1
" 09","ESTE","REINO UNIDO","TOTAL POBLACION",2,3,5
" 09","ESTE","REPUBLICA DEMOCRATICA DEL CONGO","EXTRANJEROS",1,0,1
" 09","ESTE","REPUBLICA DEMOCRATICA DEL CONGO","TOTAL POBLACION",1,0,1
" 09","ESTE","REPUBLICA DOMINICANA","EXTRANJEROS",1,4,5
" 09","ESTE","REPUBLICA DOMINICANA","TOTAL POBLACION",1,4,5
" 09","ESTE","RUMANIA","EXTRANJEROS",2,4,6
" 09","ESTE","RUMANIA","TOTAL POBLACION",2,4,6
" 09","ESTE","RUSIA","EXTRANJEROS",2,3,5
" 09","ESTE","RUSIA","TOTAL POBLACION",2,3,5
" 09","ESTE","SENEGAL","EXTRANJEROS",3,3,6
" 09","ESTE","SENEGAL","TOTAL POBLACION",3,3,6
" 09","ESTE","SIRIA","EXTRANJEROS",31,19,50
" 09","ESTE","SIRIA","TOTAL POBLACION",31,19,50
" 09","ESTE","SUIZA","ESPA�OLES",3,2,5
" 09","ESTE","SUIZA","EXTRANJEROS",1,0,1
" 09","ESTE","SUIZA","TOTAL POBLACION",4,2,6
" 09","ESTE","TANZANIA","EXTRANJEROS",0,1,1
" 09","ESTE","TANZANIA","TOTAL POBLACION",0,1,1
" 09","ESTE","TURQUIA","ESPA�OLES",1,0,1
" 09","ESTE","TURQUIA","TOTAL POBLACION",1,0,1
" 09","ESTE","UCRANIA","ESPA�OLES",0,1,1
" 09","ESTE","UCRANIA","EXTRANJEROS",14,11,25
" 09","ESTE","UCRANIA","TOTAL POBLACION",14,12,26
" 09","ESTE","URUGUAY","ESPA�OLES",4,5,9
" 09","ESTE","URUGUAY","EXTRANJEROS",1,2,3
" 09","ESTE","URUGUAY","TOTAL POBLACION",5,7,12
" 09","ESTE","VENEZUELA","ESPA�OLES",2,3,5
" 09","ESTE","VENEZUELA","EXTRANJEROS",38,27,65
" 09","ESTE","VENEZUELA","TOTAL POBLACION",40,30,70
" 09","ESTE","YEMEN","EXTRANJEROS",1,0,1
" 09","ESTE","YEMEN","TOTAL POBLACION",1,0,1
" 10","BELLAVISTA-LA PALMERA","- TODOS -","ESPA�OLES",496,485,981
" 10","BELLAVISTA-LA PALMERA","- TODOS -","EXTRANJEROS",114,173,287
" 10","BELLAVISTA-LA PALMERA","- TODOS -","TOTAL POBLACION",610,658,1268
" 10","BELLAVISTA-LA PALMERA","ALEMANIA","ESPA�OLES",2,3,5
" 10","BELLAVISTA-LA PALMERA","ALEMANIA","EXTRANJEROS",0,2,2
" 10","BELLAVISTA-LA PALMERA","ALEMANIA","TOTAL POBLACION",2,5,7
" 10","BELLAVISTA-LA PALMERA","ARGENTINA","ESPA�OLES",5,1,6
" 10","BELLAVISTA-LA PALMERA","ARGENTINA","EXTRANJEROS",1,1,2
" 10","BELLAVISTA-LA PALMERA","ARGENTINA","TOTAL POBLACION",6,2,8
" 10","BELLAVISTA-LA PALMERA","AUSTRALIA","EXTRANJEROS",2,0,2
" 10","BELLAVISTA-LA PALMERA","AUSTRALIA","TOTAL POBLACION",2,0,2
" 10","BELLAVISTA-LA PALMERA","BOLIVIA","ESPA�OLES",0,1,1
" 10","BELLAVISTA-LA PALMERA","BOLIVIA","EXTRANJEROS",3,1,4
" 10","BELLAVISTA-LA PALMERA","BOLIVIA","TOTAL POBLACION",3,2,5
" 10","BELLAVISTA-LA PALMERA","BRASIL","ESPA�OLES",4,2,6
" 10","BELLAVISTA-LA PALMERA","BRASIL","EXTRANJEROS",5,8,13
" 10","BELLAVISTA-LA PALMERA","BRASIL","TOTAL POBLACION",9,10,19
" 10","BELLAVISTA-LA PALMERA","BURKINA FASSO","EXTRANJEROS",1,0,1
" 10","BELLAVISTA-LA PALMERA","BURKINA FASSO","TOTAL POBLACION",1,0,1
" 10","BELLAVISTA-LA PALMERA","CAMERUN","EXTRANJEROS",2,1,3
" 10","BELLAVISTA-LA PALMERA","CAMERUN","TOTAL POBLACION",2,1,3
" 10","BELLAVISTA-LA PALMERA","CHILE","EXTRANJEROS",0,1,1
" 10","BELLAVISTA-LA PALMERA","CHILE","TOTAL POBLACION",0,1,1
" 10","BELLAVISTA-LA PALMERA","CHINA","EXTRANJEROS",1,1,2
" 10","BELLAVISTA-LA PALMERA","CHINA","TOTAL POBLACION",1,1,2
" 10","BELLAVISTA-LA PALMERA","COLOMBIA","ESPA�OLES",2,0,2
" 10","BELLAVISTA-LA PALMERA","COLOMBIA","EXTRANJEROS",4,7,11
" 10","BELLAVISTA-LA PALMERA","COLOMBIA","TOTAL POBLACION",6,7,13
" 10","BELLAVISTA-LA PALMERA","COSTA DE MARFIL","EXTRANJEROS",2,0,2
" 10","BELLAVISTA-LA PALMERA","COSTA DE MARFIL","TOTAL POBLACION",2,0,2
" 10","BELLAVISTA-LA PALMERA","COSTA RICA","EXTRANJEROS",0,2,2
" 10","BELLAVISTA-LA PALMERA","COSTA RICA","TOTAL POBLACION",0,2,2
" 10","BELLAVISTA-LA PALMERA","CUBA","ESPA�OLES",1,0,1
" 10","BELLAVISTA-LA PALMERA","CUBA","TOTAL POBLACION",1,0,1
" 10","BELLAVISTA-LA PALMERA","ECUADOR","ESPA�OLES",1,3,4
" 10","BELLAVISTA-LA PALMERA","ECUADOR","EXTRANJEROS",0,3,3
" 10","BELLAVISTA-LA PALMERA","ECUADOR","TOTAL POBLACION",1,6,7
" 10","BELLAVISTA-LA PALMERA","EL SALVADOR","EXTRANJEROS",3,1,4
" 10","BELLAVISTA-LA PALMERA","EL SALVADOR","TOTAL POBLACION",3,1,4
" 10","BELLAVISTA-LA PALMERA","EMIRATOS ARABES UNIDOS","ESPA�OLES",2,1,3
" 10","BELLAVISTA-LA PALMERA","EMIRATOS ARABES UNIDOS","TOTAL POBLACION",2,1,3
" 10","BELLAVISTA-LA PALMERA","ESPA�A","ESPA�OLES",457,446,903
" 10","BELLAVISTA-LA PALMERA","ESPA�A","EXTRANJEROS",36,65,101
" 10","BELLAVISTA-LA PALMERA","ESPA�A","TOTAL POBLACION",493,511,1004
" 10","BELLAVISTA-LA PALMERA","ESTADOS UNIDOS DE AMERICA","ESPA�OLES",2,2,4
" 10","BELLAVISTA-LA PALMERA","ESTADOS UNIDOS DE AMERICA","EXTRANJEROS",3,0,3
" 10","BELLAVISTA-LA PALMERA","ESTADOS UNIDOS DE AMERICA","TOTAL POBLACION",5,2,7
" 10","BELLAVISTA-LA PALMERA","FRANCIA","ESPA�OLES",1,3,4
" 10","BELLAVISTA-LA PALMERA","FRANCIA","EXTRANJEROS",0,1,1
" 10","BELLAVISTA-LA PALMERA","FRANCIA","TOTAL POBLACION",1,4,5
" 10","BELLAVISTA-LA PALMERA","GAMBIA","EXTRANJEROS",1,0,1
" 10","BELLAVISTA-LA PALMERA","GAMBIA","TOTAL POBLACION",1,0,1
" 10","BELLAVISTA-LA PALMERA","GRANADA","ESPA�OLES",1,1,2
" 10","BELLAVISTA-LA PALMERA","GRANADA","EXTRANJEROS",1,0,1
" 10","BELLAVISTA-LA PALMERA","GRANADA","TOTAL POBLACION",2,1,3
" 10","BELLAVISTA-LA PALMERA","GUATEMALA","EXTRANJEROS",1,1,2
" 10","BELLAVISTA-LA PALMERA","GUATEMALA","TOTAL POBLACION",1,1,2
" 10","BELLAVISTA-LA PALMERA","GUINEA","EXTRANJEROS",1,0,1
" 10","BELLAVISTA-LA PALMERA","GUINEA","TOTAL POBLACION",1,0,1
" 10","BELLAVISTA-LA PALMERA","HONDURAS","EXTRANJEROS",0,6,6
" 10","BELLAVISTA-LA PALMERA","HONDURAS","TOTAL POBLACION",0,6,6
" 10","BELLAVISTA-LA PALMERA","INDIA","ESPA�OLES",1,1,2
" 10","BELLAVISTA-LA PALMERA","INDIA","TOTAL POBLACION",1,1,2
" 10","BELLAVISTA-LA PALMERA","IRAK","EXTRANJEROS",5,3,8
" 10","BELLAVISTA-LA PALMERA","IRAK","TOTAL POBLACION",5,3,8
" 10","BELLAVISTA-LA PALMERA","IRLANDA","ESPA�OLES",1,0,1
" 10","BELLAVISTA-LA PALMERA","IRLANDA","EXTRANJEROS",0,1,1
" 10","BELLAVISTA-LA PALMERA","IRLANDA","TOTAL POBLACION",1,1,2
" 10","BELLAVISTA-LA PALMERA","ITALIA","ESPA�OLES",0,2,2
" 10","BELLAVISTA-LA PALMERA","ITALIA","EXTRANJEROS",2,2,4
" 10","BELLAVISTA-LA PALMERA","ITALIA","TOTAL POBLACION",2,4,6
" 10","BELLAVISTA-LA PALMERA","JORDANIA","EXTRANJEROS",1,0,1
" 10","BELLAVISTA-LA PALMERA","JORDANIA","TOTAL POBLACION",1,0,1
" 10","BELLAVISTA-LA PALMERA","MARRUECOS","EXTRANJEROS",8,8,16
" 10","BELLAVISTA-LA PALMERA","MARRUECOS","TOTAL POBLACION",8,8,16
" 10","BELLAVISTA-LA PALMERA","MEXICO","ESPA�OLES",1,1,2
" 10","BELLAVISTA-LA PALMERA","MEXICO","EXTRANJEROS",2,1,3
" 10","BELLAVISTA-LA PALMERA","MEXICO","TOTAL POBLACION",3,2,5
" 10","BELLAVISTA-LA PALMERA","NICARAGUA","EXTRANJEROS",5,20,25
" 10","BELLAVISTA-LA PALMERA","NICARAGUA","TOTAL POBLACION",5,20,25
" 10","BELLAVISTA-LA PALMERA","NIGERIA","ESPA�OLES",1,0,1
" 10","BELLAVISTA-LA PALMERA","NIGERIA","EXTRANJEROS",0,6,6
" 10","BELLAVISTA-LA PALMERA","NIGERIA","TOTAL POBLACION",1,6,7
" 10","BELLAVISTA-LA PALMERA","PARAGUAY","EXTRANJEROS",0,2,2
" 10","BELLAVISTA-LA PALMERA","PARAGUAY","TOTAL POBLACION",0,2,2
" 10","BELLAVISTA-LA PALMERA","PERU","EXTRANJEROS",0,3,3
" 10","BELLAVISTA-LA PALMERA","PERU","TOTAL POBLACION",0,3,3
" 10","BELLAVISTA-LA PALMERA","POLONIA","EXTRANJEROS",0,1,1
" 10","BELLAVISTA-LA PALMERA","POLONIA","TOTAL POBLACION",0,1,1
" 10","BELLAVISTA-LA PALMERA","PORTUGAL","ESPA�OLES",2,0,2
" 10","BELLAVISTA-LA PALMERA","PORTUGAL","EXTRANJEROS",0,1,1
" 10","BELLAVISTA-LA PALMERA","PORTUGAL","TOTAL POBLACION",2,1,3
" 10","BELLAVISTA-LA PALMERA","REINO UNIDO","ESPA�OLES",7,8,15
" 10","BELLAVISTA-LA PALMERA","REINO UNIDO","EXTRANJEROS",3,3,6
" 10","BELLAVISTA-LA PALMERA","REINO UNIDO","TOTAL POBLACION",10,11,21
" 10","BELLAVISTA-LA PALMERA","REPUBLICA DOMINICANA","ESPA�OLES",1,0,1
" 10","BELLAVISTA-LA PALMERA","REPUBLICA DOMINICANA","EXTRANJEROS",3,0,3
" 10","BELLAVISTA-LA PALMERA","REPUBLICA DOMINICANA","TOTAL POBLACION",4,0,4
" 10","BELLAVISTA-LA PALMERA","RUSIA","EXTRANJEROS",0,3,3
" 10","BELLAVISTA-LA PALMERA","RUSIA","TOTAL POBLACION",0,3,3
" 10","BELLAVISTA-LA PALMERA","SENEGAL","ESPA�OLES",0,1,1
" 10","BELLAVISTA-LA PALMERA","SENEGAL","EXTRANJEROS",2,0,2
" 10","BELLAVISTA-LA PALMERA","SENEGAL","TOTAL POBLACION",2,1,3
" 10","BELLAVISTA-LA PALMERA","SERBIA","EXTRANJEROS",1,0,1
" 10","BELLAVISTA-LA PALMERA","SERBIA","TOTAL POBLACION",1,0,1
" 10","BELLAVISTA-LA PALMERA","SINGAPUR","ESPA�OLES",3,1,4
" 10","BELLAVISTA-LA PALMERA","SINGAPUR","EXTRANJEROS",0,1,1
" 10","BELLAVISTA-LA PALMERA","SINGAPUR","TOTAL POBLACION",3,2,5
" 10","BELLAVISTA-LA PALMERA","SUIZA","EXTRANJEROS",2,2,4
" 10","BELLAVISTA-LA PALMERA","SUIZA","TOTAL POBLACION",2,2,4
" 10","BELLAVISTA-LA PALMERA","TURQUIA","EXTRANJEROS",0,1,1
" 10","BELLAVISTA-LA PALMERA","TURQUIA","TOTAL POBLACION",0,1,1
" 10","BELLAVISTA-LA PALMERA","UCRANIA","ESPA�OLES",0,1,1
" 10","BELLAVISTA-LA PALMERA","UCRANIA","EXTRANJEROS",4,4,8
" 10","BELLAVISTA-LA PALMERA","UCRANIA","TOTAL POBLACION",4,5,9
" 10","BELLAVISTA-LA PALMERA","VENEZUELA","ESPA�OLES",1,7,8
" 10","BELLAVISTA-LA PALMERA","VENEZUELA","EXTRANJEROS",9,10,19
" 10","BELLAVISTA-LA PALMERA","VENEZUELA","TOTAL POBLACION",10,17,27
" 11","LOS REMEDIOS","- TODOS -","ESPA�OLES",309,342,651
" 11","LOS REMEDIOS","- TODOS -","EXTRANJEROS",53,87,140
" 11","LOS REMEDIOS","- TODOS -","TOTAL POBLACION",362,429,791
" 11","LOS REMEDIOS","ALEMANIA","ESPA�OLES",0,1,1
" 11","LOS REMEDIOS","ALEMANIA","EXTRANJEROS",1,3,4
" 11","LOS REMEDIOS","ALEMANIA","TOTAL POBLACION",1,4,5
" 11","LOS REMEDIOS","ARGENTINA","ESPA�OLES",0,1,1
" 11","LOS REMEDIOS","ARGENTINA","EXTRANJEROS",0,3,3
" 11","LOS REMEDIOS","ARGENTINA","TOTAL POBLACION",0,4,4
" 11","LOS REMEDIOS","BOLIVIA","ESPA�OLES",2,4,6
" 11","LOS REMEDIOS","BOLIVIA","EXTRANJEROS",1,0,1
" 11","LOS REMEDIOS","BOLIVIA","TOTAL POBLACION",3,4,7
" 11","LOS REMEDIOS","BRASIL","EXTRANJEROS",1,1,2
" 11","LOS REMEDIOS","BRASIL","TOTAL POBLACION",1,1,2
" 11","LOS REMEDIOS","CAMERUN","EXTRANJEROS",1,0,1
" 11","LOS REMEDIOS","CAMERUN","TOTAL POBLACION",1,0,1
" 11","LOS REMEDIOS","CHILE","ESPA�OLES",1,1,2
" 11","LOS REMEDIOS","CHILE","EXTRANJEROS",0,1,1
" 11","LOS REMEDIOS","CHILE","TOTAL POBLACION",1,2,3
" 11","LOS REMEDIOS","CHINA","EXTRANJEROS",3,6,9
" 11","LOS REMEDIOS","CHINA","TOTAL POBLACION",3,6,9
" 11","LOS REMEDIOS","COLOMBIA","EXTRANJEROS",3,2,5
" 11","LOS REMEDIOS","COLOMBIA","TOTAL POBLACION",3,2,5
" 11","LOS REMEDIOS","COSTA RICA","ESPA�OLES",1,0,1
" 11","LOS REMEDIOS","COSTA RICA","TOTAL POBLACION",1,0,1
" 11","LOS REMEDIOS","ECUADOR","ESPA�OLES",1,0,1
" 11","LOS REMEDIOS","ECUADOR","EXTRANJEROS",1,0,1
" 11","LOS REMEDIOS","ECUADOR","TOTAL POBLACION",2,0,2
" 11","LOS REMEDIOS","EL SALVADOR","EXTRANJEROS",0,3,3
" 11","LOS REMEDIOS","EL SALVADOR","TOTAL POBLACION",0,3,3
" 11","LOS REMEDIOS","ESLOVENIA","EXTRANJEROS",0,1,1
" 11","LOS REMEDIOS","ESLOVENIA","TOTAL POBLACION",0,1,1
" 11","LOS REMEDIOS","ESPA�A","ESPA�OLES",286,327,613
" 11","LOS REMEDIOS","ESPA�A","EXTRANJEROS",23,25,48
" 11","LOS REMEDIOS","ESPA�A","TOTAL POBLACION",309,352,661
" 11","LOS REMEDIOS","ESTADOS UNIDOS DE AMERICA","ESPA�OLES",3,2,5
" 11","LOS REMEDIOS","ESTADOS UNIDOS DE AMERICA","TOTAL POBLACION",3,2,5
" 11","LOS REMEDIOS","FILIPINAS","EXTRANJEROS",0,1,1
" 11","LOS REMEDIOS","FILIPINAS","TOTAL POBLACION",0,1,1
" 11","LOS REMEDIOS","FRANCIA","ESPA�OLES",2,1,3
" 11","LOS REMEDIOS","FRANCIA","EXTRANJEROS",1,4,5
" 11","LOS REMEDIOS","FRANCIA","TOTAL POBLACION",3,5,8
" 11","LOS REMEDIOS","GRANADA","EXTRANJEROS",0,1,1
" 11","LOS REMEDIOS","GRANADA","TOTAL POBLACION",0,1,1
" 11","LOS REMEDIOS","GUATEMALA","EXTRANJEROS",0,4,4
" 11","LOS REMEDIOS","GUATEMALA","TOTAL POBLACION",0,4,4
" 11","LOS REMEDIOS","HONDURAS","EXTRANJEROS",0,2,2
" 11","LOS REMEDIOS","HONDURAS","TOTAL POBLACION",0,2,2
" 11","LOS REMEDIOS","ITALIA","ESPA�OLES",1,0,1
" 11","LOS REMEDIOS","ITALIA","EXTRANJEROS",0,1,1
" 11","LOS REMEDIOS","ITALIA","TOTAL POBLACION",1,1,2
" 11","LOS REMEDIOS","JAPON","ESPA�OLES",1,0,1
" 11","LOS REMEDIOS","JAPON","TOTAL POBLACION",1,0,1
" 11","LOS REMEDIOS","LIBANO","ESPA�OLES",1,0,1
" 11","LOS REMEDIOS","LIBANO","TOTAL POBLACION",1,0,1
" 11","LOS REMEDIOS","MARRUECOS","EXTRANJEROS",0,1,1
" 11","LOS REMEDIOS","MARRUECOS","TOTAL POBLACION",0,1,1
" 11","LOS REMEDIOS","MEXICO","ESPA�OLES",3,1,4
" 11","LOS REMEDIOS","MEXICO","EXTRANJEROS",0,1,1
" 11","LOS REMEDIOS","MEXICO","TOTAL POBLACION",3,2,5
" 11","LOS REMEDIOS","NICARAGUA","EXTRANJEROS",6,4,10
" 11","LOS REMEDIOS","NICARAGUA","TOTAL POBLACION",6,4,10
" 11","LOS REMEDIOS","PARAGUAY","EXTRANJEROS",1,2,3
" 11","LOS REMEDIOS","PARAGUAY","TOTAL POBLACION",1,2,3
" 11","LOS REMEDIOS","PERU","ESPA�OLES",1,1,2
" 11","LOS REMEDIOS","PERU","EXTRANJEROS",1,3,4
" 11","LOS REMEDIOS","PERU","TOTAL POBLACION",2,4,6
" 11","LOS REMEDIOS","PORTUGAL","EXTRANJEROS",0,1,1
" 11","LOS REMEDIOS","PORTUGAL","TOTAL POBLACION",0,1,1
" 11","LOS REMEDIOS","QATAR","ESPA�OLES",1,0,1
" 11","LOS REMEDIOS","QATAR","TOTAL POBLACION",1,0,1
" 11","LOS REMEDIOS","REINO UNIDO","ESPA�OLES",4,1,5
" 11","LOS REMEDIOS","REINO UNIDO","EXTRANJEROS",1,2,3
" 11","LOS REMEDIOS","REINO UNIDO","TOTAL POBLACION",5,3,8
" 11","LOS REMEDIOS","REPUBLICA DOMINICANA","ESPA�OLES",0,1,1
" 11","LOS REMEDIOS","REPUBLICA DOMINICANA","EXTRANJEROS",5,4,9
" 11","LOS REMEDIOS","REPUBLICA DOMINICANA","TOTAL POBLACION",5,5,10
" 11","LOS REMEDIOS","RUMANIA","ESPA�OLES",1,0,1
" 11","LOS REMEDIOS","RUMANIA","EXTRANJEROS",0,4,4
" 11","LOS REMEDIOS","RUMANIA","TOTAL POBLACION",1,4,5
" 11","LOS REMEDIOS","TURQUIA","ESPA�OLES",0,1,1
" 11","LOS REMEDIOS","TURQUIA","TOTAL POBLACION",0,1,1
" 11","LOS REMEDIOS","VENEZUELA","EXTRANJEROS",4,7,11
" 11","LOS REMEDIOS","VENEZUELA","TOTAL POBLACION",4,7,11
"00","TOTAL MUNICIPIO","- TODOS -","ESPA�OLES",6400,6545,12945
"00","TOTAL MUNICIPIO","- TODOS -","EXTRANJEROS",2742,3244,5986
"00","TOTAL MUNICIPIO","- TODOS -","TOTAL POBLACION",9142,9789,18931
"00","TOTAL MUNICIPIO","AFGANISTAN","EXTRANJEROS",6,0,6
"00","TOTAL MUNICIPIO","AFGANISTAN","TOTAL POBLACION",6,0,6
"00","TOTAL MUNICIPIO","ALBANIA","EXTRANJEROS",3,0,3
"00","TOTAL MUNICIPIO","ALBANIA","TOTAL POBLACION",3,0,3
"00","TOTAL MUNICIPIO","ALEMANIA","ESPA�OLES",27,21,48
"00","TOTAL MUNICIPIO","ALEMANIA","EXTRANJEROS",15,33,48
"00","TOTAL MUNICIPIO","ALEMANIA","TOTAL POBLACION",42,54,96
"00","TOTAL MUNICIPIO","ANGOLA","EXTRANJEROS",1,1,2
"00","TOTAL MUNICIPIO","ANGOLA","TOTAL POBLACION",1,1,2
"00","TOTAL MUNICIPIO","ARABIA SAUDITA","ESPA�OLES",2,2,4
"00","TOTAL MUNICIPIO","ARABIA SAUDITA","TOTAL POBLACION",2,2,4
"00","TOTAL MUNICIPIO","ARGELIA","EXTRANJEROS",16,5,21
"00","TOTAL MUNICIPIO","ARGELIA","TOTAL POBLACION",16,5,21
"00","TOTAL MUNICIPIO","ARGENTINA","ESPA�OLES",12,12,24
"00","TOTAL MUNICIPIO","ARGENTINA","EXTRANJEROS",21,25,46
"00","TOTAL MUNICIPIO","ARGENTINA","TOTAL POBLACION",33,37,70
"00","TOTAL MUNICIPIO","ARMENIA","EXTRANJEROS",4,3,7
"00","TOTAL MUNICIPIO","ARMENIA","TOTAL POBLACION",4,3,7
"00","TOTAL MUNICIPIO","AUSTRALIA","ESPA�OLES",1,1,2
"00","TOTAL MUNICIPIO","AUSTRALIA","EXTRANJEROS",8,5,13
"00","TOTAL MUNICIPIO","AUSTRALIA","TOTAL POBLACION",9,6,15
"00","TOTAL MUNICIPIO","AUSTRIA","ESPA�OLES",2,1,3
"00","TOTAL MUNICIPIO","AUSTRIA","EXTRANJEROS",2,0,2
"00","TOTAL MUNICIPIO","AUSTRIA","TOTAL POBLACION",4,1,5
"00","TOTAL MUNICIPIO","AZERBAIYAN","EXTRANJEROS",3,1,4
"00","TOTAL MUNICIPIO","AZERBAIYAN","TOTAL POBLACION",3,1,4
"00","TOTAL MUNICIPIO","BANGLA-DESH","EXTRANJEROS",2,1,3
"00","TOTAL MUNICIPIO","BANGLA-DESH","TOTAL POBLACION",2,1,3
"00","TOTAL MUNICIPIO","BELGICA","ESPA�OLES",7,8,15
"00","TOTAL MUNICIPIO","BELGICA","EXTRANJEROS",5,16,21
"00","TOTAL MUNICIPIO","BELGICA","TOTAL POBLACION",12,24,36
"00","TOTAL MUNICIPIO","BENIN","ESPA�OLES",1,0,1
"00","TOTAL MUNICIPIO","BENIN","EXTRANJEROS",0,1,1
"00","TOTAL MUNICIPIO","BENIN","TOTAL POBLACION",1,1,2
"00","TOTAL MUNICIPIO","BIELORUSIA","EXTRANJEROS",0,4,4
"00","TOTAL MUNICIPIO","BIELORUSIA","TOTAL POBLACION",0,4,4
"00","TOTAL MUNICIPIO","BOLIVIA","ESPA�OLES",16,24,40
"00","TOTAL MUNICIPIO","BOLIVIA","EXTRANJEROS",32,44,76
"00","TOTAL MUNICIPIO","BOLIVIA","TOTAL POBLACION",48,68,116
"00","TOTAL MUNICIPIO","BRASIL","ESPA�OLES",18,13,31
"00","TOTAL MUNICIPIO","BRASIL","EXTRANJEROS",51,61,112
"00","TOTAL MUNICIPIO","BRASIL","TOTAL POBLACION",69,74,143
"00","TOTAL MUNICIPIO","BULGARIA","EXTRANJEROS",2,2,4
"00","TOTAL MUNICIPIO","BULGARIA","TOTAL POBLACION",2,2,4
"00","TOTAL MUNICIPIO","BURKINA FASSO","EXTRANJEROS",1,0,1
"00","TOTAL MUNICIPIO","BURKINA FASSO","TOTAL POBLACION",1,0,1
"00","TOTAL MUNICIPIO","CAMERUN","EXTRANJEROS",26,18,44
"00","TOTAL MUNICIPIO","CAMERUN","TOTAL POBLACION",26,18,44
"00","TOTAL MUNICIPIO","CANADA","EXTRANJEROS",5,7,12
"00","TOTAL MUNICIPIO","CANADA","TOTAL POBLACION",5,7,12
"00","TOTAL MUNICIPIO","CHILE","ESPA�OLES",14,13,27
"00","TOTAL MUNICIPIO","CHILE","EXTRANJEROS",7,12,19
"00","TOTAL MUNICIPIO","CHILE","TOTAL POBLACION",21,25,46
"00","TOTAL MUNICIPIO","CHINA","ESPA�OLES",7,4,11
"00","TOTAL MUNICIPIO","CHINA","EXTRANJEROS",37,58,95
"00","TOTAL MUNICIPIO","CHINA","TOTAL POBLACION",44,62,106
"00","TOTAL MUNICIPIO","CHIPRE","EXTRANJEROS",0,1,1
"00","TOTAL MUNICIPIO","CHIPRE","TOTAL POBLACION",0,1,1
"00","TOTAL MUNICIPIO","COLOMBIA","ESPA�OLES",13,15,28
"00","TOTAL MUNICIPIO","COLOMBIA","EXTRANJEROS",122,171,293
"00","TOTAL MUNICIPIO","COLOMBIA","TOTAL POBLACION",135,186,321
"00","TOTAL MUNICIPIO","CONGO","EXTRANJEROS",3,4,7
"00","TOTAL MUNICIPIO","CONGO","TOTAL POBLACION",3,4,7
"00","TOTAL MUNICIPIO","COSTA DE MARFIL","EXTRANJEROS",22,8,30
"00","TOTAL MUNICIPIO","COSTA DE MARFIL","TOTAL POBLACION",22,8,30
"00","TOTAL MUNICIPIO","COSTA RICA","ESPA�OLES",2,0,2
"00","TOTAL MUNICIPIO","COSTA RICA","EXTRANJEROS",2,7,9
"00","TOTAL MUNICIPIO","COSTA RICA","TOTAL POBLACION",4,7,11
"00","TOTAL MUNICIPIO","CROACIA","EXTRANJEROS",0,1,1
"00","TOTAL MUNICIPIO","CROACIA","TOTAL POBLACION",0,1,1
"00","TOTAL MUNICIPIO","CUBA","ESPA�OLES",4,7,11
"00","TOTAL MUNICIPIO","CUBA","EXTRANJEROS",25,20,45
"00","TOTAL MUNICIPIO","CUBA","TOTAL POBLACION",29,27,56
"00","TOTAL MUNICIPIO","DINAMARCA","ESPA�OLES",0,2,2
"00","TOTAL MUNICIPIO","DINAMARCA","EXTRANJEROS",1,2,3
"00","TOTAL MUNICIPIO","DINAMARCA","TOTAL POBLACION",1,4,5
"00","TOTAL MUNICIPIO","ECUADOR","ESPA�OLES",21,32,53
"00","TOTAL MUNICIPIO","ECUADOR","EXTRANJEROS",36,28,64
"00","TOTAL MUNICIPIO","ECUADOR","TOTAL POBLACION",57,60,117
"00","TOTAL MUNICIPIO","EL SALVADOR","EXTRANJEROS",38,53,91
"00","TOTAL MUNICIPIO","EL SALVADOR","TOTAL POBLACION",38,53,91
"00","TOTAL MUNICIPIO","EMIRATOS ARABES UNIDOS","ESPA�OLES",5,3,8
"00","TOTAL MUNICIPIO","EMIRATOS ARABES UNIDOS","EXTRANJEROS",1,2,3
"00","TOTAL MUNICIPIO","EMIRATOS ARABES UNIDOS","TOTAL POBLACION",6,5,11
"00","TOTAL MUNICIPIO","ESLOVAQUIA","EXTRANJEROS",0,1,1
"00","TOTAL MUNICIPIO","ESLOVAQUIA","TOTAL POBLACION",0,1,1
"00","TOTAL MUNICIPIO","ESLOVENIA","EXTRANJEROS",0,1,1
"00","TOTAL MUNICIPIO","ESLOVENIA","TOTAL POBLACION",0,1,1
"00","TOTAL MUNICIPIO","ESPA�A","ESPA�OLES",6005,6168,12173
"00","TOTAL MUNICIPIO","ESPA�A","EXTRANJEROS",985,1079,2064
"00","TOTAL MUNICIPIO","ESPA�A","TOTAL POBLACION",6990,7247,14237
"00","TOTAL MUNICIPIO","ESTADOS UNIDOS DE AMERICA","ESPA�OLES",22,32,54
"00","TOTAL MUNICIPIO","ESTADOS UNIDOS DE AMERICA","EXTRANJEROS",42,56,98
"00","TOTAL MUNICIPIO","ESTADOS UNIDOS DE AMERICA","TOTAL POBLACION",64,88,152
"00","TOTAL MUNICIPIO","FILIPINAS","ESPA�OLES",1,2,3
"00","TOTAL MUNICIPIO","FILIPINAS","EXTRANJEROS",10,20,30
"00","TOTAL MUNICIPIO","FILIPINAS","TOTAL POBLACION",11,22,33
"00","TOTAL MUNICIPIO","FINLANDIA","ESPA�OLES",1,0,1
"00","TOTAL MUNICIPIO","FINLANDIA","EXTRANJEROS",1,0,1
"00","TOTAL MUNICIPIO","FINLANDIA","TOTAL POBLACION",2,0,2
"00","TOTAL MUNICIPIO","FRANCIA","ESPA�OLES",18,22,40
"00","TOTAL MUNICIPIO","FRANCIA","EXTRANJEROS",36,49,85
"00","TOTAL MUNICIPIO","FRANCIA","TOTAL POBLACION",54,71,125
"00","TOTAL MUNICIPIO","GAMBIA","EXTRANJEROS",10,3,13
"00","TOTAL MUNICIPIO","GAMBIA","TOTAL POBLACION",10,3,13
"00","TOTAL MUNICIPIO","GEORGIA","EXTRANJEROS",2,4,6
"00","TOTAL MUNICIPIO","GEORGIA","TOTAL POBLACION",2,4,6
"00","TOTAL MUNICIPIO","GHANA","ESPA�OLES",0,1,1
"00","TOTAL MUNICIPIO","GHANA","EXTRANJEROS",6,3,9
"00","TOTAL MUNICIPIO","GHANA","TOTAL POBLACION",6,4,10
"00","TOTAL MUNICIPIO","GRANADA","ESPA�OLES",1,1,2
"00","TOTAL MUNICIPIO","GRANADA","EXTRANJEROS",1,1,2
"00","TOTAL MUNICIPIO","GRANADA","TOTAL POBLACION",2,2,4
"00","TOTAL MUNICIPIO","GRECIA","EXTRANJEROS",2,4,6
"00","TOTAL MUNICIPIO","GRECIA","TOTAL POBLACION",2,4,6
"00","TOTAL MUNICIPIO","GUATEMALA","ESPA�OLES",2,1,3
"00","TOTAL MUNICIPIO","GUATEMALA","EXTRANJEROS",12,14,26
"00","TOTAL MUNICIPIO","GUATEMALA","TOTAL POBLACION",14,15,29
"00","TOTAL MUNICIPIO","GUINEA","EXTRANJEROS",30,3,33
"00","TOTAL MUNICIPIO","GUINEA","TOTAL POBLACION",30,3,33
"00","TOTAL MUNICIPIO","GUINEA BISSAU","EXTRANJEROS",0,1,1
"00","TOTAL MUNICIPIO","GUINEA BISSAU","TOTAL POBLACION",0,1,1
"00","TOTAL MUNICIPIO","GUINEA ECUATORIAL","ESPA�OLES",2,0,2
"00","TOTAL MUNICIPIO","GUINEA ECUATORIAL","EXTRANJEROS",4,1,5
"00","TOTAL MUNICIPIO","GUINEA ECUATORIAL","TOTAL POBLACION",6,1,7
"00","TOTAL MUNICIPIO","HONDURAS","ESPA�OLES",3,1,4
"00","TOTAL MUNICIPIO","HONDURAS","EXTRANJEROS",52,124,176
"00","TOTAL MUNICIPIO","HONDURAS","TOTAL POBLACION",55,125,180
"00","TOTAL MUNICIPIO","HUNGRIA","EXTRANJEROS",2,2,4
"00","TOTAL MUNICIPIO","HUNGRIA","TOTAL POBLACION",2,2,4
"00","TOTAL MUNICIPIO","INDIA","ESPA�OLES",2,1,3
"00","TOTAL MUNICIPIO","INDIA","EXTRANJEROS",5,4,9
"00","TOTAL MUNICIPIO","INDIA","TOTAL POBLACION",7,5,12
"00","TOTAL MUNICIPIO","INDONESIA","ESPA�OLES",1,0,1
"00","TOTAL MUNICIPIO","INDONESIA","EXTRANJEROS",1,0,1
"00","TOTAL MUNICIPIO","INDONESIA","TOTAL POBLACION",2,0,2
"00","TOTAL MUNICIPIO","IRAK","EXTRANJEROS",9,8,17
"00","TOTAL MUNICIPIO","IRAK","TOTAL POBLACION",9,8,17
"00","TOTAL MUNICIPIO","IRAN","EXTRANJEROS",3,1,4
"00","TOTAL MUNICIPIO","IRAN","TOTAL POBLACION",3,1,4
"00","TOTAL MUNICIPIO","IRLANDA","ESPA�OLES",3,1,4
"00","TOTAL MUNICIPIO","IRLANDA","EXTRANJEROS",8,6,14
"00","TOTAL MUNICIPIO","IRLANDA","TOTAL POBLACION",11,7,18
"00","TOTAL MUNICIPIO","ISLANDIA","EXTRANJEROS",2,1,3
"00","TOTAL MUNICIPIO","ISLANDIA","TOTAL POBLACION",2,1,3
"00","TOTAL MUNICIPIO","ISRAEL","ESPA�OLES",1,0,1
"00","TOTAL MUNICIPIO","ISRAEL","EXTRANJEROS",2,1,3
"00","TOTAL MUNICIPIO","ISRAEL","TOTAL POBLACION",3,1,4
"00","TOTAL MUNICIPIO","ITALIA","ESPA�OLES",7,6,13
"00","TOTAL MUNICIPIO","ITALIA","EXTRANJEROS",61,65,126
"00","TOTAL MUNICIPIO","ITALIA","TOTAL POBLACION",68,71,139
"00","TOTAL MUNICIPIO","JAMAICA","ESPA�OLES",3,1,4
"00","TOTAL MUNICIPIO","JAMAICA","EXTRANJEROS",1,0,1
"00","TOTAL MUNICIPIO","JAMAICA","TOTAL POBLACION",4,1,5
"00","TOTAL MUNICIPIO","JAPON","ESPA�OLES",1,1,2
"00","TOTAL MUNICIPIO","JAPON","EXTRANJEROS",2,5,7
"00","TOTAL MUNICIPIO","JAPON","TOTAL POBLACION",3,6,9
"00","TOTAL MUNICIPIO","JORDANIA","ESPA�OLES",1,0,1
"00","TOTAL MUNICIPIO","JORDANIA","EXTRANJEROS",2,1,3
"00","TOTAL MUNICIPIO","JORDANIA","TOTAL POBLACION",3,1,4
"00","TOTAL MUNICIPIO","KAZAJSTAN","EXTRANJEROS",0,1,1
"00","TOTAL MUNICIPIO","KAZAJSTAN","TOTAL POBLACION",0,1,1
"00","TOTAL MUNICIPIO","LETONIA","EXTRANJEROS",1,1,2
"00","TOTAL MUNICIPIO","LETONIA","TOTAL POBLACION",1,1,2
"00","TOTAL MUNICIPIO","LIBANO","ESPA�OLES",1,0,1
"00","TOTAL MUNICIPIO","LIBANO","EXTRANJEROS",15,14,29
"00","TOTAL MUNICIPIO","LIBANO","TOTAL POBLACION",16,14,30
"00","TOTAL MUNICIPIO","LIBIA","EXTRANJEROS",1,0,1
"00","TOTAL MUNICIPIO","LIBIA","TOTAL POBLACION",1,0,1
"00","TOTAL MUNICIPIO","LITUANIA","EXTRANJEROS",2,2,4
"00","TOTAL MUNICIPIO","LITUANIA","TOTAL POBLACION",2,2,4
"00","TOTAL MUNICIPIO","MACEDONIA","EXTRANJEROS",0,1,1
"00","TOTAL MUNICIPIO","MACEDONIA","TOTAL POBLACION",0,1,1
"00","TOTAL MUNICIPIO","MALI","EXTRANJEROS",6,0,6
"00","TOTAL MUNICIPIO","MALI","TOTAL POBLACION",6,0,6
"00","TOTAL MUNICIPIO","MALTA","ESPA�OLES",1,0,1
"00","TOTAL MUNICIPIO","MALTA","TOTAL POBLACION",1,0,1
"00","TOTAL MUNICIPIO","MARRUECOS","ESPA�OLES",12,10,22
"00","TOTAL MUNICIPIO","MARRUECOS","EXTRANJEROS",126,113,239
"00","TOTAL MUNICIPIO","MARRUECOS","TOTAL POBLACION",138,123,261
"00","TOTAL MUNICIPIO","MAURITANIA","EXTRANJEROS",1,0,1
"00","TOTAL MUNICIPIO","MAURITANIA","TOTAL POBLACION",1,0,1
"00","TOTAL MUNICIPIO","MEXICO","ESPA�OLES",13,10,23
"00","TOTAL MUNICIPIO","MEXICO","EXTRANJEROS",23,29,52
"00","TOTAL MUNICIPIO","MEXICO","TOTAL POBLACION",36,39,75
"00","TOTAL MUNICIPIO","MOLDAVIA","EXTRANJEROS",1,1,2
"00","TOTAL MUNICIPIO","MOLDAVIA","TOTAL POBLACION",1,1,2
"00","TOTAL MUNICIPIO","NAMIBIA","EXTRANJEROS",0,1,1
"00","TOTAL MUNICIPIO","NAMIBIA","TOTAL POBLACION",0,1,1
"00","TOTAL MUNICIPIO","NEPAL","EXTRANJEROS",1,0,1
"00","TOTAL MUNICIPIO","NEPAL","TOTAL POBLACION",1,0,1
"00","TOTAL MUNICIPIO","NICARAGUA","ESPA�OLES",1,0,1
"00","TOTAL MUNICIPIO","NICARAGUA","EXTRANJEROS",124,305,429
"00","TOTAL MUNICIPIO","NICARAGUA","TOTAL POBLACION",125,305,430
"00","TOTAL MUNICIPIO","NIGERIA","ESPA�OLES",1,3,4
"00","TOTAL MUNICIPIO","NIGERIA","EXTRANJEROS",18,16,34
"00","TOTAL MUNICIPIO","NIGERIA","TOTAL POBLACION",19,19,38
"00","TOTAL MUNICIPIO","NORUEGA","EXTRANJEROS",2,0,2
"00","TOTAL MUNICIPIO","NORUEGA","TOTAL POBLACION",2,0,2
"00","TOTAL MUNICIPIO","NUEVA ZELANDA","EXTRANJEROS",1,1,2
"00","TOTAL MUNICIPIO","NUEVA ZELANDA","TOTAL POBLACION",1,1,2
"00","TOTAL MUNICIPIO","OMAN","ESPA�OLES",3,0,3
"00","TOTAL MUNICIPIO","OMAN","TOTAL POBLACION",3,0,3
"00","TOTAL MUNICIPIO","OTROS AFRICA SIN RELACION DIPL","EXTRANJEROS",1,0,1
"00","TOTAL MUNICIPIO","OTROS AFRICA SIN RELACION DIPL","TOTAL POBLACION",1,0,1
"00","TOTAL MUNICIPIO","OTROS PAISES SIN RELACION DIPLOMATICA","EXTRANJEROS",2,0,2
"00","TOTAL MUNICIPIO","OTROS PAISES SIN RELACION DIPLOMATICA","TOTAL POBLACION",2,0,2
"00","TOTAL MUNICIPIO","PAISES BAJOS","ESPA�OLES",5,7,12
"00","TOTAL MUNICIPIO","PAISES BAJOS","EXTRANJEROS",7,10,17
"00","TOTAL MUNICIPIO","PAISES BAJOS","TOTAL POBLACION",12,17,29
"00","TOTAL MUNICIPIO","PAKISTAN","EXTRANJEROS",20,8,28
"00","TOTAL MUNICIPIO","PAKISTAN","TOTAL POBLACION",20,8,28
"00","TOTAL MUNICIPIO","PALESTINA. ESTADO OBSERVADOR, NO MIEMBRO DE NACIONES UNIDAS","EXTRANJEROS",11,4,15
"00","TOTAL MUNICIPIO","PALESTINA. ESTADO OBSERVADOR, NO MIEMBRO DE NACIONES UNIDAS","TOTAL POBLACION",11,4,15
"00","TOTAL MUNICIPIO","PANAMA","ESPA�OLES",1,0,1
"00","TOTAL MUNICIPIO","PANAMA","EXTRANJEROS",2,5,7
"00","TOTAL MUNICIPIO","PANAMA","TOTAL POBLACION",3,5,8
"00","TOTAL MUNICIPIO","PARAGUAY","ESPA�OLES",1,2,3
"00","TOTAL MUNICIPIO","PARAGUAY","EXTRANJEROS",36,69,105
"00","TOTAL MUNICIPIO","PARAGUAY","TOTAL POBLACION",37,71,108
"00","TOTAL MUNICIPIO","PERU","ESPA�OLES",17,15,32
"00","TOTAL MUNICIPIO","PERU","EXTRANJEROS",57,81,138
"00","TOTAL MUNICIPIO","PERU","TOTAL POBLACION",74,96,170
"00","TOTAL MUNICIPIO","POLONIA","ESPA�OLES",2,2,4
"00","TOTAL MUNICIPIO","POLONIA","EXTRANJEROS",5,8,13
"00","TOTAL MUNICIPIO","POLONIA","TOTAL POBLACION",7,10,17
"00","TOTAL MUNICIPIO","PORTUGAL","ESPA�OLES",6,3,9
"00","TOTAL MUNICIPIO","PORTUGAL","EXTRANJEROS",13,11,24
"00","TOTAL MUNICIPIO","PORTUGAL","TOTAL POBLACION",19,14,33
"00","TOTAL MUNICIPIO","PRINCIPADO DE ANDORRA","ESPA�OLES",1,0,1
"00","TOTAL MUNICIPIO","PRINCIPADO DE ANDORRA","EXTRANJEROS",0,1,1
"00","TOTAL MUNICIPIO","PRINCIPADO DE ANDORRA","TOTAL POBLACION",1,1,2
"00","TOTAL MUNICIPIO","QATAR","ESPA�OLES",2,0,2
"00","TOTAL MUNICIPIO","QATAR","TOTAL POBLACION",2,0,2
"00","TOTAL MUNICIPIO","REINO UNIDO","ESPA�OLES",37,35,72
"00","TOTAL MUNICIPIO","REINO UNIDO","EXTRANJEROS",45,34,79
"00","TOTAL MUNICIPIO","REINO UNIDO","TOTAL POBLACION",82,69,151
"00","TOTAL MUNICIPIO","REPUBLICA CENTROAFRICANA","EXTRANJEROS",2,0,2
"00","TOTAL MUNICIPIO","REPUBLICA CENTROAFRICANA","TOTAL POBLACION",2,0,2
"00","TOTAL MUNICIPIO","REPUBLICA CHECA","EXTRANJEROS",1,1,2
"00","TOTAL MUNICIPIO","REPUBLICA CHECA","TOTAL POBLACION",1,1,2
"00","TOTAL MUNICIPIO","REPUBLICA DE COREA","EXTRANJEROS",5,6,11
"00","TOTAL MUNICIPIO","REPUBLICA DE COREA","TOTAL POBLACION",5,6,11
"00","TOTAL MUNICIPIO","REPUBLICA DEMOCRATICA DEL CONGO","EXTRANJEROS",1,1,2
"00","TOTAL MUNICIPIO","REPUBLICA DEMOCRATICA DEL CONGO","TOTAL POBLACION",1,1,2
"00","TOTAL MUNICIPIO","REPUBLICA DOMINICANA","ESPA�OLES",5,5,10
"00","TOTAL MUNICIPIO","REPUBLICA DOMINICANA","EXTRANJEROS",33,43,76
"00","TOTAL MUNICIPIO","REPUBLICA DOMINICANA","TOTAL POBLACION",38,48,86
"00","TOTAL MUNICIPIO","REPUBLICA SUDAFRICANA","ESPA�OLES",3,1,4
"00","TOTAL MUNICIPIO","REPUBLICA SUDAFRICANA","TOTAL POBLACION",3,1,4
"00","TOTAL MUNICIPIO","RUMANIA","ESPA�OLES",2,2,4
"00","TOTAL MUNICIPIO","RUMANIA","EXTRANJEROS",37,49,86
"00","TOTAL MUNICIPIO","RUMANIA","TOTAL POBLACION",39,51,90
"00","TOTAL MUNICIPIO","RUSIA","ESPA�OLES",3,0,3
"00","TOTAL MUNICIPIO","RUSIA","EXTRANJEROS",9,38,47
"00","TOTAL MUNICIPIO","RUSIA","TOTAL POBLACION",12,38,50
"00","TOTAL MUNICIPIO","SENEGAL","ESPA�OLES",5,4,9
"00","TOTAL MUNICIPIO","SENEGAL","EXTRANJEROS",41,11,52
"00","TOTAL MUNICIPIO","SENEGAL","TOTAL POBLACION",46,15,61
"00","TOTAL MUNICIPIO","SERBIA","EXTRANJEROS",3,0,3
"00","TOTAL MUNICIPIO","SERBIA","TOTAL POBLACION",3,0,3
"00","TOTAL MUNICIPIO","SIERRA LEONA","EXTRANJEROS",1,0,1
"00","TOTAL MUNICIPIO","SIERRA LEONA","TOTAL POBLACION",1,0,1
"00","TOTAL MUNICIPIO","SINGAPUR","ESPA�OLES",3,1,4
"00","TOTAL MUNICIPIO","SINGAPUR","EXTRANJEROS",0,1,1
"00","TOTAL MUNICIPIO","SINGAPUR","TOTAL POBLACION",3,2,5
"00","TOTAL MUNICIPIO","SIRIA","ESPA�OLES",1,1,2
"00","TOTAL MUNICIPIO","SIRIA","EXTRANJEROS",43,29,72
"00","TOTAL MUNICIPIO","SIRIA","TOTAL POBLACION",44,30,74
"00","TOTAL MUNICIPIO","SRI-LANKA","EXTRANJEROS",1,0,1
"00","TOTAL MUNICIPIO","SRI-LANKA","TOTAL POBLACION",1,0,1
"00","TOTAL MUNICIPIO","SUECIA","ESPA�OLES",2,0,2
"00","TOTAL MUNICIPIO","SUECIA","EXTRANJEROS",0,3,3
"00","TOTAL MUNICIPIO","SUECIA","TOTAL POBLACION",2,3,5
"00","TOTAL MUNICIPIO","SUIZA","ESPA�OLES",10,4,14
"00","TOTAL MUNICIPIO","SUIZA","EXTRANJEROS",4,7,11
"00","TOTAL MUNICIPIO","SUIZA","TOTAL POBLACION",14,11,25
"00","TOTAL MUNICIPIO","TANZANIA","EXTRANJEROS",0,1,1
"00","TOTAL MUNICIPIO","TANZANIA","TOTAL POBLACION",0,1,1
"00","TOTAL MUNICIPIO","TOGO","EXTRANJEROS",1,0,1
"00","TOTAL MUNICIPIO","TOGO","TOTAL POBLACION",1,0,1
"00","TOTAL MUNICIPIO","TURQUIA","ESPA�OLES",1,2,3
"00","TOTAL MUNICIPIO","TURQUIA","EXTRANJEROS",4,5,9
"00","TOTAL MUNICIPIO","TURQUIA","TOTAL POBLACION",5,7,12
"00","TOTAL MUNICIPIO","UCRANIA","ESPA�OLES",0,3,3
"00","TOTAL MUNICIPIO","UCRANIA","EXTRANJEROS",63,76,139
"00","TOTAL MUNICIPIO","UCRANIA","TOTAL POBLACION",63,79,142
"00","TOTAL MUNICIPIO","URUGUAY","ESPA�OLES",7,8,15
"00","TOTAL MUNICIPIO","URUGUAY","EXTRANJEROS",5,8,13
"00","TOTAL MUNICIPIO","URUGUAY","TOTAL POBLACION",12,16,28
"00","TOTAL MUNICIPIO","VENEZUELA","ESPA�OLES",27,31,58
"00","TOTAL MUNICIPIO","VENEZUELA","EXTRANJEROS",176,196,372
"00","TOTAL MUNICIPIO","VENEZUELA","TOTAL POBLACION",203,227,430
"00","TOTAL MUNICIPIO","VIET-NAM","ESPA�OLES",1,0,1
"00","TOTAL MUNICIPIO","VIET-NAM","TOTAL POBLACION",1,0,1
"00","TOTAL MUNICIPIO","YEMEN","EXTRANJEROS",3,1,4
"00","TOTAL MUNICIPIO","YEMEN","TOTAL POBLACION",3,1,4
