"CD","DISTRITO","PROCEDENCIA","NACIONALIDAD","HOMBRES","MUJERES","TOTAL"
" 01","CASCO ANTIGUO","- TODOS -","ESPA�OLES",713,763,1476
" 01","CASCO ANTIGUO","- TODOS -","EXTRANJEROS",335,462,797
" 01","CASCO ANTIGUO","- TODOS -","TOTAL POBLACION",1048,1225,2273
" 01","CASCO ANTIGUO","ALEMANIA","ESPA�OLES",3,3,6
" 01","CASCO ANTIGUO","ALEMANIA","EXTRANJEROS",12,12,24
" 01","CASCO ANTIGUO","ALEMANIA","TOTAL POBLACION",15,15,30
" 01","CASCO ANTIGUO","ARABIA SAUDITA","ESPA�OLES",1,1,2
" 01","CASCO ANTIGUO","ARABIA SAUDITA","TOTAL POBLACION",1,1,2
" 01","CASCO ANTIGUO","ARGENTINA","ESPA�OLES",1,1,2
" 01","CASCO ANTIGUO","ARGENTINA","EXTRANJEROS",14,16,30
" 01","CASCO ANTIGUO","ARGENTINA","TOTAL POBLACION",15,17,32
" 01","CASCO ANTIGUO","ARMENIA","EXTRANJEROS",1,2,3
" 01","CASCO ANTIGUO","ARMENIA","TOTAL POBLACION",1,2,3
" 01","CASCO ANTIGUO","AUSTRALIA","ESPA�OLES",3,1,4
" 01","CASCO ANTIGUO","AUSTRALIA","EXTRANJEROS",2,2,4
" 01","CASCO ANTIGUO","AUSTRALIA","TOTAL POBLACION",5,3,8
" 01","CASCO ANTIGUO","AUSTRIA","ESPA�OLES",0,1,1
" 01","CASCO ANTIGUO","AUSTRIA","EXTRANJEROS",2,1,3
" 01","CASCO ANTIGUO","AUSTRIA","TOTAL POBLACION",2,2,4
" 01","CASCO ANTIGUO","BANGLA-DESH","EXTRANJEROS",1,0,1
" 01","CASCO ANTIGUO","BANGLA-DESH","TOTAL POBLACION",1,0,1
" 01","CASCO ANTIGUO","BELGICA","ESPA�OLES",2,5,7
" 01","CASCO ANTIGUO","BELGICA","EXTRANJEROS",2,11,13
" 01","CASCO ANTIGUO","BELGICA","TOTAL POBLACION",4,16,20
" 01","CASCO ANTIGUO","BOLIVIA","ESPA�OLES",2,0,2
" 01","CASCO ANTIGUO","BOLIVIA","TOTAL POBLACION",2,0,2
" 01","CASCO ANTIGUO","BRASIL","ESPA�OLES",1,1,2
" 01","CASCO ANTIGUO","BRASIL","EXTRANJEROS",6,18,24
" 01","CASCO ANTIGUO","BRASIL","TOTAL POBLACION",7,19,26
" 01","CASCO ANTIGUO","BURKINA FASSO","EXTRANJEROS",1,0,1
" 01","CASCO ANTIGUO","BURKINA FASSO","TOTAL POBLACION",1,0,1
" 01","CASCO ANTIGUO","CANADA","EXTRANJEROS",2,2,4
" 01","CASCO ANTIGUO","CANADA","TOTAL POBLACION",2,2,4
" 01","CASCO ANTIGUO","CHILE","ESPA�OLES",1,1,2
" 01","CASCO ANTIGUO","CHILE","EXTRANJEROS",4,0,4
" 01","CASCO ANTIGUO","CHILE","TOTAL POBLACION",5,1,6
" 01","CASCO ANTIGUO","CHINA","ESPA�OLES",1,0,1
" 01","CASCO ANTIGUO","CHINA","EXTRANJEROS",2,11,13
" 01","CASCO ANTIGUO","CHINA","TOTAL POBLACION",3,11,14
" 01","CASCO ANTIGUO","COLOMBIA","ESPA�OLES",2,2,4
" 01","CASCO ANTIGUO","COLOMBIA","EXTRANJEROS",5,8,13
" 01","CASCO ANTIGUO","COLOMBIA","TOTAL POBLACION",7,10,17
" 01","CASCO ANTIGUO","CUBA","ESPA�OLES",1,0,1
" 01","CASCO ANTIGUO","CUBA","EXTRANJEROS",4,1,5
" 01","CASCO ANTIGUO","CUBA","TOTAL POBLACION",5,1,6
" 01","CASCO ANTIGUO","DINAMARCA","EXTRANJEROS",2,0,2
" 01","CASCO ANTIGUO","DINAMARCA","TOTAL POBLACION",2,0,2
" 01","CASCO ANTIGUO","ECUADOR","ESPA�OLES",1,0,1
" 01","CASCO ANTIGUO","ECUADOR","EXTRANJEROS",1,3,4
" 01","CASCO ANTIGUO","ECUADOR","TOTAL POBLACION",2,3,5
" 01","CASCO ANTIGUO","EGIPTO","EXTRANJEROS",2,2,4
" 01","CASCO ANTIGUO","EGIPTO","TOTAL POBLACION",2,2,4
" 01","CASCO ANTIGUO","EL SALVADOR","EXTRANJEROS",2,4,6
" 01","CASCO ANTIGUO","EL SALVADOR","TOTAL POBLACION",2,4,6
" 01","CASCO ANTIGUO","ESLOVAQUIA","ESPA�OLES",1,1,2
" 01","CASCO ANTIGUO","ESLOVAQUIA","EXTRANJEROS",2,0,2
" 01","CASCO ANTIGUO","ESLOVAQUIA","TOTAL POBLACION",3,1,4
" 01","CASCO ANTIGUO","ESPA�A","ESPA�OLES",639,694,1333
" 01","CASCO ANTIGUO","ESPA�A","EXTRANJEROS",78,130,208
" 01","CASCO ANTIGUO","ESPA�A","TOTAL POBLACION",717,824,1541
" 01","CASCO ANTIGUO","ESTADOS UNIDOS DE AMERICA","ESPA�OLES",3,6,9
" 01","CASCO ANTIGUO","ESTADOS UNIDOS DE AMERICA","EXTRANJEROS",24,25,49
" 01","CASCO ANTIGUO","ESTADOS UNIDOS DE AMERICA","TOTAL POBLACION",27,31,58
" 01","CASCO ANTIGUO","FILIPINAS","ESPA�OLES",0,1,1
" 01","CASCO ANTIGUO","FILIPINAS","EXTRANJEROS",1,0,1
" 01","CASCO ANTIGUO","FILIPINAS","TOTAL POBLACION",1,1,2
" 01","CASCO ANTIGUO","FINLANDIA","ESPA�OLES",1,0,1
" 01","CASCO ANTIGUO","FINLANDIA","TOTAL POBLACION",1,0,1
" 01","CASCO ANTIGUO","FRANCIA","ESPA�OLES",5,3,8
" 01","CASCO ANTIGUO","FRANCIA","EXTRANJEROS",32,30,62
" 01","CASCO ANTIGUO","FRANCIA","TOTAL POBLACION",37,33,70
" 01","CASCO ANTIGUO","GRECIA","EXTRANJEROS",1,2,3
" 01","CASCO ANTIGUO","GRECIA","TOTAL POBLACION",1,2,3
" 01","CASCO ANTIGUO","GUINEA","EXTRANJEROS",1,0,1
" 01","CASCO ANTIGUO","GUINEA","TOTAL POBLACION",1,0,1
" 01","CASCO ANTIGUO","GUINEA ECUATORIAL","ESPA�OLES",1,1,2
" 01","CASCO ANTIGUO","GUINEA ECUATORIAL","TOTAL POBLACION",1,1,2
" 01","CASCO ANTIGUO","HONDURAS","EXTRANJEROS",0,12,12
" 01","CASCO ANTIGUO","HONDURAS","TOTAL POBLACION",0,12,12
" 01","CASCO ANTIGUO","HUNGRIA","EXTRANJEROS",2,2,4
" 01","CASCO ANTIGUO","HUNGRIA","TOTAL POBLACION",2,2,4
" 01","CASCO ANTIGUO","INDIA","ESPA�OLES",1,0,1
" 01","CASCO ANTIGUO","INDIA","EXTRANJEROS",0,1,1
" 01","CASCO ANTIGUO","INDIA","TOTAL POBLACION",1,1,2
" 01","CASCO ANTIGUO","IRAN","EXTRANJEROS",1,0,1
" 01","CASCO ANTIGUO","IRAN","TOTAL POBLACION",1,0,1
" 01","CASCO ANTIGUO","IRLANDA","ESPA�OLES",4,3,7
" 01","CASCO ANTIGUO","IRLANDA","EXTRANJEROS",4,6,10
" 01","CASCO ANTIGUO","IRLANDA","TOTAL POBLACION",8,9,17
" 01","CASCO ANTIGUO","ISRAEL","ESPA�OLES",1,0,1
" 01","CASCO ANTIGUO","ISRAEL","EXTRANJEROS",0,1,1
" 01","CASCO ANTIGUO","ISRAEL","TOTAL POBLACION",1,1,2
" 01","CASCO ANTIGUO","ITALIA","ESPA�OLES",0,2,2
" 01","CASCO ANTIGUO","ITALIA","EXTRANJEROS",31,22,53
" 01","CASCO ANTIGUO","ITALIA","TOTAL POBLACION",31,24,55
" 01","CASCO ANTIGUO","JAPON","ESPA�OLES",1,1,2
" 01","CASCO ANTIGUO","JAPON","EXTRANJEROS",0,2,2
" 01","CASCO ANTIGUO","JAPON","TOTAL POBLACION",1,3,4
" 01","CASCO ANTIGUO","KUWAIT","ESPA�OLES",0,1,1
" 01","CASCO ANTIGUO","KUWAIT","TOTAL POBLACION",0,1,1
" 01","CASCO ANTIGUO","LUXEMBURGO","ESPA�OLES",0,1,1
" 01","CASCO ANTIGUO","LUXEMBURGO","TOTAL POBLACION",0,1,1
" 01","CASCO ANTIGUO","MALTA","ESPA�OLES",1,0,1
" 01","CASCO ANTIGUO","MALTA","TOTAL POBLACION",1,0,1
" 01","CASCO ANTIGUO","MARRUECOS","ESPA�OLES",1,0,1
" 01","CASCO ANTIGUO","MARRUECOS","EXTRANJEROS",9,7,16
" 01","CASCO ANTIGUO","MARRUECOS","TOTAL POBLACION",10,7,17
" 01","CASCO ANTIGUO","MAURICIO","EXTRANJEROS",1,0,1
" 01","CASCO ANTIGUO","MAURICIO","TOTAL POBLACION",1,0,1
" 01","CASCO ANTIGUO","MEXICO","ESPA�OLES",8,4,12
" 01","CASCO ANTIGUO","MEXICO","EXTRANJEROS",10,13,23
" 01","CASCO ANTIGUO","MEXICO","TOTAL POBLACION",18,17,35
" 01","CASCO ANTIGUO","NICARAGUA","ESPA�OLES",1,0,1
" 01","CASCO ANTIGUO","NICARAGUA","EXTRANJEROS",2,13,15
" 01","CASCO ANTIGUO","NICARAGUA","TOTAL POBLACION",3,13,16
" 01","CASCO ANTIGUO","NIGERIA","EXTRANJEROS",0,1,1
" 01","CASCO ANTIGUO","NIGERIA","TOTAL POBLACION",0,1,1
" 01","CASCO ANTIGUO","NORUEGA","ESPA�OLES",1,0,1
" 01","CASCO ANTIGUO","NORUEGA","EXTRANJEROS",0,1,1
" 01","CASCO ANTIGUO","NORUEGA","TOTAL POBLACION",1,1,2
" 01","CASCO ANTIGUO","PAISES BAJOS","ESPA�OLES",4,1,5
" 01","CASCO ANTIGUO","PAISES BAJOS","EXTRANJEROS",5,12,17
" 01","CASCO ANTIGUO","PAISES BAJOS","TOTAL POBLACION",9,13,22
" 01","CASCO ANTIGUO","PAKISTAN","EXTRANJEROS",0,1,1
" 01","CASCO ANTIGUO","PAKISTAN","TOTAL POBLACION",0,1,1
" 01","CASCO ANTIGUO","PANAMA","ESPA�OLES",0,1,1
" 01","CASCO ANTIGUO","PANAMA","EXTRANJEROS",1,1,2
" 01","CASCO ANTIGUO","PANAMA","TOTAL POBLACION",1,2,3
" 01","CASCO ANTIGUO","PARAGUAY","EXTRANJEROS",2,3,5
" 01","CASCO ANTIGUO","PARAGUAY","TOTAL POBLACION",2,3,5
" 01","CASCO ANTIGUO","PERU","ESPA�OLES",0,3,3
" 01","CASCO ANTIGUO","PERU","EXTRANJEROS",2,7,9
" 01","CASCO ANTIGUO","PERU","TOTAL POBLACION",2,10,12
" 01","CASCO ANTIGUO","POLONIA","EXTRANJEROS",1,5,6
" 01","CASCO ANTIGUO","POLONIA","TOTAL POBLACION",1,5,6
" 01","CASCO ANTIGUO","PORTUGAL","ESPA�OLES",1,3,4
" 01","CASCO ANTIGUO","PORTUGAL","EXTRANJEROS",6,3,9
" 01","CASCO ANTIGUO","PORTUGAL","TOTAL POBLACION",7,6,13
" 01","CASCO ANTIGUO","REINO UNIDO","ESPA�OLES",13,13,26
" 01","CASCO ANTIGUO","REINO UNIDO","EXTRANJEROS",21,27,48
" 01","CASCO ANTIGUO","REINO UNIDO","TOTAL POBLACION",34,40,74
" 01","CASCO ANTIGUO","REPUBLICA CENTROAFRICANA","EXTRANJEROS",1,0,1
" 01","CASCO ANTIGUO","REPUBLICA CENTROAFRICANA","TOTAL POBLACION",1,0,1
" 01","CASCO ANTIGUO","REPUBLICA DE COREA","EXTRANJEROS",4,3,7
" 01","CASCO ANTIGUO","REPUBLICA DE COREA","TOTAL POBLACION",4,3,7
" 01","CASCO ANTIGUO","REPUBLICA DOMINICANA","ESPA�OLES",2,0,2
" 01","CASCO ANTIGUO","REPUBLICA DOMINICANA","EXTRANJEROS",3,2,5
" 01","CASCO ANTIGUO","REPUBLICA DOMINICANA","TOTAL POBLACION",5,2,7
" 01","CASCO ANTIGUO","REPUBLICA SUDAFRICANA","ESPA�OLES",1,0,1
" 01","CASCO ANTIGUO","REPUBLICA SUDAFRICANA","TOTAL POBLACION",1,0,1
" 01","CASCO ANTIGUO","RUSIA","ESPA�OLES",0,1,1
" 01","CASCO ANTIGUO","RUSIA","EXTRANJEROS",0,6,6
" 01","CASCO ANTIGUO","RUSIA","TOTAL POBLACION",0,7,7
" 01","CASCO ANTIGUO","SENEGAL","EXTRANJEROS",2,0,2
" 01","CASCO ANTIGUO","SENEGAL","TOTAL POBLACION",2,0,2
" 01","CASCO ANTIGUO","SIERRA LEONA","EXTRANJEROS",1,0,1
" 01","CASCO ANTIGUO","SIERRA LEONA","TOTAL POBLACION",1,0,1
" 01","CASCO ANTIGUO","SIRIA","EXTRANJEROS",2,0,2
" 01","CASCO ANTIGUO","SIRIA","TOTAL POBLACION",2,0,2
" 01","CASCO ANTIGUO","SUECIA","EXTRANJEROS",0,1,1
" 01","CASCO ANTIGUO","SUECIA","TOTAL POBLACION",0,1,1
" 01","CASCO ANTIGUO","SUIZA","ESPA�OLES",1,2,3
" 01","CASCO ANTIGUO","SUIZA","EXTRANJEROS",2,2,4
" 01","CASCO ANTIGUO","SUIZA","TOTAL POBLACION",3,4,7
" 01","CASCO ANTIGUO","TAILANDIA","EXTRANJEROS",0,1,1
" 01","CASCO ANTIGUO","TAILANDIA","TOTAL POBLACION",0,1,1
" 01","CASCO ANTIGUO","TUNEZ","EXTRANJEROS",0,1,1
" 01","CASCO ANTIGUO","TUNEZ","TOTAL POBLACION",0,1,1
" 01","CASCO ANTIGUO","TURQUIA","ESPA�OLES",2,1,3
" 01","CASCO ANTIGUO","TURQUIA","EXTRANJEROS",2,2,4
" 01","CASCO ANTIGUO","TURQUIA","TOTAL POBLACION",4,3,7
" 01","CASCO ANTIGUO","UCRANIA","EXTRANJEROS",4,6,10
" 01","CASCO ANTIGUO","UCRANIA","TOTAL POBLACION",4,6,10
" 01","CASCO ANTIGUO","URUGUAY","ESPA�OLES",0,1,1
" 01","CASCO ANTIGUO","URUGUAY","EXTRANJEROS",2,1,3
" 01","CASCO ANTIGUO","URUGUAY","TOTAL POBLACION",2,2,4
" 01","CASCO ANTIGUO","VENEZUELA","ESPA�OLES",1,3,4
" 01","CASCO ANTIGUO","VENEZUELA","EXTRANJEROS",9,17,26
" 01","CASCO ANTIGUO","VENEZUELA","TOTAL POBLACION",10,20,30
" 01","CASCO ANTIGUO","YEMEN","EXTRANJEROS",1,0,1
" 01","CASCO ANTIGUO","YEMEN","TOTAL POBLACION",1,0,1
" 02","MACARENA","- TODOS -","ESPA�OLES",722,726,1448
" 02","MACARENA","- TODOS -","EXTRANJEROS",917,1011,1928
" 02","MACARENA","- TODOS -","TOTAL POBLACION",1639,1737,3376
" 02","MACARENA","ALEMANIA","ESPA�OLES",3,4,7
" 02","MACARENA","ALEMANIA","EXTRANJEROS",3,2,5
" 02","MACARENA","ALEMANIA","TOTAL POBLACION",6,6,12
" 02","MACARENA","ARGELIA","EXTRANJEROS",6,0,6
" 02","MACARENA","ARGELIA","TOTAL POBLACION",6,0,6
" 02","MACARENA","ARGENTINA","EXTRANJEROS",8,9,17
" 02","MACARENA","ARGENTINA","TOTAL POBLACION",8,9,17
" 02","MACARENA","ARMENIA","EXTRANJEROS",0,1,1
" 02","MACARENA","ARMENIA","TOTAL POBLACION",0,1,1
" 02","MACARENA","AUSTRALIA","ESPA�OLES",2,0,2
" 02","MACARENA","AUSTRALIA","TOTAL POBLACION",2,0,2
" 02","MACARENA","AUSTRIA","ESPA�OLES",0,1,1
" 02","MACARENA","AUSTRIA","TOTAL POBLACION",0,1,1
" 02","MACARENA","BANGLA-DESH","EXTRANJEROS",1,2,3
" 02","MACARENA","BANGLA-DESH","TOTAL POBLACION",1,2,3
" 02","MACARENA","BELGICA","ESPA�OLES",1,1,2
" 02","MACARENA","BELGICA","EXTRANJEROS",1,0,1
" 02","MACARENA","BELGICA","TOTAL POBLACION",2,1,3
" 02","MACARENA","BOLIVIA","ESPA�OLES",11,8,19
" 02","MACARENA","BOLIVIA","EXTRANJEROS",21,20,41
" 02","MACARENA","BOLIVIA","TOTAL POBLACION",32,28,60
" 02","MACARENA","BRASIL","EXTRANJEROS",4,2,6
" 02","MACARENA","BRASIL","TOTAL POBLACION",4,2,6
" 02","MACARENA","BULGARIA","EXTRANJEROS",1,3,4
" 02","MACARENA","BULGARIA","TOTAL POBLACION",1,3,4
" 02","MACARENA","BURKINA FASSO","EXTRANJEROS",1,0,1
" 02","MACARENA","BURKINA FASSO","TOTAL POBLACION",1,0,1
" 02","MACARENA","CAMERUN","EXTRANJEROS",0,2,2
" 02","MACARENA","CAMERUN","TOTAL POBLACION",0,2,2
" 02","MACARENA","CANADA","EXTRANJEROS",0,1,1
" 02","MACARENA","CANADA","TOTAL POBLACION",0,1,1
" 02","MACARENA","CHILE","ESPA�OLES",2,1,3
" 02","MACARENA","CHILE","EXTRANJEROS",3,4,7
" 02","MACARENA","CHILE","TOTAL POBLACION",5,5,10
" 02","MACARENA","CHINA","ESPA�OLES",0,1,1
" 02","MACARENA","CHINA","EXTRANJEROS",6,6,12
" 02","MACARENA","CHINA","TOTAL POBLACION",6,7,13
" 02","MACARENA","COLOMBIA","ESPA�OLES",2,0,2
" 02","MACARENA","COLOMBIA","EXTRANJEROS",54,44,98
" 02","MACARENA","COLOMBIA","TOTAL POBLACION",56,44,100
" 02","MACARENA","COSTA DE MARFIL","EXTRANJEROS",6,3,9
" 02","MACARENA","COSTA DE MARFIL","TOTAL POBLACION",6,3,9
" 02","MACARENA","COSTA RICA","EXTRANJEROS",0,1,1
" 02","MACARENA","COSTA RICA","TOTAL POBLACION",0,1,1
" 02","MACARENA","CUBA","ESPA�OLES",1,1,2
" 02","MACARENA","CUBA","EXTRANJEROS",9,10,19
" 02","MACARENA","CUBA","TOTAL POBLACION",10,11,21
" 02","MACARENA","ECUADOR","ESPA�OLES",5,6,11
" 02","MACARENA","ECUADOR","EXTRANJEROS",15,12,27
" 02","MACARENA","ECUADOR","TOTAL POBLACION",20,18,38
" 02","MACARENA","EGIPTO","EXTRANJEROS",1,0,1
" 02","MACARENA","EGIPTO","TOTAL POBLACION",1,0,1
" 02","MACARENA","EL SALVADOR","EXTRANJEROS",20,18,38
" 02","MACARENA","EL SALVADOR","TOTAL POBLACION",20,18,38
" 02","MACARENA","EMIRATOS ARABES UNIDOS","ESPA�OLES",0,1,1
" 02","MACARENA","EMIRATOS ARABES UNIDOS","EXTRANJEROS",2,1,3
" 02","MACARENA","EMIRATOS ARABES UNIDOS","TOTAL POBLACION",2,2,4
" 02","MACARENA","ESPA�A","ESPA�OLES",655,666,1321
" 02","MACARENA","ESPA�A","EXTRANJEROS",204,277,481
" 02","MACARENA","ESPA�A","TOTAL POBLACION",859,943,1802
" 02","MACARENA","ESTADOS UNIDOS DE AMERICA","ESPA�OLES",3,3,6
" 02","MACARENA","ESTADOS UNIDOS DE AMERICA","EXTRANJEROS",6,2,8
" 02","MACARENA","ESTADOS UNIDOS DE AMERICA","TOTAL POBLACION",9,5,14
" 02","MACARENA","ESTONIA","EXTRANJEROS",1,0,1
" 02","MACARENA","ESTONIA","TOTAL POBLACION",1,0,1
" 02","MACARENA","ETIOPIA","ESPA�OLES",0,2,2
" 02","MACARENA","ETIOPIA","TOTAL POBLACION",0,2,2
" 02","MACARENA","FILIPINAS","EXTRANJEROS",0,2,2
" 02","MACARENA","FILIPINAS","TOTAL POBLACION",0,2,2
" 02","MACARENA","FRANCIA","ESPA�OLES",2,0,2
" 02","MACARENA","FRANCIA","EXTRANJEROS",6,5,11
" 02","MACARENA","FRANCIA","TOTAL POBLACION",8,5,13
" 02","MACARENA","GEORGIA","EXTRANJEROS",0,3,3
" 02","MACARENA","GEORGIA","TOTAL POBLACION",0,3,3
" 02","MACARENA","GHANA","EXTRANJEROS",6,0,6
" 02","MACARENA","GHANA","TOTAL POBLACION",6,0,6
" 02","MACARENA","GRECIA","ESPA�OLES",0,1,1
" 02","MACARENA","GRECIA","TOTAL POBLACION",0,1,1
" 02","MACARENA","GUATEMALA","EXTRANJEROS",18,4,22
" 02","MACARENA","GUATEMALA","TOTAL POBLACION",18,4,22
" 02","MACARENA","GUINEA","EXTRANJEROS",4,0,4
" 02","MACARENA","GUINEA","TOTAL POBLACION",4,0,4
" 02","MACARENA","GUINEA ECUATORIAL","EXTRANJEROS",0,1,1
" 02","MACARENA","GUINEA ECUATORIAL","TOTAL POBLACION",0,1,1
" 02","MACARENA","HONDURAS","EXTRANJEROS",21,33,54
" 02","MACARENA","HONDURAS","TOTAL POBLACION",21,33,54
" 02","MACARENA","HUNGRIA","EXTRANJEROS",1,0,1
" 02","MACARENA","HUNGRIA","TOTAL POBLACION",1,0,1
" 02","MACARENA","INDIA","EXTRANJEROS",1,0,1
" 02","MACARENA","INDIA","TOTAL POBLACION",1,0,1
" 02","MACARENA","INDONESIA","EXTRANJEROS",0,1,1
" 02","MACARENA","INDONESIA","TOTAL POBLACION",0,1,1
" 02","MACARENA","IRAK","EXTRANJEROS",1,0,1
" 02","MACARENA","IRAK","TOTAL POBLACION",1,0,1
" 02","MACARENA","IRAN","EXTRANJEROS",2,4,6
" 02","MACARENA","IRAN","TOTAL POBLACION",2,4,6
" 02","MACARENA","IRLANDA","EXTRANJEROS",0,1,1
" 02","MACARENA","IRLANDA","TOTAL POBLACION",0,1,1
" 02","MACARENA","ITALIA","EXTRANJEROS",12,5,17
" 02","MACARENA","ITALIA","TOTAL POBLACION",12,5,17
" 02","MACARENA","JAPON","ESPA�OLES",1,0,1
" 02","MACARENA","JAPON","TOTAL POBLACION",1,0,1
" 02","MACARENA","JORDANIA","ESPA�OLES",2,5,7
" 02","MACARENA","JORDANIA","TOTAL POBLACION",2,5,7
" 02","MACARENA","KENIA","EXTRANJEROS",1,0,1
" 02","MACARENA","KENIA","TOTAL POBLACION",1,0,1
" 02","MACARENA","LETONIA","EXTRANJEROS",1,0,1
" 02","MACARENA","LETONIA","TOTAL POBLACION",1,0,1
" 02","MACARENA","LITUANIA","EXTRANJEROS",1,0,1
" 02","MACARENA","LITUANIA","TOTAL POBLACION",1,0,1
" 02","MACARENA","MALI","EXTRANJEROS",5,1,6
" 02","MACARENA","MALI","TOTAL POBLACION",5,1,6
" 02","MACARENA","MARRUECOS","EXTRANJEROS",50,43,93
" 02","MACARENA","MARRUECOS","TOTAL POBLACION",50,43,93
" 02","MACARENA","MAURITANIA","ESPA�OLES",0,1,1
" 02","MACARENA","MAURITANIA","TOTAL POBLACION",0,1,1
" 02","MACARENA","MEXICO","EXTRANJEROS",6,6,12
" 02","MACARENA","MEXICO","TOTAL POBLACION",6,6,12
" 02","MACARENA","NICARAGUA","EXTRANJEROS",209,273,482
" 02","MACARENA","NICARAGUA","TOTAL POBLACION",209,273,482
" 02","MACARENA","NIGER","EXTRANJEROS",2,2,4
" 02","MACARENA","NIGER","TOTAL POBLACION",2,2,4
" 02","MACARENA","NIGERIA","EXTRANJEROS",3,1,4
" 02","MACARENA","NIGERIA","TOTAL POBLACION",3,1,4
" 02","MACARENA","OTROS PAISES SIN RELACION DIPLOMATICA","EXTRANJEROS",1,0,1
" 02","MACARENA","OTROS PAISES SIN RELACION DIPLOMATICA","TOTAL POBLACION",1,0,1
" 02","MACARENA","OTROS TERR. ESPA�OLES","ESPA�OLES",0,1,1
" 02","MACARENA","OTROS TERR. ESPA�OLES","TOTAL POBLACION",0,1,1
" 02","MACARENA","PAISES BAJOS","ESPA�OLES",1,1,2
" 02","MACARENA","PAISES BAJOS","EXTRANJEROS",1,4,5
" 02","MACARENA","PAISES BAJOS","TOTAL POBLACION",2,5,7
" 02","MACARENA","PAKISTAN","EXTRANJEROS",11,1,12
" 02","MACARENA","PAKISTAN","TOTAL POBLACION",11,1,12
" 02","MACARENA","PALESTINA. ESTADO OBSERVADOR, NO MIEMBRO DE NACIONES UNIDAS","EXTRANJEROS",1,0,1
" 02","MACARENA","PALESTINA. ESTADO OBSERVADOR, NO MIEMBRO DE NACIONES UNIDAS","TOTAL POBLACION",1,0,1
" 02","MACARENA","PANAMA","ESPA�OLES",3,1,4
" 02","MACARENA","PANAMA","EXTRANJEROS",0,2,2
" 02","MACARENA","PANAMA","TOTAL POBLACION",3,3,6
" 02","MACARENA","PARAGUAY","ESPA�OLES",1,0,1
" 02","MACARENA","PARAGUAY","EXTRANJEROS",14,20,34
" 02","MACARENA","PARAGUAY","TOTAL POBLACION",15,20,35
" 02","MACARENA","PERU","ESPA�OLES",7,6,13
" 02","MACARENA","PERU","EXTRANJEROS",51,52,103
" 02","MACARENA","PERU","TOTAL POBLACION",58,58,116
" 02","MACARENA","POLONIA","EXTRANJEROS",0,2,2
" 02","MACARENA","POLONIA","TOTAL POBLACION",0,2,2
" 02","MACARENA","PORTUGAL","ESPA�OLES",1,0,1
" 02","MACARENA","PORTUGAL","EXTRANJEROS",6,4,10
" 02","MACARENA","PORTUGAL","TOTAL POBLACION",7,4,11
" 02","MACARENA","REINO UNIDO","ESPA�OLES",4,3,7
" 02","MACARENA","REINO UNIDO","EXTRANJEROS",7,5,12
" 02","MACARENA","REINO UNIDO","TOTAL POBLACION",11,8,19
" 02","MACARENA","REPUBLICA DOMINICANA","ESPA�OLES",2,3,5
" 02","MACARENA","REPUBLICA DOMINICANA","EXTRANJEROS",2,5,7
" 02","MACARENA","REPUBLICA DOMINICANA","TOTAL POBLACION",4,8,12
" 02","MACARENA","RUMANIA","EXTRANJEROS",8,5,13
" 02","MACARENA","RUMANIA","TOTAL POBLACION",8,5,13
" 02","MACARENA","RUSIA","EXTRANJEROS",5,9,14
" 02","MACARENA","RUSIA","TOTAL POBLACION",5,9,14
" 02","MACARENA","SENEGAL","ESPA�OLES",4,2,6
" 02","MACARENA","SENEGAL","EXTRANJEROS",2,2,4
" 02","MACARENA","SENEGAL","TOTAL POBLACION",6,4,10
" 02","MACARENA","SIRIA","EXTRANJEROS",3,0,3
" 02","MACARENA","SIRIA","TOTAL POBLACION",3,0,3
" 02","MACARENA","SOMALIA","EXTRANJEROS",1,0,1
" 02","MACARENA","SOMALIA","TOTAL POBLACION",1,0,1
" 02","MACARENA","SRI-LANKA","EXTRANJEROS",0,1,1
" 02","MACARENA","SRI-LANKA","TOTAL POBLACION",0,1,1
" 02","MACARENA","SUIZA","EXTRANJEROS",0,1,1
" 02","MACARENA","SUIZA","TOTAL POBLACION",0,1,1
" 02","MACARENA","TUNEZ","EXTRANJEROS",1,1,2
" 02","MACARENA","TUNEZ","TOTAL POBLACION",1,1,2
" 02","MACARENA","UCRANIA","EXTRANJEROS",6,9,15
" 02","MACARENA","UCRANIA","TOTAL POBLACION",6,9,15
" 02","MACARENA","URUGUAY","EXTRANJEROS",2,1,3
" 02","MACARENA","URUGUAY","TOTAL POBLACION",2,1,3
" 02","MACARENA","VENEZUELA","ESPA�OLES",9,7,16
" 02","MACARENA","VENEZUELA","EXTRANJEROS",70,82,152
" 02","MACARENA","VENEZUELA","TOTAL POBLACION",79,89,168
" 02","MACARENA","VIET-NAM","EXTRANJEROS",2,0,2
" 02","MACARENA","VIET-NAM","TOTAL POBLACION",2,0,2
" 03","NERVION","- TODOS -","ESPA�OLES",573,624,1197
" 03","NERVION","- TODOS -","EXTRANJEROS",261,249,510
" 03","NERVION","- TODOS -","TOTAL POBLACION",834,873,1707
" 03","NERVION","ALBANIA","EXTRANJEROS",1,0,1
" 03","NERVION","ALBANIA","TOTAL POBLACION",1,0,1
" 03","NERVION","ALEMANIA","ESPA�OLES",6,8,14
" 03","NERVION","ALEMANIA","EXTRANJEROS",5,2,7
" 03","NERVION","ALEMANIA","TOTAL POBLACION",11,10,21
" 03","NERVION","ARABIA SAUDITA","ESPA�OLES",2,0,2
" 03","NERVION","ARABIA SAUDITA","EXTRANJEROS",1,1,2
" 03","NERVION","ARABIA SAUDITA","TOTAL POBLACION",3,1,4
" 03","NERVION","ARGENTINA","ESPA�OLES",1,5,6
" 03","NERVION","ARGENTINA","EXTRANJEROS",8,5,13
" 03","NERVION","ARGENTINA","TOTAL POBLACION",9,10,19
" 03","NERVION","AUSTRALIA","ESPA�OLES",0,3,3
" 03","NERVION","AUSTRALIA","EXTRANJEROS",0,2,2
" 03","NERVION","AUSTRALIA","TOTAL POBLACION",0,5,5
" 03","NERVION","AUSTRIA","ESPA�OLES",1,2,3
" 03","NERVION","AUSTRIA","TOTAL POBLACION",1,2,3
" 03","NERVION","BELGICA","ESPA�OLES",1,1,2
" 03","NERVION","BELGICA","EXTRANJEROS",0,1,1
" 03","NERVION","BELGICA","TOTAL POBLACION",1,2,3
" 03","NERVION","BIELORUSIA","EXTRANJEROS",0,1,1
" 03","NERVION","BIELORUSIA","TOTAL POBLACION",0,1,1
" 03","NERVION","BOLIVIA","ESPA�OLES",1,0,1
" 03","NERVION","BOLIVIA","EXTRANJEROS",2,4,6
" 03","NERVION","BOLIVIA","TOTAL POBLACION",3,4,7
" 03","NERVION","BRASIL","ESPA�OLES",1,1,2
" 03","NERVION","BRASIL","EXTRANJEROS",10,11,21
" 03","NERVION","BRASIL","TOTAL POBLACION",11,12,23
" 03","NERVION","BURKINA FASSO","EXTRANJEROS",2,0,2
" 03","NERVION","BURKINA FASSO","TOTAL POBLACION",2,0,2
" 03","NERVION","BURUNDI","EXTRANJEROS",0,1,1
" 03","NERVION","BURUNDI","TOTAL POBLACION",0,1,1
" 03","NERVION","CAMERUN","EXTRANJEROS",4,0,4
" 03","NERVION","CAMERUN","TOTAL POBLACION",4,0,4
" 03","NERVION","CHILE","ESPA�OLES",1,0,1
" 03","NERVION","CHILE","EXTRANJEROS",0,1,1
" 03","NERVION","CHILE","TOTAL POBLACION",1,1,2
" 03","NERVION","CHINA","ESPA�OLES",1,0,1
" 03","NERVION","CHINA","EXTRANJEROS",1,2,3
" 03","NERVION","CHINA","TOTAL POBLACION",2,2,4
" 03","NERVION","COLOMBIA","ESPA�OLES",1,1,2
" 03","NERVION","COLOMBIA","EXTRANJEROS",27,19,46
" 03","NERVION","COLOMBIA","TOTAL POBLACION",28,20,48
" 03","NERVION","COSTA DE MARFIL","EXTRANJEROS",6,0,6
" 03","NERVION","COSTA DE MARFIL","TOTAL POBLACION",6,0,6
" 03","NERVION","COSTA RICA","ESPA�OLES",1,0,1
" 03","NERVION","COSTA RICA","EXTRANJEROS",1,0,1
" 03","NERVION","COSTA RICA","TOTAL POBLACION",2,0,2
" 03","NERVION","CUBA","ESPA�OLES",1,0,1
" 03","NERVION","CUBA","EXTRANJEROS",0,1,1
" 03","NERVION","CUBA","TOTAL POBLACION",1,1,2
" 03","NERVION","ECUADOR","EXTRANJEROS",1,0,1
" 03","NERVION","ECUADOR","TOTAL POBLACION",1,0,1
" 03","NERVION","EL SALVADOR","EXTRANJEROS",6,13,19
" 03","NERVION","EL SALVADOR","TOTAL POBLACION",6,13,19
" 03","NERVION","EMIRATOS ARABES UNIDOS","ESPA�OLES",1,2,3
" 03","NERVION","EMIRATOS ARABES UNIDOS","TOTAL POBLACION",1,2,3
" 03","NERVION","ESLOVAQUIA","ESPA�OLES",1,0,1
" 03","NERVION","ESLOVAQUIA","TOTAL POBLACION",1,0,1
" 03","NERVION","ESPA�A","ESPA�OLES",529,572,1101
" 03","NERVION","ESPA�A","EXTRANJEROS",66,74,140
" 03","NERVION","ESPA�A","TOTAL POBLACION",595,646,1241
" 03","NERVION","ESTADOS UNIDOS DE AMERICA","ESPA�OLES",4,2,6
" 03","NERVION","ESTADOS UNIDOS DE AMERICA","EXTRANJEROS",9,5,14
" 03","NERVION","ESTADOS UNIDOS DE AMERICA","TOTAL POBLACION",13,7,20
" 03","NERVION","FRANCIA","ESPA�OLES",0,6,6
" 03","NERVION","FRANCIA","EXTRANJEROS",5,4,9
" 03","NERVION","FRANCIA","TOTAL POBLACION",5,10,15
" 03","NERVION","GAMBIA","EXTRANJEROS",5,0,5
" 03","NERVION","GAMBIA","TOTAL POBLACION",5,0,5
" 03","NERVION","GEORGIA","EXTRANJEROS",4,2,6
" 03","NERVION","GEORGIA","TOTAL POBLACION",4,2,6
" 03","NERVION","GUINEA","EXTRANJEROS",8,0,8
" 03","NERVION","GUINEA","TOTAL POBLACION",8,0,8
" 03","NERVION","HONDURAS","EXTRANJEROS",2,3,5
" 03","NERVION","HONDURAS","TOTAL POBLACION",2,3,5
" 03","NERVION","HUNGRIA","ESPA�OLES",1,0,1
" 03","NERVION","HUNGRIA","EXTRANJEROS",1,0,1
" 03","NERVION","HUNGRIA","TOTAL POBLACION",2,0,2
" 03","NERVION","INDIA","EXTRANJEROS",1,0,1
" 03","NERVION","INDIA","TOTAL POBLACION",1,0,1
" 03","NERVION","IRLANDA","ESPA�OLES",2,0,2
" 03","NERVION","IRLANDA","EXTRANJEROS",1,1,2
" 03","NERVION","IRLANDA","TOTAL POBLACION",3,1,4
" 03","NERVION","ITALIA","ESPA�OLES",2,2,4
" 03","NERVION","ITALIA","EXTRANJEROS",3,9,12
" 03","NERVION","ITALIA","TOTAL POBLACION",5,11,16
" 03","NERVION","MALI","EXTRANJEROS",6,0,6
" 03","NERVION","MALI","TOTAL POBLACION",6,0,6
" 03","NERVION","MARRUECOS","EXTRANJEROS",6,6,12
" 03","NERVION","MARRUECOS","TOTAL POBLACION",6,6,12
" 03","NERVION","MAURITANIA","EXTRANJEROS",1,0,1
" 03","NERVION","MAURITANIA","TOTAL POBLACION",1,0,1
" 03","NERVION","MEXICO","ESPA�OLES",3,2,5
" 03","NERVION","MEXICO","EXTRANJEROS",2,2,4
" 03","NERVION","MEXICO","TOTAL POBLACION",5,4,9
" 03","NERVION","MOZAMBIQUE","ESPA�OLES",1,0,1
" 03","NERVION","MOZAMBIQUE","TOTAL POBLACION",1,0,1
" 03","NERVION","NICARAGUA","EXTRANJEROS",9,23,32
" 03","NERVION","NICARAGUA","TOTAL POBLACION",9,23,32
" 03","NERVION","PAISES BAJOS","EXTRANJEROS",5,2,7
" 03","NERVION","PAISES BAJOS","TOTAL POBLACION",5,2,7
" 03","NERVION","PAKISTAN","EXTRANJEROS",1,1,2
" 03","NERVION","PAKISTAN","TOTAL POBLACION",1,1,2
" 03","NERVION","PALESTINA. ESTADO OBSERVADOR, NO MIEMBRO DE NACIONES UNIDAS","EXTRANJEROS",5,2,7
" 03","NERVION","PALESTINA. ESTADO OBSERVADOR, NO MIEMBRO DE NACIONES UNIDAS","TOTAL POBLACION",5,2,7
" 03","NERVION","PANAMA","ESPA�OLES",2,0,2
" 03","NERVION","PANAMA","EXTRANJEROS",0,1,1
" 03","NERVION","PANAMA","TOTAL POBLACION",2,1,3
" 03","NERVION","PARAGUAY","EXTRANJEROS",1,4,5
" 03","NERVION","PARAGUAY","TOTAL POBLACION",1,4,5
" 03","NERVION","PERU","EXTRANJEROS",2,3,5
" 03","NERVION","PERU","TOTAL POBLACION",2,3,5
" 03","NERVION","POLONIA","EXTRANJEROS",0,2,2
" 03","NERVION","POLONIA","TOTAL POBLACION",0,2,2
" 03","NERVION","PORTUGAL","EXTRANJEROS",1,2,3
" 03","NERVION","PORTUGAL","TOTAL POBLACION",1,2,3
" 03","NERVION","REINO UNIDO","ESPA�OLES",5,10,15
" 03","NERVION","REINO UNIDO","EXTRANJEROS",4,4,8
" 03","NERVION","REINO UNIDO","TOTAL POBLACION",9,14,23
" 03","NERVION","REPUBLICA DE COREA","EXTRANJEROS",0,1,1
" 03","NERVION","REPUBLICA DE COREA","TOTAL POBLACION",0,1,1
" 03","NERVION","RUMANIA","EXTRANJEROS",1,0,1
" 03","NERVION","RUMANIA","TOTAL POBLACION",1,0,1
" 03","NERVION","RUSIA","ESPA�OLES",0,1,1
" 03","NERVION","RUSIA","TOTAL POBLACION",0,1,1
" 03","NERVION","SENEGAL","EXTRANJEROS",1,2,3
" 03","NERVION","SENEGAL","TOTAL POBLACION",1,2,3
" 03","NERVION","SIRIA","EXTRANJEROS",1,1,2
" 03","NERVION","SIRIA","TOTAL POBLACION",1,1,2
" 03","NERVION","SOMALIA","EXTRANJEROS",1,0,1
" 03","NERVION","SOMALIA","TOTAL POBLACION",1,0,1
" 03","NERVION","SUDAN","EXTRANJEROS",1,0,1
" 03","NERVION","SUDAN","TOTAL POBLACION",1,0,1
" 03","NERVION","SUECIA","EXTRANJEROS",0,3,3
" 03","NERVION","SUECIA","TOTAL POBLACION",0,3,3
" 03","NERVION","SUIZA","ESPA�OLES",1,0,1
" 03","NERVION","SUIZA","EXTRANJEROS",2,1,3
" 03","NERVION","SUIZA","TOTAL POBLACION",3,1,4
" 03","NERVION","TUNEZ","EXTRANJEROS",1,0,1
" 03","NERVION","TUNEZ","TOTAL POBLACION",1,0,1
" 03","NERVION","UCRANIA","ESPA�OLES",1,0,1
" 03","NERVION","UCRANIA","EXTRANJEROS",7,2,9
" 03","NERVION","UCRANIA","TOTAL POBLACION",8,2,10
" 03","NERVION","URUGUAY","ESPA�OLES",0,1,1
" 03","NERVION","URUGUAY","EXTRANJEROS",1,1,2
" 03","NERVION","URUGUAY","TOTAL POBLACION",1,2,3
" 03","NERVION","VENEZUELA","ESPA�OLES",2,5,7
" 03","NERVION","VENEZUELA","EXTRANJEROS",21,24,45
" 03","NERVION","VENEZUELA","TOTAL POBLACION",23,29,52
" 03","NERVION","YEMEN","EXTRANJEROS",1,0,1
" 03","NERVION","YEMEN","TOTAL POBLACION",1,0,1
" 04","CERRO-AMATE","- TODOS -","ESPA�OLES",684,627,1311
" 04","CERRO-AMATE","- TODOS -","EXTRANJEROS",1060,1093,2153
" 04","CERRO-AMATE","- TODOS -","TOTAL POBLACION",1744,1720,3464
" 04","CERRO-AMATE","ALEMANIA","ESPA�OLES",0,3,3
" 04","CERRO-AMATE","ALEMANIA","EXTRANJEROS",1,1,2
" 04","CERRO-AMATE","ALEMANIA","TOTAL POBLACION",1,4,5
" 04","CERRO-AMATE","ARGELIA","EXTRANJEROS",13,1,14
" 04","CERRO-AMATE","ARGELIA","TOTAL POBLACION",13,1,14
" 04","CERRO-AMATE","ARGENTINA","ESPA�OLES",2,0,2
" 04","CERRO-AMATE","ARGENTINA","EXTRANJEROS",9,8,17
" 04","CERRO-AMATE","ARGENTINA","TOTAL POBLACION",11,8,19
" 04","CERRO-AMATE","AZERBAIYAN","EXTRANJEROS",1,3,4
" 04","CERRO-AMATE","AZERBAIYAN","TOTAL POBLACION",1,3,4
" 04","CERRO-AMATE","BENIN","EXTRANJEROS",1,0,1
" 04","CERRO-AMATE","BENIN","TOTAL POBLACION",1,0,1
" 04","CERRO-AMATE","BOLIVIA","ESPA�OLES",1,0,1
" 04","CERRO-AMATE","BOLIVIA","EXTRANJEROS",10,6,16
" 04","CERRO-AMATE","BOLIVIA","TOTAL POBLACION",11,6,17
" 04","CERRO-AMATE","BRASIL","EXTRANJEROS",6,9,15
" 04","CERRO-AMATE","BRASIL","TOTAL POBLACION",6,9,15
" 04","CERRO-AMATE","BURKINA FASSO","EXTRANJEROS",5,0,5
" 04","CERRO-AMATE","BURKINA FASSO","TOTAL POBLACION",5,0,5
" 04","CERRO-AMATE","CAMERUN","EXTRANJEROS",3,1,4
" 04","CERRO-AMATE","CAMERUN","TOTAL POBLACION",3,1,4
" 04","CERRO-AMATE","CANADA","ESPA�OLES",2,0,2
" 04","CERRO-AMATE","CANADA","TOTAL POBLACION",2,0,2
" 04","CERRO-AMATE","CHILE","ESPA�OLES",1,0,1
" 04","CERRO-AMATE","CHILE","EXTRANJEROS",5,7,12
" 04","CERRO-AMATE","CHILE","TOTAL POBLACION",6,7,13
" 04","CERRO-AMATE","CHINA","EXTRANJEROS",12,7,19
" 04","CERRO-AMATE","CHINA","TOTAL POBLACION",12,7,19
" 04","CERRO-AMATE","COLOMBIA","ESPA�OLES",0,4,4
" 04","CERRO-AMATE","COLOMBIA","EXTRANJEROS",77,92,169
" 04","CERRO-AMATE","COLOMBIA","TOTAL POBLACION",77,96,173
" 04","CERRO-AMATE","COSTA DE MARFIL","EXTRANJEROS",12,3,15
" 04","CERRO-AMATE","COSTA DE MARFIL","TOTAL POBLACION",12,3,15
" 04","CERRO-AMATE","COSTA RICA","EXTRANJEROS",2,1,3
" 04","CERRO-AMATE","COSTA RICA","TOTAL POBLACION",2,1,3
" 04","CERRO-AMATE","CUBA","ESPA�OLES",1,4,5
" 04","CERRO-AMATE","CUBA","EXTRANJEROS",13,12,25
" 04","CERRO-AMATE","CUBA","TOTAL POBLACION",14,16,30
" 04","CERRO-AMATE","ECUADOR","ESPA�OLES",2,2,4
" 04","CERRO-AMATE","ECUADOR","EXTRANJEROS",4,3,7
" 04","CERRO-AMATE","ECUADOR","TOTAL POBLACION",6,5,11
" 04","CERRO-AMATE","EGIPTO","EXTRANJEROS",0,1,1
" 04","CERRO-AMATE","EGIPTO","TOTAL POBLACION",0,1,1
" 04","CERRO-AMATE","EL SALVADOR","ESPA�OLES",1,0,1
" 04","CERRO-AMATE","EL SALVADOR","EXTRANJEROS",40,40,80
" 04","CERRO-AMATE","EL SALVADOR","TOTAL POBLACION",41,40,81
" 04","CERRO-AMATE","EMIRATOS ARABES UNIDOS","ESPA�OLES",0,1,1
" 04","CERRO-AMATE","EMIRATOS ARABES UNIDOS","TOTAL POBLACION",0,1,1
" 04","CERRO-AMATE","ERITREA","EXTRANJEROS",2,0,2
" 04","CERRO-AMATE","ERITREA","TOTAL POBLACION",2,0,2
" 04","CERRO-AMATE","ESPA�A","ESPA�OLES",646,588,1234
" 04","CERRO-AMATE","ESPA�A","EXTRANJEROS",314,308,622
" 04","CERRO-AMATE","ESPA�A","TOTAL POBLACION",960,896,1856
" 04","CERRO-AMATE","ESTADOS UNIDOS DE AMERICA","ESPA�OLES",4,3,7
" 04","CERRO-AMATE","ESTADOS UNIDOS DE AMERICA","EXTRANJEROS",4,4,8
" 04","CERRO-AMATE","ESTADOS UNIDOS DE AMERICA","TOTAL POBLACION",8,7,15
" 04","CERRO-AMATE","FILIPINAS","EXTRANJEROS",2,1,3
" 04","CERRO-AMATE","FILIPINAS","TOTAL POBLACION",2,1,3
" 04","CERRO-AMATE","FRANCIA","ESPA�OLES",2,0,2
" 04","CERRO-AMATE","FRANCIA","EXTRANJEROS",3,1,4
" 04","CERRO-AMATE","FRANCIA","TOTAL POBLACION",5,1,6
" 04","CERRO-AMATE","GAMBIA","EXTRANJEROS",1,0,1
" 04","CERRO-AMATE","GAMBIA","TOTAL POBLACION",1,0,1
" 04","CERRO-AMATE","GEORGIA","EXTRANJEROS",4,3,7
" 04","CERRO-AMATE","GEORGIA","TOTAL POBLACION",4,3,7
" 04","CERRO-AMATE","GUATEMALA","EXTRANJEROS",8,5,13
" 04","CERRO-AMATE","GUATEMALA","TOTAL POBLACION",8,5,13
" 04","CERRO-AMATE","GUINEA","EXTRANJEROS",20,1,21
" 04","CERRO-AMATE","GUINEA","TOTAL POBLACION",20,1,21
" 04","CERRO-AMATE","GUINEA ECUATORIAL","ESPA�OLES",0,1,1
" 04","CERRO-AMATE","GUINEA ECUATORIAL","TOTAL POBLACION",0,1,1
" 04","CERRO-AMATE","HONDURAS","ESPA�OLES",0,1,1
" 04","CERRO-AMATE","HONDURAS","EXTRANJEROS",36,55,91
" 04","CERRO-AMATE","HONDURAS","TOTAL POBLACION",36,56,92
" 04","CERRO-AMATE","HUNGRIA","EXTRANJEROS",1,0,1
" 04","CERRO-AMATE","HUNGRIA","TOTAL POBLACION",1,0,1
" 04","CERRO-AMATE","ITALIA","ESPA�OLES",1,2,3
" 04","CERRO-AMATE","ITALIA","EXTRANJEROS",8,8,16
" 04","CERRO-AMATE","ITALIA","TOTAL POBLACION",9,10,19
" 04","CERRO-AMATE","JORDANIA","EXTRANJEROS",1,0,1
" 04","CERRO-AMATE","JORDANIA","TOTAL POBLACION",1,0,1
" 04","CERRO-AMATE","KUWAIT","ESPA�OLES",1,0,1
" 04","CERRO-AMATE","KUWAIT","TOTAL POBLACION",1,0,1
" 04","CERRO-AMATE","LIBERIA","EXTRANJEROS",1,0,1
" 04","CERRO-AMATE","LIBERIA","TOTAL POBLACION",1,0,1
" 04","CERRO-AMATE","LIBIA","EXTRANJEROS",3,7,10
" 04","CERRO-AMATE","LIBIA","TOTAL POBLACION",3,7,10
" 04","CERRO-AMATE","MALI","EXTRANJEROS",8,1,9
" 04","CERRO-AMATE","MALI","TOTAL POBLACION",8,1,9
" 04","CERRO-AMATE","MARRUECOS","ESPA�OLES",0,3,3
" 04","CERRO-AMATE","MARRUECOS","EXTRANJEROS",110,100,210
" 04","CERRO-AMATE","MARRUECOS","TOTAL POBLACION",110,103,213
" 04","CERRO-AMATE","MAURITANIA","EXTRANJEROS",0,1,1
" 04","CERRO-AMATE","MAURITANIA","TOTAL POBLACION",0,1,1
" 04","CERRO-AMATE","MEXICO","ESPA�OLES",1,0,1
" 04","CERRO-AMATE","MEXICO","EXTRANJEROS",3,5,8
" 04","CERRO-AMATE","MEXICO","TOTAL POBLACION",4,5,9
" 04","CERRO-AMATE","NICARAGUA","EXTRANJEROS",126,196,322
" 04","CERRO-AMATE","NICARAGUA","TOTAL POBLACION",126,196,322
" 04","CERRO-AMATE","NIGERIA","EXTRANJEROS",3,0,3
" 04","CERRO-AMATE","NIGERIA","TOTAL POBLACION",3,0,3
" 04","CERRO-AMATE","NORUEGA","ESPA�OLES",0,1,1
" 04","CERRO-AMATE","NORUEGA","TOTAL POBLACION",0,1,1
" 04","CERRO-AMATE","PAISES BAJOS","ESPA�OLES",0,1,1
" 04","CERRO-AMATE","PAISES BAJOS","EXTRANJEROS",1,1,2
" 04","CERRO-AMATE","PAISES BAJOS","TOTAL POBLACION",1,2,3
" 04","CERRO-AMATE","PAKISTAN","EXTRANJEROS",1,1,2
" 04","CERRO-AMATE","PAKISTAN","TOTAL POBLACION",1,1,2
" 04","CERRO-AMATE","PALESTINA. ESTADO OBSERVADOR, NO MIEMBRO DE NACIONES UNIDAS","EXTRANJEROS",2,7,9
" 04","CERRO-AMATE","PALESTINA. ESTADO OBSERVADOR, NO MIEMBRO DE NACIONES UNIDAS","TOTAL POBLACION",2,7,9
" 04","CERRO-AMATE","PANAMA","ESPA�OLES",1,0,1
" 04","CERRO-AMATE","PANAMA","TOTAL POBLACION",1,0,1
" 04","CERRO-AMATE","PARAGUAY","ESPA�OLES",0,1,1
" 04","CERRO-AMATE","PARAGUAY","EXTRANJEROS",24,47,71
" 04","CERRO-AMATE","PARAGUAY","TOTAL POBLACION",24,48,72
" 04","CERRO-AMATE","PERU","ESPA�OLES",5,2,7
" 04","CERRO-AMATE","PERU","EXTRANJEROS",25,31,56
" 04","CERRO-AMATE","PERU","TOTAL POBLACION",30,33,63
" 04","CERRO-AMATE","POLONIA","EXTRANJEROS",0,3,3
" 04","CERRO-AMATE","POLONIA","TOTAL POBLACION",0,3,3
" 04","CERRO-AMATE","PORTUGAL","EXTRANJEROS",2,4,6
" 04","CERRO-AMATE","PORTUGAL","TOTAL POBLACION",2,4,6
" 04","CERRO-AMATE","REINO UNIDO","ESPA�OLES",5,1,6
" 04","CERRO-AMATE","REINO UNIDO","EXTRANJEROS",1,4,5
" 04","CERRO-AMATE","REINO UNIDO","TOTAL POBLACION",6,5,11
" 04","CERRO-AMATE","REPUBLICA DOMINICANA","ESPA�OLES",3,3,6
" 04","CERRO-AMATE","REPUBLICA DOMINICANA","EXTRANJEROS",5,4,9
" 04","CERRO-AMATE","REPUBLICA DOMINICANA","TOTAL POBLACION",8,7,15
" 04","CERRO-AMATE","RUMANIA","ESPA�OLES",1,0,1
" 04","CERRO-AMATE","RUMANIA","EXTRANJEROS",17,9,26
" 04","CERRO-AMATE","RUMANIA","TOTAL POBLACION",18,9,27
" 04","CERRO-AMATE","RUSIA","ESPA�OLES",0,1,1
" 04","CERRO-AMATE","RUSIA","EXTRANJEROS",0,7,7
" 04","CERRO-AMATE","RUSIA","TOTAL POBLACION",0,8,8
" 04","CERRO-AMATE","SENEGAL","EXTRANJEROS",26,5,31
" 04","CERRO-AMATE","SENEGAL","TOTAL POBLACION",26,5,31
" 04","CERRO-AMATE","SIRIA","EXTRANJEROS",10,5,15
" 04","CERRO-AMATE","SIRIA","TOTAL POBLACION",10,5,15
" 04","CERRO-AMATE","SOMALIA","EXTRANJEROS",2,0,2
" 04","CERRO-AMATE","SOMALIA","TOTAL POBLACION",2,0,2
" 04","CERRO-AMATE","SUDAN","EXTRANJEROS",1,0,1
" 04","CERRO-AMATE","SUDAN","TOTAL POBLACION",1,0,1
" 04","CERRO-AMATE","SUIZA","ESPA�OLES",1,3,4
" 04","CERRO-AMATE","SUIZA","TOTAL POBLACION",1,3,4
" 04","CERRO-AMATE","TAILANDIA","ESPA�OLES",1,0,1
" 04","CERRO-AMATE","TAILANDIA","EXTRANJEROS",0,2,2
" 04","CERRO-AMATE","TAILANDIA","TOTAL POBLACION",1,2,3
" 04","CERRO-AMATE","TUNEZ","EXTRANJEROS",2,0,2
" 04","CERRO-AMATE","TUNEZ","TOTAL POBLACION",2,0,2
" 04","CERRO-AMATE","TURQUIA","EXTRANJEROS",1,0,1
" 04","CERRO-AMATE","TURQUIA","TOTAL POBLACION",1,0,1
" 04","CERRO-AMATE","UCRANIA","EXTRANJEROS",3,8,11
" 04","CERRO-AMATE","UCRANIA","TOTAL POBLACION",3,8,11
" 04","CERRO-AMATE","URUGUAY","EXTRANJEROS",4,5,9
" 04","CERRO-AMATE","URUGUAY","TOTAL POBLACION",4,5,9
" 04","CERRO-AMATE","UZBEKISTAN","EXTRANJEROS",1,1,2
" 04","CERRO-AMATE","UZBEKISTAN","TOTAL POBLACION",1,1,2
" 04","CERRO-AMATE","VENEZUELA","ESPA�OLES",2,2,4
" 04","CERRO-AMATE","VENEZUELA","EXTRANJEROS",55,56,111
" 04","CERRO-AMATE","VENEZUELA","TOTAL POBLACION",57,58,115
" 04","CERRO-AMATE","YEMEN","EXTRANJEROS",5,2,7
" 04","CERRO-AMATE","YEMEN","TOTAL POBLACION",5,2,7
" 05","SUR","- TODOS -","ESPA�OLES",713,690,1403
" 05","SUR","- TODOS -","EXTRANJEROS",427,554,981
" 05","SUR","- TODOS -","TOTAL POBLACION",1140,1244,2384
" 05","SUR","ALEMANIA","ESPA�OLES",1,1,2
" 05","SUR","ALEMANIA","EXTRANJEROS",1,3,4
" 05","SUR","ALEMANIA","TOTAL POBLACION",2,4,6
" 05","SUR","ARGELIA","EXTRANJEROS",4,2,6
" 05","SUR","ARGELIA","TOTAL POBLACION",4,2,6
" 05","SUR","ARGENTINA","ESPA�OLES",3,5,8
" 05","SUR","ARGENTINA","EXTRANJEROS",4,7,11
" 05","SUR","ARGENTINA","TOTAL POBLACION",7,12,19
" 05","SUR","BELGICA","ESPA�OLES",1,2,3
" 05","SUR","BELGICA","EXTRANJEROS",0,3,3
" 05","SUR","BELGICA","TOTAL POBLACION",1,5,6
" 05","SUR","BOLIVIA","ESPA�OLES",2,0,2
" 05","SUR","BOLIVIA","EXTRANJEROS",1,3,4
" 05","SUR","BOLIVIA","TOTAL POBLACION",3,3,6
" 05","SUR","BRASIL","EXTRANJEROS",6,8,14
" 05","SUR","BRASIL","TOTAL POBLACION",6,8,14
" 05","SUR","CAMERUN","EXTRANJEROS",2,0,2
" 05","SUR","CAMERUN","TOTAL POBLACION",2,0,2
" 05","SUR","CHILE","ESPA�OLES",1,0,1
" 05","SUR","CHILE","EXTRANJEROS",4,1,5
" 05","SUR","CHILE","TOTAL POBLACION",5,1,6
" 05","SUR","CHINA","ESPA�OLES",1,0,1
" 05","SUR","CHINA","EXTRANJEROS",9,10,19
" 05","SUR","CHINA","TOTAL POBLACION",10,10,20
" 05","SUR","COLOMBIA","ESPA�OLES",1,3,4
" 05","SUR","COLOMBIA","EXTRANJEROS",43,41,84
" 05","SUR","COLOMBIA","TOTAL POBLACION",44,44,88
" 05","SUR","COSTA DE MARFIL","EXTRANJEROS",2,1,3
" 05","SUR","COSTA DE MARFIL","TOTAL POBLACION",2,1,3
" 05","SUR","CUBA","ESPA�OLES",0,1,1
" 05","SUR","CUBA","EXTRANJEROS",6,6,12
" 05","SUR","CUBA","TOTAL POBLACION",6,7,13
" 05","SUR","ECUADOR","ESPA�OLES",0,3,3
" 05","SUR","ECUADOR","EXTRANJEROS",0,3,3
" 05","SUR","ECUADOR","TOTAL POBLACION",0,6,6
" 05","SUR","EGIPTO","EXTRANJEROS",1,1,2
" 05","SUR","EGIPTO","TOTAL POBLACION",1,1,2
" 05","SUR","EL SALVADOR","EXTRANJEROS",23,31,54
" 05","SUR","EL SALVADOR","TOTAL POBLACION",23,31,54
" 05","SUR","EMIRATOS ARABES UNIDOS","ESPA�OLES",2,0,2
" 05","SUR","EMIRATOS ARABES UNIDOS","TOTAL POBLACION",2,0,2
" 05","SUR","ESPA�A","ESPA�OLES",667,649,1316
" 05","SUR","ESPA�A","EXTRANJEROS",90,122,212
" 05","SUR","ESPA�A","TOTAL POBLACION",757,771,1528
" 05","SUR","ESTADOS UNIDOS DE AMERICA","ESPA�OLES",8,3,11
" 05","SUR","ESTADOS UNIDOS DE AMERICA","EXTRANJEROS",3,10,13
" 05","SUR","ESTADOS UNIDOS DE AMERICA","TOTAL POBLACION",11,13,24
" 05","SUR","FILIPINAS","EXTRANJEROS",0,1,1
" 05","SUR","FILIPINAS","TOTAL POBLACION",0,1,1
" 05","SUR","FRANCIA","EXTRANJEROS",1,2,3
" 05","SUR","FRANCIA","TOTAL POBLACION",1,2,3
" 05","SUR","GEORGIA","EXTRANJEROS",0,1,1
" 05","SUR","GEORGIA","TOTAL POBLACION",0,1,1
" 05","SUR","GHANA","EXTRANJEROS",2,2,4
" 05","SUR","GHANA","TOTAL POBLACION",2,2,4
" 05","SUR","GRECIA","EXTRANJEROS",1,0,1
" 05","SUR","GRECIA","TOTAL POBLACION",1,0,1
" 05","SUR","GUATEMALA","EXTRANJEROS",7,5,12
" 05","SUR","GUATEMALA","TOTAL POBLACION",7,5,12
" 05","SUR","GUINEA","EXTRANJEROS",3,0,3
" 05","SUR","GUINEA","TOTAL POBLACION",3,0,3
" 05","SUR","GUINEA ECUATORIAL","EXTRANJEROS",1,2,3
" 05","SUR","GUINEA ECUATORIAL","TOTAL POBLACION",1,2,3
" 05","SUR","HONDURAS","ESPA�OLES",0,1,1
" 05","SUR","HONDURAS","EXTRANJEROS",22,45,67
" 05","SUR","HONDURAS","TOTAL POBLACION",22,46,68
" 05","SUR","HUNGRIA","EXTRANJEROS",0,1,1
" 05","SUR","HUNGRIA","TOTAL POBLACION",0,1,1
" 05","SUR","INDONESIA","ESPA�OLES",1,0,1
" 05","SUR","INDONESIA","TOTAL POBLACION",1,0,1
" 05","SUR","IRAK","EXTRANJEROS",1,0,1
" 05","SUR","IRAK","TOTAL POBLACION",1,0,1
" 05","SUR","IRLANDA","EXTRANJEROS",1,2,3
" 05","SUR","IRLANDA","TOTAL POBLACION",1,2,3
" 05","SUR","ITALIA","ESPA�OLES",2,1,3
" 05","SUR","ITALIA","EXTRANJEROS",1,5,6
" 05","SUR","ITALIA","TOTAL POBLACION",3,6,9
" 05","SUR","JAPON","EXTRANJEROS",1,0,1
" 05","SUR","JAPON","TOTAL POBLACION",1,0,1
" 05","SUR","JORDANIA","EXTRANJEROS",1,0,1
" 05","SUR","JORDANIA","TOTAL POBLACION",1,0,1
" 05","SUR","LIBANO","ESPA�OLES",1,0,1
" 05","SUR","LIBANO","TOTAL POBLACION",1,0,1
" 05","SUR","MALI","EXTRANJEROS",2,0,2
" 05","SUR","MALI","TOTAL POBLACION",2,0,2
" 05","SUR","MARRUECOS","ESPA�OLES",0,1,1
" 05","SUR","MARRUECOS","EXTRANJEROS",26,19,45
" 05","SUR","MARRUECOS","TOTAL POBLACION",26,20,46
" 05","SUR","MAURITANIA","EXTRANJEROS",1,0,1
" 05","SUR","MAURITANIA","TOTAL POBLACION",1,0,1
" 05","SUR","MEXICO","ESPA�OLES",3,2,5
" 05","SUR","MEXICO","EXTRANJEROS",3,5,8
" 05","SUR","MEXICO","TOTAL POBLACION",6,7,13
" 05","SUR","NAMIBIA","ESPA�OLES",3,0,3
" 05","SUR","NAMIBIA","TOTAL POBLACION",3,0,3
" 05","SUR","NICARAGUA","EXTRANJEROS",69,120,189
" 05","SUR","NICARAGUA","TOTAL POBLACION",69,120,189
" 05","SUR","NIGERIA","EXTRANJEROS",8,3,11
" 05","SUR","NIGERIA","TOTAL POBLACION",8,3,11
" 05","SUR","PAISES BAJOS","ESPA�OLES",1,0,1
" 05","SUR","PAISES BAJOS","EXTRANJEROS",0,3,3
" 05","SUR","PAISES BAJOS","TOTAL POBLACION",1,3,4
" 05","SUR","PAKISTAN","EXTRANJEROS",4,3,7
" 05","SUR","PAKISTAN","TOTAL POBLACION",4,3,7
" 05","SUR","PANAMA","ESPA�OLES",1,0,1
" 05","SUR","PANAMA","EXTRANJEROS",0,1,1
" 05","SUR","PANAMA","TOTAL POBLACION",1,1,2
" 05","SUR","PARAGUAY","EXTRANJEROS",8,5,13
" 05","SUR","PARAGUAY","TOTAL POBLACION",8,5,13
" 05","SUR","PERU","ESPA�OLES",5,2,7
" 05","SUR","PERU","EXTRANJEROS",13,19,32
" 05","SUR","PERU","TOTAL POBLACION",18,21,39
" 05","SUR","PORTUGAL","ESPA�OLES",3,3,6
" 05","SUR","PORTUGAL","EXTRANJEROS",1,1,2
" 05","SUR","PORTUGAL","TOTAL POBLACION",4,4,8
" 05","SUR","PRINCIPADO DE ANDORRA","EXTRANJEROS",1,0,1
" 05","SUR","PRINCIPADO DE ANDORRA","TOTAL POBLACION",1,0,1
" 05","SUR","REINO UNIDO","ESPA�OLES",3,9,12
" 05","SUR","REINO UNIDO","EXTRANJEROS",3,0,3
" 05","SUR","REINO UNIDO","TOTAL POBLACION",6,9,15
" 05","SUR","REPUBLICA DOMINICANA","EXTRANJEROS",1,1,2
" 05","SUR","REPUBLICA DOMINICANA","TOTAL POBLACION",1,1,2
" 05","SUR","RUMANIA","EXTRANJEROS",2,3,5
" 05","SUR","RUMANIA","TOTAL POBLACION",2,3,5
" 05","SUR","RUSIA","EXTRANJEROS",2,7,9
" 05","SUR","RUSIA","TOTAL POBLACION",2,7,9
" 05","SUR","SENEGAL","EXTRANJEROS",5,0,5
" 05","SUR","SENEGAL","TOTAL POBLACION",5,0,5
" 05","SUR","SINGAPUR","EXTRANJEROS",1,0,1
" 05","SUR","SINGAPUR","TOTAL POBLACION",1,0,1
" 05","SUR","SIRIA","EXTRANJEROS",1,1,2
" 05","SUR","SIRIA","TOTAL POBLACION",1,1,2
" 05","SUR","SUECIA","EXTRANJEROS",1,0,1
" 05","SUR","SUECIA","TOTAL POBLACION",1,0,1
" 05","SUR","SUIZA","ESPA�OLES",1,0,1
" 05","SUR","SUIZA","TOTAL POBLACION",1,0,1
" 05","SUR","TUNEZ","EXTRANJEROS",0,1,1
" 05","SUR","TUNEZ","TOTAL POBLACION",0,1,1
" 05","SUR","UCRANIA","ESPA�OLES",0,1,1
" 05","SUR","UCRANIA","EXTRANJEROS",5,3,8
" 05","SUR","UCRANIA","TOTAL POBLACION",5,4,9
" 05","SUR","VENEZUELA","ESPA�OLES",2,3,5
" 05","SUR","VENEZUELA","EXTRANJEROS",28,40,68
" 05","SUR","VENEZUELA","TOTAL POBLACION",30,43,73
" 05","SUR","VIET-NAM","EXTRANJEROS",0,1,1
" 05","SUR","VIET-NAM","TOTAL POBLACION",0,1,1
" 05","SUR","YEMEN","EXTRANJEROS",1,0,1
" 05","SUR","YEMEN","TOTAL POBLACION",1,0,1
" 06","TRIANA","- TODOS -","ESPA�OLES",588,594,1182
" 06","TRIANA","- TODOS -","EXTRANJEROS",179,260,439
" 06","TRIANA","- TODOS -","TOTAL POBLACION",767,854,1621
" 06","TRIANA","ALEMANIA","ESPA�OLES",1,4,5
" 06","TRIANA","ALEMANIA","EXTRANJEROS",3,4,7
" 06","TRIANA","ALEMANIA","TOTAL POBLACION",4,8,12
" 06","TRIANA","ARGELIA","EXTRANJEROS",1,2,3
" 06","TRIANA","ARGELIA","TOTAL POBLACION",1,2,3
" 06","TRIANA","ARGENTINA","ESPA�OLES",2,3,5
" 06","TRIANA","ARGENTINA","EXTRANJEROS",6,7,13
" 06","TRIANA","ARGENTINA","TOTAL POBLACION",8,10,18
" 06","TRIANA","BANGLA-DESH","EXTRANJEROS",1,1,2
" 06","TRIANA","BANGLA-DESH","TOTAL POBLACION",1,1,2
" 06","TRIANA","BELGICA","EXTRANJEROS",2,2,4
" 06","TRIANA","BELGICA","TOTAL POBLACION",2,2,4
" 06","TRIANA","BOLIVIA","ESPA�OLES",0,1,1
" 06","TRIANA","BOLIVIA","EXTRANJEROS",4,0,4
" 06","TRIANA","BOLIVIA","TOTAL POBLACION",4,1,5
" 06","TRIANA","BRASIL","ESPA�OLES",0,3,3
" 06","TRIANA","BRASIL","EXTRANJEROS",5,7,12
" 06","TRIANA","BRASIL","TOTAL POBLACION",5,10,15
" 06","TRIANA","CHILE","ESPA�OLES",3,4,7
" 06","TRIANA","CHILE","EXTRANJEROS",1,0,1
" 06","TRIANA","CHILE","TOTAL POBLACION",4,4,8
" 06","TRIANA","CHINA","EXTRANJEROS",1,1,2
" 06","TRIANA","CHINA","TOTAL POBLACION",1,1,2
" 06","TRIANA","CHIPRE","EXTRANJEROS",0,1,1
" 06","TRIANA","CHIPRE","TOTAL POBLACION",0,1,1
" 06","TRIANA","COLOMBIA","EXTRANJEROS",5,16,21
" 06","TRIANA","COLOMBIA","TOTAL POBLACION",5,16,21
" 06","TRIANA","CROACIA","EXTRANJEROS",0,1,1
" 06","TRIANA","CROACIA","TOTAL POBLACION",0,1,1
" 06","TRIANA","CUBA","EXTRANJEROS",3,3,6
" 06","TRIANA","CUBA","TOTAL POBLACION",3,3,6
" 06","TRIANA","ECUADOR","ESPA�OLES",1,1,2
" 06","TRIANA","ECUADOR","EXTRANJEROS",1,3,4
" 06","TRIANA","ECUADOR","TOTAL POBLACION",2,4,6
" 06","TRIANA","EL SALVADOR","EXTRANJEROS",8,4,12
" 06","TRIANA","EL SALVADOR","TOTAL POBLACION",8,4,12
" 06","TRIANA","ESLOVAQUIA","EXTRANJEROS",0,1,1
" 06","TRIANA","ESLOVAQUIA","TOTAL POBLACION",0,1,1
" 06","TRIANA","ESPA�A","ESPA�OLES",558,552,1110
" 06","TRIANA","ESPA�A","EXTRANJEROS",53,71,124
" 06","TRIANA","ESPA�A","TOTAL POBLACION",611,623,1234
" 06","TRIANA","ESTADOS UNIDOS DE AMERICA","ESPA�OLES",4,3,7
" 06","TRIANA","ESTADOS UNIDOS DE AMERICA","EXTRANJEROS",6,14,20
" 06","TRIANA","ESTADOS UNIDOS DE AMERICA","TOTAL POBLACION",10,17,27
" 06","TRIANA","FILIPINAS","EXTRANJEROS",0,2,2
" 06","TRIANA","FILIPINAS","TOTAL POBLACION",0,2,2
" 06","TRIANA","FRANCIA","ESPA�OLES",2,4,6
" 06","TRIANA","FRANCIA","EXTRANJEROS",7,10,17
" 06","TRIANA","FRANCIA","TOTAL POBLACION",9,14,23
" 06","TRIANA","GRECIA","EXTRANJEROS",3,0,3
" 06","TRIANA","GRECIA","TOTAL POBLACION",3,0,3
" 06","TRIANA","GUATEMALA","EXTRANJEROS",0,1,1
" 06","TRIANA","GUATEMALA","TOTAL POBLACION",0,1,1
" 06","TRIANA","GUINEA ECUATORIAL","ESPA�OLES",1,0,1
" 06","TRIANA","GUINEA ECUATORIAL","TOTAL POBLACION",1,0,1
" 06","TRIANA","HONDURAS","EXTRANJEROS",2,12,14
" 06","TRIANA","HONDURAS","TOTAL POBLACION",2,12,14
" 06","TRIANA","INDIA","EXTRANJEROS",2,1,3
" 06","TRIANA","INDIA","TOTAL POBLACION",2,1,3
" 06","TRIANA","IRLANDA","ESPA�OLES",1,0,1
" 06","TRIANA","IRLANDA","EXTRANJEROS",2,1,3
" 06","TRIANA","IRLANDA","TOTAL POBLACION",3,1,4
" 06","TRIANA","ITALIA","ESPA�OLES",0,1,1
" 06","TRIANA","ITALIA","EXTRANJEROS",8,4,12
" 06","TRIANA","ITALIA","TOTAL POBLACION",8,5,13
" 06","TRIANA","JAPON","EXTRANJEROS",0,1,1
" 06","TRIANA","JAPON","TOTAL POBLACION",0,1,1
" 06","TRIANA","MALI","ESPA�OLES",0,1,1
" 06","TRIANA","MALI","EXTRANJEROS",0,1,1
" 06","TRIANA","MALI","TOTAL POBLACION",0,2,2
" 06","TRIANA","MARRUECOS","ESPA�OLES",2,0,2
" 06","TRIANA","MARRUECOS","EXTRANJEROS",6,5,11
" 06","TRIANA","MARRUECOS","TOTAL POBLACION",8,5,13
" 06","TRIANA","MEXICO","ESPA�OLES",1,2,3
" 06","TRIANA","MEXICO","EXTRANJEROS",4,3,7
" 06","TRIANA","MEXICO","TOTAL POBLACION",5,5,10
" 06","TRIANA","NICARAGUA","ESPA�OLES",1,0,1
" 06","TRIANA","NICARAGUA","EXTRANJEROS",8,24,32
" 06","TRIANA","NICARAGUA","TOTAL POBLACION",9,24,33
" 06","TRIANA","PAISES BAJOS","EXTRANJEROS",1,2,3
" 06","TRIANA","PAISES BAJOS","TOTAL POBLACION",1,2,3
" 06","TRIANA","PARAGUAY","ESPA�OLES",1,0,1
" 06","TRIANA","PARAGUAY","EXTRANJEROS",4,7,11
" 06","TRIANA","PARAGUAY","TOTAL POBLACION",5,7,12
" 06","TRIANA","PERU","ESPA�OLES",2,4,6
" 06","TRIANA","PERU","EXTRANJEROS",15,17,32
" 06","TRIANA","PERU","TOTAL POBLACION",17,21,38
" 06","TRIANA","POLONIA","EXTRANJEROS",0,2,2
" 06","TRIANA","POLONIA","TOTAL POBLACION",0,2,2
" 06","TRIANA","PORTUGAL","ESPA�OLES",0,1,1
" 06","TRIANA","PORTUGAL","EXTRANJEROS",1,1,2
" 06","TRIANA","PORTUGAL","TOTAL POBLACION",1,2,3
" 06","TRIANA","REINO UNIDO","ESPA�OLES",3,6,9
" 06","TRIANA","REINO UNIDO","EXTRANJEROS",5,2,7
" 06","TRIANA","REINO UNIDO","TOTAL POBLACION",8,8,16
" 06","TRIANA","REPUBLICA CHECA","EXTRANJEROS",1,0,1
" 06","TRIANA","REPUBLICA CHECA","TOTAL POBLACION",1,0,1
" 06","TRIANA","REPUBLICA DE COREA","ESPA�OLES",1,0,1
" 06","TRIANA","REPUBLICA DE COREA","EXTRANJEROS",0,1,1
" 06","TRIANA","REPUBLICA DE COREA","TOTAL POBLACION",1,1,2
" 06","TRIANA","REPUBLICA DOMINICANA","ESPA�OLES",1,1,2
" 06","TRIANA","REPUBLICA DOMINICANA","EXTRANJEROS",1,1,2
" 06","TRIANA","REPUBLICA DOMINICANA","TOTAL POBLACION",2,2,4
" 06","TRIANA","RUMANIA","EXTRANJEROS",0,1,1
" 06","TRIANA","RUMANIA","TOTAL POBLACION",0,1,1
" 06","TRIANA","RUSIA","EXTRANJEROS",0,4,4
" 06","TRIANA","RUSIA","TOTAL POBLACION",0,4,4
" 06","TRIANA","SENEGAL","EXTRANJEROS",1,0,1
" 06","TRIANA","SENEGAL","TOTAL POBLACION",1,0,1
" 06","TRIANA","SUIZA","ESPA�OLES",0,1,1
" 06","TRIANA","SUIZA","TOTAL POBLACION",0,1,1
" 06","TRIANA","UCRANIA","EXTRANJEROS",1,1,2
" 06","TRIANA","UCRANIA","TOTAL POBLACION",1,1,2
" 06","TRIANA","VENEZUELA","ESPA�OLES",3,2,5
" 06","TRIANA","VENEZUELA","EXTRANJEROS",7,18,25
" 06","TRIANA","VENEZUELA","TOTAL POBLACION",10,20,30
" 07","NORTE","- TODOS -","ESPA�OLES",451,467,918
" 07","NORTE","- TODOS -","EXTRANJEROS",273,262,535
" 07","NORTE","- TODOS -","TOTAL POBLACION",724,729,1453
" 07","NORTE","ALEMANIA","ESPA�OLES",2,1,3
" 07","NORTE","ALEMANIA","EXTRANJEROS",1,1,2
" 07","NORTE","ALEMANIA","TOTAL POBLACION",3,2,5
" 07","NORTE","ARGELIA","EXTRANJEROS",1,2,3
" 07","NORTE","ARGELIA","TOTAL POBLACION",1,2,3
" 07","NORTE","ARGENTINA","EXTRANJEROS",0,3,3
" 07","NORTE","ARGENTINA","TOTAL POBLACION",0,3,3
" 07","NORTE","AUSTRALIA","ESPA�OLES",1,0,1
" 07","NORTE","AUSTRALIA","TOTAL POBLACION",1,0,1
" 07","NORTE","BELGICA","EXTRANJEROS",1,0,1
" 07","NORTE","BELGICA","TOTAL POBLACION",1,0,1
" 07","NORTE","BRASIL","EXTRANJEROS",2,2,4
" 07","NORTE","BRASIL","TOTAL POBLACION",2,2,4
" 07","NORTE","CAMERUN","EXTRANJEROS",1,2,3
" 07","NORTE","CAMERUN","TOTAL POBLACION",1,2,3
" 07","NORTE","CHILE","EXTRANJEROS",4,3,7
" 07","NORTE","CHILE","TOTAL POBLACION",4,3,7
" 07","NORTE","CHINA","ESPA�OLES",1,0,1
" 07","NORTE","CHINA","EXTRANJEROS",4,0,4
" 07","NORTE","CHINA","TOTAL POBLACION",5,0,5
" 07","NORTE","COLOMBIA","EXTRANJEROS",13,20,33
" 07","NORTE","COLOMBIA","TOTAL POBLACION",13,20,33
" 07","NORTE","COSTA DE MARFIL","EXTRANJEROS",4,1,5
" 07","NORTE","COSTA DE MARFIL","TOTAL POBLACION",4,1,5
" 07","NORTE","CUBA","EXTRANJEROS",2,1,3
" 07","NORTE","CUBA","TOTAL POBLACION",2,1,3
" 07","NORTE","ECUADOR","EXTRANJEROS",3,0,3
" 07","NORTE","ECUADOR","TOTAL POBLACION",3,0,3
" 07","NORTE","EGIPTO","EXTRANJEROS",0,1,1
" 07","NORTE","EGIPTO","TOTAL POBLACION",0,1,1
" 07","NORTE","EL SALVADOR","EXTRANJEROS",4,5,9
" 07","NORTE","EL SALVADOR","TOTAL POBLACION",4,5,9
" 07","NORTE","EMIRATOS ARABES UNIDOS","ESPA�OLES",1,0,1
" 07","NORTE","EMIRATOS ARABES UNIDOS","TOTAL POBLACION",1,0,1
" 07","NORTE","ESPA�A","ESPA�OLES",439,459,898
" 07","NORTE","ESPA�A","EXTRANJEROS",94,83,177
" 07","NORTE","ESPA�A","TOTAL POBLACION",533,542,1075
" 07","NORTE","ESTADOS UNIDOS DE AMERICA","EXTRANJEROS",1,0,1
" 07","NORTE","ESTADOS UNIDOS DE AMERICA","TOTAL POBLACION",1,0,1
" 07","NORTE","FRANCIA","ESPA�OLES",1,1,2
" 07","NORTE","FRANCIA","EXTRANJEROS",5,0,5
" 07","NORTE","FRANCIA","TOTAL POBLACION",6,1,7
" 07","NORTE","GHANA","EXTRANJEROS",1,0,1
" 07","NORTE","GHANA","TOTAL POBLACION",1,0,1
" 07","NORTE","GUATEMALA","EXTRANJEROS",1,3,4
" 07","NORTE","GUATEMALA","TOTAL POBLACION",1,3,4
" 07","NORTE","GUINEA","EXTRANJEROS",7,1,8
" 07","NORTE","GUINEA","TOTAL POBLACION",7,1,8
" 07","NORTE","HONDURAS","EXTRANJEROS",3,10,13
" 07","NORTE","HONDURAS","TOTAL POBLACION",3,10,13
" 07","NORTE","IRLANDA","EXTRANJEROS",0,1,1
" 07","NORTE","IRLANDA","TOTAL POBLACION",0,1,1
" 07","NORTE","ITALIA","EXTRANJEROS",2,5,7
" 07","NORTE","ITALIA","TOTAL POBLACION",2,5,7
" 07","NORTE","LIBERIA","EXTRANJEROS",2,0,2
" 07","NORTE","LIBERIA","TOTAL POBLACION",2,0,2
" 07","NORTE","MALI","EXTRANJEROS",19,0,19
" 07","NORTE","MALI","TOTAL POBLACION",19,0,19
" 07","NORTE","MARRUECOS","EXTRANJEROS",24,13,37
" 07","NORTE","MARRUECOS","TOTAL POBLACION",24,13,37
" 07","NORTE","MEXICO","EXTRANJEROS",1,1,2
" 07","NORTE","MEXICO","TOTAL POBLACION",1,1,2
" 07","NORTE","NICARAGUA","EXTRANJEROS",23,41,64
" 07","NORTE","NICARAGUA","TOTAL POBLACION",23,41,64
" 07","NORTE","NIGERIA","EXTRANJEROS",1,2,3
" 07","NORTE","NIGERIA","TOTAL POBLACION",1,2,3
" 07","NORTE","PAISES BAJOS","EXTRANJEROS",0,1,1
" 07","NORTE","PAISES BAJOS","TOTAL POBLACION",0,1,1
" 07","NORTE","PALESTINA. ESTADO OBSERVADOR, NO MIEMBRO DE NACIONES UNIDAS","EXTRANJEROS",1,0,1
" 07","NORTE","PALESTINA. ESTADO OBSERVADOR, NO MIEMBRO DE NACIONES UNIDAS","TOTAL POBLACION",1,0,1
" 07","NORTE","PANAMA","ESPA�OLES",1,0,1
" 07","NORTE","PANAMA","EXTRANJEROS",1,0,1
" 07","NORTE","PANAMA","TOTAL POBLACION",2,0,2
" 07","NORTE","PARAGUAY","EXTRANJEROS",3,6,9
" 07","NORTE","PARAGUAY","TOTAL POBLACION",3,6,9
" 07","NORTE","PERU","EXTRANJEROS",2,9,11
" 07","NORTE","PERU","TOTAL POBLACION",2,9,11
" 07","NORTE","PORTUGAL","EXTRANJEROS",1,0,1
" 07","NORTE","PORTUGAL","TOTAL POBLACION",1,0,1
" 07","NORTE","PRINCIPADO DE ANDORRA","ESPA�OLES",0,1,1
" 07","NORTE","PRINCIPADO DE ANDORRA","TOTAL POBLACION",0,1,1
" 07","NORTE","REINO UNIDO","ESPA�OLES",1,1,2
" 07","NORTE","REINO UNIDO","EXTRANJEROS",0,2,2
" 07","NORTE","REINO UNIDO","TOTAL POBLACION",1,3,4
" 07","NORTE","REPUBLICA CHECA","EXTRANJEROS",1,0,1
" 07","NORTE","REPUBLICA CHECA","TOTAL POBLACION",1,0,1
" 07","NORTE","REPUBLICA DOMINICANA","ESPA�OLES",1,0,1
" 07","NORTE","REPUBLICA DOMINICANA","TOTAL POBLACION",1,0,1
" 07","NORTE","RUMANIA","EXTRANJEROS",1,3,4
" 07","NORTE","RUMANIA","TOTAL POBLACION",1,3,4
" 07","NORTE","RUSIA","EXTRANJEROS",3,3,6
" 07","NORTE","RUSIA","TOTAL POBLACION",3,3,6
" 07","NORTE","SENEGAL","EXTRANJEROS",11,2,13
" 07","NORTE","SENEGAL","TOTAL POBLACION",11,2,13
" 07","NORTE","SIERRA LEONA","EXTRANJEROS",0,1,1
" 07","NORTE","SIERRA LEONA","TOTAL POBLACION",0,1,1
" 07","NORTE","SOMALIA","EXTRANJEROS",1,0,1
" 07","NORTE","SOMALIA","TOTAL POBLACION",1,0,1
" 07","NORTE","TAILANDIA","ESPA�OLES",2,1,3
" 07","NORTE","TAILANDIA","EXTRANJEROS",0,1,1
" 07","NORTE","TAILANDIA","TOTAL POBLACION",2,2,4
" 07","NORTE","UCRANIA","EXTRANJEROS",2,2,4
" 07","NORTE","UCRANIA","TOTAL POBLACION",2,2,4
" 07","NORTE","VENEZUELA","ESPA�OLES",1,3,4
" 07","NORTE","VENEZUELA","EXTRANJEROS",22,31,53
" 07","NORTE","VENEZUELA","TOTAL POBLACION",23,34,57
" 08","S. PABLO-STA. JUSTA","- TODOS -","ESPA�OLES",565,564,1129
" 08","S. PABLO-STA. JUSTA","- TODOS -","EXTRANJEROS",258,349,607
" 08","S. PABLO-STA. JUSTA","- TODOS -","TOTAL POBLACION",823,913,1736
" 08","S. PABLO-STA. JUSTA","AFGANISTAN","EXTRANJEROS",1,0,1
" 08","S. PABLO-STA. JUSTA","AFGANISTAN","TOTAL POBLACION",1,0,1
" 08","S. PABLO-STA. JUSTA","ALEMANIA","ESPA�OLES",4,4,8
" 08","S. PABLO-STA. JUSTA","ALEMANIA","EXTRANJEROS",2,4,6
" 08","S. PABLO-STA. JUSTA","ALEMANIA","TOTAL POBLACION",6,8,14
" 08","S. PABLO-STA. JUSTA","ARGELIA","EXTRANJEROS",0,1,1
" 08","S. PABLO-STA. JUSTA","ARGELIA","TOTAL POBLACION",0,1,1
" 08","S. PABLO-STA. JUSTA","ARGENTINA","ESPA�OLES",0,1,1
" 08","S. PABLO-STA. JUSTA","ARGENTINA","EXTRANJEROS",3,4,7
" 08","S. PABLO-STA. JUSTA","ARGENTINA","TOTAL POBLACION",3,5,8
" 08","S. PABLO-STA. JUSTA","ARMENIA","EXTRANJEROS",1,0,1
" 08","S. PABLO-STA. JUSTA","ARMENIA","TOTAL POBLACION",1,0,1
" 08","S. PABLO-STA. JUSTA","AUSTRALIA","ESPA�OLES",0,1,1
" 08","S. PABLO-STA. JUSTA","AUSTRALIA","TOTAL POBLACION",0,1,1
" 08","S. PABLO-STA. JUSTA","BELGICA","ESPA�OLES",3,2,5
" 08","S. PABLO-STA. JUSTA","BELGICA","EXTRANJEROS",2,1,3
" 08","S. PABLO-STA. JUSTA","BELGICA","TOTAL POBLACION",5,3,8
" 08","S. PABLO-STA. JUSTA","BOLIVIA","ESPA�OLES",1,3,4
" 08","S. PABLO-STA. JUSTA","BOLIVIA","EXTRANJEROS",1,1,2
" 08","S. PABLO-STA. JUSTA","BOLIVIA","TOTAL POBLACION",2,4,6
" 08","S. PABLO-STA. JUSTA","BRASIL","ESPA�OLES",2,0,2
" 08","S. PABLO-STA. JUSTA","BRASIL","EXTRANJEROS",3,4,7
" 08","S. PABLO-STA. JUSTA","BRASIL","TOTAL POBLACION",5,4,9
" 08","S. PABLO-STA. JUSTA","CABO VERDE","ESPA�OLES",0,1,1
" 08","S. PABLO-STA. JUSTA","CABO VERDE","TOTAL POBLACION",0,1,1
" 08","S. PABLO-STA. JUSTA","CAMERUN","EXTRANJEROS",1,1,2
" 08","S. PABLO-STA. JUSTA","CAMERUN","TOTAL POBLACION",1,1,2
" 08","S. PABLO-STA. JUSTA","CANADA","ESPA�OLES",1,2,3
" 08","S. PABLO-STA. JUSTA","CANADA","EXTRANJEROS",1,0,1
" 08","S. PABLO-STA. JUSTA","CANADA","TOTAL POBLACION",2,2,4
" 08","S. PABLO-STA. JUSTA","CHILE","ESPA�OLES",4,1,5
" 08","S. PABLO-STA. JUSTA","CHILE","EXTRANJEROS",6,3,9
" 08","S. PABLO-STA. JUSTA","CHILE","TOTAL POBLACION",10,4,14
" 08","S. PABLO-STA. JUSTA","CHINA","ESPA�OLES",1,0,1
" 08","S. PABLO-STA. JUSTA","CHINA","EXTRANJEROS",5,5,10
" 08","S. PABLO-STA. JUSTA","CHINA","TOTAL POBLACION",6,5,11
" 08","S. PABLO-STA. JUSTA","COLOMBIA","EXTRANJEROS",15,33,48
" 08","S. PABLO-STA. JUSTA","COLOMBIA","TOTAL POBLACION",15,33,48
" 08","S. PABLO-STA. JUSTA","COSTA DE MARFIL","EXTRANJEROS",1,0,1
" 08","S. PABLO-STA. JUSTA","COSTA DE MARFIL","TOTAL POBLACION",1,0,1
" 08","S. PABLO-STA. JUSTA","CUBA","ESPA�OLES",0,4,4
" 08","S. PABLO-STA. JUSTA","CUBA","EXTRANJEROS",4,4,8
" 08","S. PABLO-STA. JUSTA","CUBA","TOTAL POBLACION",4,8,12
" 08","S. PABLO-STA. JUSTA","ECUADOR","ESPA�OLES",4,1,5
" 08","S. PABLO-STA. JUSTA","ECUADOR","EXTRANJEROS",1,0,1
" 08","S. PABLO-STA. JUSTA","ECUADOR","TOTAL POBLACION",5,1,6
" 08","S. PABLO-STA. JUSTA","EL SALVADOR","EXTRANJEROS",6,4,10
" 08","S. PABLO-STA. JUSTA","EL SALVADOR","TOTAL POBLACION",6,4,10
" 08","S. PABLO-STA. JUSTA","EMIRATOS ARABES UNIDOS","ESPA�OLES",0,1,1
" 08","S. PABLO-STA. JUSTA","EMIRATOS ARABES UNIDOS","EXTRANJEROS",1,0,1
" 08","S. PABLO-STA. JUSTA","EMIRATOS ARABES UNIDOS","TOTAL POBLACION",1,1,2
" 08","S. PABLO-STA. JUSTA","ESPA�A","ESPA�OLES",518,510,1028
" 08","S. PABLO-STA. JUSTA","ESPA�A","EXTRANJEROS",78,101,179
" 08","S. PABLO-STA. JUSTA","ESPA�A","TOTAL POBLACION",596,611,1207
" 08","S. PABLO-STA. JUSTA","ESTADOS UNIDOS DE AMERICA","ESPA�OLES",1,1,2
" 08","S. PABLO-STA. JUSTA","ESTADOS UNIDOS DE AMERICA","EXTRANJEROS",2,5,7
" 08","S. PABLO-STA. JUSTA","ESTADOS UNIDOS DE AMERICA","TOTAL POBLACION",3,6,9
" 08","S. PABLO-STA. JUSTA","ETIOPIA","ESPA�OLES",1,1,2
" 08","S. PABLO-STA. JUSTA","ETIOPIA","TOTAL POBLACION",1,1,2
" 08","S. PABLO-STA. JUSTA","FRANCIA","ESPA�OLES",2,4,6
" 08","S. PABLO-STA. JUSTA","FRANCIA","EXTRANJEROS",2,3,5
" 08","S. PABLO-STA. JUSTA","FRANCIA","TOTAL POBLACION",4,7,11
" 08","S. PABLO-STA. JUSTA","GEORGIA","EXTRANJEROS",2,6,8
" 08","S. PABLO-STA. JUSTA","GEORGIA","TOTAL POBLACION",2,6,8
" 08","S. PABLO-STA. JUSTA","GUATEMALA","EXTRANJEROS",2,4,6
" 08","S. PABLO-STA. JUSTA","GUATEMALA","TOTAL POBLACION",2,4,6
" 08","S. PABLO-STA. JUSTA","GUINEA","EXTRANJEROS",2,0,2
" 08","S. PABLO-STA. JUSTA","GUINEA","TOTAL POBLACION",2,0,2
" 08","S. PABLO-STA. JUSTA","HONDURAS","EXTRANJEROS",5,9,14
" 08","S. PABLO-STA. JUSTA","HONDURAS","TOTAL POBLACION",5,9,14
" 08","S. PABLO-STA. JUSTA","IRAK","ESPA�OLES",1,1,2
" 08","S. PABLO-STA. JUSTA","IRAK","TOTAL POBLACION",1,1,2
" 08","S. PABLO-STA. JUSTA","IRAN","EXTRANJEROS",0,2,2
" 08","S. PABLO-STA. JUSTA","IRAN","TOTAL POBLACION",0,2,2
" 08","S. PABLO-STA. JUSTA","IRLANDA","ESPA�OLES",0,1,1
" 08","S. PABLO-STA. JUSTA","IRLANDA","TOTAL POBLACION",0,1,1
" 08","S. PABLO-STA. JUSTA","ITALIA","ESPA�OLES",5,4,9
" 08","S. PABLO-STA. JUSTA","ITALIA","EXTRANJEROS",4,10,14
" 08","S. PABLO-STA. JUSTA","ITALIA","TOTAL POBLACION",9,14,23
" 08","S. PABLO-STA. JUSTA","JAPON","ESPA�OLES",1,0,1
" 08","S. PABLO-STA. JUSTA","JAPON","EXTRANJEROS",0,1,1
" 08","S. PABLO-STA. JUSTA","JAPON","TOTAL POBLACION",1,1,2
" 08","S. PABLO-STA. JUSTA","MALI","ESPA�OLES",1,0,1
" 08","S. PABLO-STA. JUSTA","MALI","EXTRANJEROS",2,1,3
" 08","S. PABLO-STA. JUSTA","MALI","TOTAL POBLACION",3,1,4
" 08","S. PABLO-STA. JUSTA","MALTA","ESPA�OLES",1,0,1
" 08","S. PABLO-STA. JUSTA","MALTA","TOTAL POBLACION",1,0,1
" 08","S. PABLO-STA. JUSTA","MARRUECOS","EXTRANJEROS",7,9,16
" 08","S. PABLO-STA. JUSTA","MARRUECOS","TOTAL POBLACION",7,9,16
" 08","S. PABLO-STA. JUSTA","MEXICO","ESPA�OLES",1,1,2
" 08","S. PABLO-STA. JUSTA","MEXICO","EXTRANJEROS",0,3,3
" 08","S. PABLO-STA. JUSTA","MEXICO","TOTAL POBLACION",1,4,5
" 08","S. PABLO-STA. JUSTA","MOZAMBIQUE","ESPA�OLES",0,1,1
" 08","S. PABLO-STA. JUSTA","MOZAMBIQUE","TOTAL POBLACION",0,1,1
" 08","S. PABLO-STA. JUSTA","NICARAGUA","EXTRANJEROS",17,42,59
" 08","S. PABLO-STA. JUSTA","NICARAGUA","TOTAL POBLACION",17,42,59
" 08","S. PABLO-STA. JUSTA","NIGERIA","EXTRANJEROS",1,3,4
" 08","S. PABLO-STA. JUSTA","NIGERIA","TOTAL POBLACION",1,3,4
" 08","S. PABLO-STA. JUSTA","PAKISTAN","EXTRANJEROS",5,0,5
" 08","S. PABLO-STA. JUSTA","PAKISTAN","TOTAL POBLACION",5,0,5
" 08","S. PABLO-STA. JUSTA","PARAGUAY","EXTRANJEROS",9,9,18
" 08","S. PABLO-STA. JUSTA","PARAGUAY","TOTAL POBLACION",9,9,18
" 08","S. PABLO-STA. JUSTA","PERU","ESPA�OLES",1,4,5
" 08","S. PABLO-STA. JUSTA","PERU","EXTRANJEROS",13,24,37
" 08","S. PABLO-STA. JUSTA","PERU","TOTAL POBLACION",14,28,42
" 08","S. PABLO-STA. JUSTA","PORTUGAL","ESPA�OLES",1,0,1
" 08","S. PABLO-STA. JUSTA","PORTUGAL","EXTRANJEROS",3,2,5
" 08","S. PABLO-STA. JUSTA","PORTUGAL","TOTAL POBLACION",4,2,6
" 08","S. PABLO-STA. JUSTA","PRINCIPADO DE ANDORRA","ESPA�OLES",0,1,1
" 08","S. PABLO-STA. JUSTA","PRINCIPADO DE ANDORRA","TOTAL POBLACION",0,1,1
" 08","S. PABLO-STA. JUSTA","REINO UNIDO","ESPA�OLES",7,8,15
" 08","S. PABLO-STA. JUSTA","REINO UNIDO","EXTRANJEROS",6,3,9
" 08","S. PABLO-STA. JUSTA","REINO UNIDO","TOTAL POBLACION",13,11,24
" 08","S. PABLO-STA. JUSTA","REPUBLICA DOMINICANA","EXTRANJEROS",2,1,3
" 08","S. PABLO-STA. JUSTA","REPUBLICA DOMINICANA","TOTAL POBLACION",2,1,3
" 08","S. PABLO-STA. JUSTA","RUMANIA","EXTRANJEROS",3,2,5
" 08","S. PABLO-STA. JUSTA","RUMANIA","TOTAL POBLACION",3,2,5
" 08","S. PABLO-STA. JUSTA","RUSIA","EXTRANJEROS",3,1,4
" 08","S. PABLO-STA. JUSTA","RUSIA","TOTAL POBLACION",3,1,4
" 08","S. PABLO-STA. JUSTA","SENEGAL","EXTRANJEROS",1,0,1
" 08","S. PABLO-STA. JUSTA","SENEGAL","TOTAL POBLACION",1,0,1
" 08","S. PABLO-STA. JUSTA","SIERRA LEONA","EXTRANJEROS",2,0,2
" 08","S. PABLO-STA. JUSTA","SIERRA LEONA","TOTAL POBLACION",2,0,2
" 08","S. PABLO-STA. JUSTA","SIRIA","EXTRANJEROS",2,2,4
" 08","S. PABLO-STA. JUSTA","SIRIA","TOTAL POBLACION",2,2,4
" 08","S. PABLO-STA. JUSTA","UCRANIA","ESPA�OLES",1,3,4
" 08","S. PABLO-STA. JUSTA","UCRANIA","EXTRANJEROS",2,2,4
" 08","S. PABLO-STA. JUSTA","UCRANIA","TOTAL POBLACION",3,5,8
" 08","S. PABLO-STA. JUSTA","VENEZUELA","ESPA�OLES",3,3,6
" 08","S. PABLO-STA. JUSTA","VENEZUELA","EXTRANJEROS",29,39,68
" 08","S. PABLO-STA. JUSTA","VENEZUELA","TOTAL POBLACION",32,42,74
" 09","ESTE","- TODOS -","ESPA�OLES",740,759,1499
" 09","ESTE","- TODOS -","EXTRANJEROS",427,372,799
" 09","ESTE","- TODOS -","TOTAL POBLACION",1167,1131,2298
" 09","ESTE","ALEMANIA","ESPA�OLES",7,6,13
" 09","ESTE","ALEMANIA","EXTRANJEROS",1,0,1
" 09","ESTE","ALEMANIA","TOTAL POBLACION",8,6,14
" 09","ESTE","ARABIA SAUDITA","ESPA�OLES",1,0,1
" 09","ESTE","ARABIA SAUDITA","TOTAL POBLACION",1,0,1
" 09","ESTE","ARGELIA","ESPA�OLES",1,0,1
" 09","ESTE","ARGELIA","EXTRANJEROS",6,1,7
" 09","ESTE","ARGELIA","TOTAL POBLACION",7,1,8
" 09","ESTE","ARGENTINA","ESPA�OLES",1,0,1
" 09","ESTE","ARGENTINA","EXTRANJEROS",0,2,2
" 09","ESTE","ARGENTINA","TOTAL POBLACION",1,2,3
" 09","ESTE","AUSTRIA","ESPA�OLES",1,0,1
" 09","ESTE","AUSTRIA","EXTRANJEROS",0,2,2
" 09","ESTE","AUSTRIA","TOTAL POBLACION",1,2,3
" 09","ESTE","AZERBAIYAN","EXTRANJEROS",2,1,3
" 09","ESTE","AZERBAIYAN","TOTAL POBLACION",2,1,3
" 09","ESTE","BELGICA","ESPA�OLES",0,2,2
" 09","ESTE","BELGICA","TOTAL POBLACION",0,2,2
" 09","ESTE","BIELORUSIA","EXTRANJEROS",1,0,1
" 09","ESTE","BIELORUSIA","TOTAL POBLACION",1,0,1
" 09","ESTE","BOLIVIA","ESPA�OLES",0,2,2
" 09","ESTE","BOLIVIA","EXTRANJEROS",2,1,3
" 09","ESTE","BOLIVIA","TOTAL POBLACION",2,3,5
" 09","ESTE","BRASIL","ESPA�OLES",1,0,1
" 09","ESTE","BRASIL","EXTRANJEROS",11,15,26
" 09","ESTE","BRASIL","TOTAL POBLACION",12,15,27
" 09","ESTE","BURKINA FASSO","EXTRANJEROS",5,0,5
" 09","ESTE","BURKINA FASSO","TOTAL POBLACION",5,0,5
" 09","ESTE","CAMERUN","EXTRANJEROS",2,1,3
" 09","ESTE","CAMERUN","TOTAL POBLACION",2,1,3
" 09","ESTE","CANADA","ESPA�OLES",1,2,3
" 09","ESTE","CANADA","EXTRANJEROS",1,0,1
" 09","ESTE","CANADA","TOTAL POBLACION",2,2,4
" 09","ESTE","CHILE","ESPA�OLES",1,1,2
" 09","ESTE","CHILE","EXTRANJEROS",7,2,9
" 09","ESTE","CHILE","TOTAL POBLACION",8,3,11
" 09","ESTE","CHINA","EXTRANJEROS",4,7,11
" 09","ESTE","CHINA","TOTAL POBLACION",4,7,11
" 09","ESTE","COLOMBIA","ESPA�OLES",3,3,6
" 09","ESTE","COLOMBIA","EXTRANJEROS",34,32,66
" 09","ESTE","COLOMBIA","TOTAL POBLACION",37,35,72
" 09","ESTE","CONGO","EXTRANJEROS",1,1,2
" 09","ESTE","CONGO","TOTAL POBLACION",1,1,2
" 09","ESTE","COSTA DE MARFIL","EXTRANJEROS",10,2,12
" 09","ESTE","COSTA DE MARFIL","TOTAL POBLACION",10,2,12
" 09","ESTE","CROACIA","EXTRANJEROS",0,1,1
" 09","ESTE","CROACIA","TOTAL POBLACION",0,1,1
" 09","ESTE","CUBA","EXTRANJEROS",1,4,5
" 09","ESTE","CUBA","TOTAL POBLACION",1,4,5
" 09","ESTE","DINAMARCA","ESPA�OLES",0,1,1
" 09","ESTE","DINAMARCA","EXTRANJEROS",1,0,1
" 09","ESTE","DINAMARCA","TOTAL POBLACION",1,1,2
" 09","ESTE","ECUADOR","ESPA�OLES",0,2,2
" 09","ESTE","ECUADOR","EXTRANJEROS",0,1,1
" 09","ESTE","ECUADOR","TOTAL POBLACION",0,3,3
" 09","ESTE","EL SALVADOR","EXTRANJEROS",9,7,16
" 09","ESTE","EL SALVADOR","TOTAL POBLACION",9,7,16
" 09","ESTE","ESPA�A","ESPA�OLES",702,714,1416
" 09","ESTE","ESPA�A","EXTRANJEROS",140,150,290
" 09","ESTE","ESPA�A","TOTAL POBLACION",842,864,1706
" 09","ESTE","ESTADOS UNIDOS DE AMERICA","ESPA�OLES",0,1,1
" 09","ESTE","ESTADOS UNIDOS DE AMERICA","EXTRANJEROS",2,4,6
" 09","ESTE","ESTADOS UNIDOS DE AMERICA","TOTAL POBLACION",2,5,7
" 09","ESTE","FRANCIA","ESPA�OLES",0,3,3
" 09","ESTE","FRANCIA","EXTRANJEROS",3,0,3
" 09","ESTE","FRANCIA","TOTAL POBLACION",3,3,6
" 09","ESTE","GAMBIA","EXTRANJEROS",1,0,1
" 09","ESTE","GAMBIA","TOTAL POBLACION",1,0,1
" 09","ESTE","GEORGIA","EXTRANJEROS",10,11,21
" 09","ESTE","GEORGIA","TOTAL POBLACION",10,11,21
" 09","ESTE","GHANA","EXTRANJEROS",4,0,4
" 09","ESTE","GHANA","TOTAL POBLACION",4,0,4
" 09","ESTE","GRECIA","EXTRANJEROS",0,1,1
" 09","ESTE","GRECIA","TOTAL POBLACION",0,1,1
" 09","ESTE","GUATEMALA","ESPA�OLES",1,0,1
" 09","ESTE","GUATEMALA","EXTRANJEROS",2,2,4
" 09","ESTE","GUATEMALA","TOTAL POBLACION",3,2,5
" 09","ESTE","GUINEA","EXTRANJEROS",18,1,19
" 09","ESTE","GUINEA","TOTAL POBLACION",18,1,19
" 09","ESTE","GUINEA BISSAU","EXTRANJEROS",1,0,1
" 09","ESTE","GUINEA BISSAU","TOTAL POBLACION",1,0,1
" 09","ESTE","GUINEA ECUATORIAL","EXTRANJEROS",0,1,1
" 09","ESTE","GUINEA ECUATORIAL","TOTAL POBLACION",0,1,1
" 09","ESTE","HONDURAS","EXTRANJEROS",5,13,18
" 09","ESTE","HONDURAS","TOTAL POBLACION",5,13,18
" 09","ESTE","INDONESIA","ESPA�OLES",1,1,2
" 09","ESTE","INDONESIA","TOTAL POBLACION",1,1,2
" 09","ESTE","IRAN","EXTRANJEROS",1,0,1
" 09","ESTE","IRAN","TOTAL POBLACION",1,0,1
" 09","ESTE","IRLANDA","ESPA�OLES",0,1,1
" 09","ESTE","IRLANDA","EXTRANJEROS",1,0,1
" 09","ESTE","IRLANDA","TOTAL POBLACION",1,1,2
" 09","ESTE","ISRAEL","ESPA�OLES",0,1,1
" 09","ESTE","ISRAEL","TOTAL POBLACION",0,1,1
" 09","ESTE","ITALIA","ESPA�OLES",0,1,1
" 09","ESTE","ITALIA","TOTAL POBLACION",0,1,1
" 09","ESTE","JAPON","EXTRANJEROS",0,1,1
" 09","ESTE","JAPON","TOTAL POBLACION",0,1,1
" 09","ESTE","KENIA","ESPA�OLES",1,0,1
" 09","ESTE","KENIA","TOTAL POBLACION",1,0,1
" 09","ESTE","KUWAIT","ESPA�OLES",1,0,1
" 09","ESTE","KUWAIT","TOTAL POBLACION",1,0,1
" 09","ESTE","LIBANO","EXTRANJEROS",1,0,1
" 09","ESTE","LIBANO","TOTAL POBLACION",1,0,1
" 09","ESTE","MALI","EXTRANJEROS",30,0,30
" 09","ESTE","MALI","TOTAL POBLACION",30,0,30
" 09","ESTE","MARRUECOS","ESPA�OLES",2,1,3
" 09","ESTE","MARRUECOS","EXTRANJEROS",21,22,43
" 09","ESTE","MARRUECOS","TOTAL POBLACION",23,23,46
" 09","ESTE","MAURITANIA","EXTRANJEROS",1,0,1
" 09","ESTE","MAURITANIA","TOTAL POBLACION",1,0,1
" 09","ESTE","MEXICO","ESPA�OLES",0,1,1
" 09","ESTE","MEXICO","EXTRANJEROS",3,2,5
" 09","ESTE","MEXICO","TOTAL POBLACION",3,3,6
" 09","ESTE","NICARAGUA","EXTRANJEROS",10,23,33
" 09","ESTE","NICARAGUA","TOTAL POBLACION",10,23,33
" 09","ESTE","NIGERIA","EXTRANJEROS",2,1,3
" 09","ESTE","NIGERIA","TOTAL POBLACION",2,1,3
" 09","ESTE","NORUEGA","ESPA�OLES",1,0,1
" 09","ESTE","NORUEGA","TOTAL POBLACION",1,0,1
" 09","ESTE","PAKISTAN","EXTRANJEROS",3,0,3
" 09","ESTE","PAKISTAN","TOTAL POBLACION",3,0,3
" 09","ESTE","PALESTINA. ESTADO OBSERVADOR, NO MIEMBRO DE NACIONES UNIDAS","EXTRANJEROS",1,0,1
" 09","ESTE","PALESTINA. ESTADO OBSERVADOR, NO MIEMBRO DE NACIONES UNIDAS","TOTAL POBLACION",1,0,1
" 09","ESTE","PANAMA","ESPA�OLES",1,1,2
" 09","ESTE","PANAMA","EXTRANJEROS",2,2,4
" 09","ESTE","PANAMA","TOTAL POBLACION",3,3,6
" 09","ESTE","PARAGUAY","EXTRANJEROS",2,3,5
" 09","ESTE","PARAGUAY","TOTAL POBLACION",2,3,5
" 09","ESTE","PERU","ESPA�OLES",5,1,6
" 09","ESTE","PERU","EXTRANJEROS",8,7,15
" 09","ESTE","PERU","TOTAL POBLACION",13,8,21
" 09","ESTE","POLONIA","ESPA�OLES",1,0,1
" 09","ESTE","POLONIA","EXTRANJEROS",1,0,1
" 09","ESTE","POLONIA","TOTAL POBLACION",2,0,2
" 09","ESTE","PORTUGAL","EXTRANJEROS",3,1,4
" 09","ESTE","PORTUGAL","TOTAL POBLACION",3,1,4
" 09","ESTE","REINO UNIDO","ESPA�OLES",3,5,8
" 09","ESTE","REINO UNIDO","EXTRANJEROS",0,1,1
" 09","ESTE","REINO UNIDO","TOTAL POBLACION",3,6,9
" 09","ESTE","REPUBLICA CHECA","ESPA�OLES",1,0,1
" 09","ESTE","REPUBLICA CHECA","TOTAL POBLACION",1,0,1
" 09","ESTE","REPUBLICA DE COREA","EXTRANJEROS",2,3,5
" 09","ESTE","REPUBLICA DE COREA","TOTAL POBLACION",2,3,5
" 09","ESTE","REPUBLICA DOMINICANA","ESPA�OLES",0,1,1
" 09","ESTE","REPUBLICA DOMINICANA","EXTRANJEROS",1,2,3
" 09","ESTE","REPUBLICA DOMINICANA","TOTAL POBLACION",1,3,4
" 09","ESTE","REPUBLICA SUDAFRICANA","EXTRANJEROS",2,0,2
" 09","ESTE","REPUBLICA SUDAFRICANA","TOTAL POBLACION",2,0,2
" 09","ESTE","RUMANIA","EXTRANJEROS",3,0,3
" 09","ESTE","RUMANIA","TOTAL POBLACION",3,0,3
" 09","ESTE","RUSIA","EXTRANJEROS",1,1,2
" 09","ESTE","RUSIA","TOTAL POBLACION",1,1,2
" 09","ESTE","SENEGAL","EXTRANJEROS",9,0,9
" 09","ESTE","SENEGAL","TOTAL POBLACION",9,0,9
" 09","ESTE","SERBIA","EXTRANJEROS",1,0,1
" 09","ESTE","SERBIA","TOTAL POBLACION",1,0,1
" 09","ESTE","SUIZA","ESPA�OLES",1,2,3
" 09","ESTE","SUIZA","EXTRANJEROS",1,3,4
" 09","ESTE","SUIZA","TOTAL POBLACION",2,5,7
" 09","ESTE","TUNEZ","EXTRANJEROS",7,1,8
" 09","ESTE","TUNEZ","TOTAL POBLACION",7,1,8
" 09","ESTE","UCRANIA","EXTRANJEROS",7,8,15
" 09","ESTE","UCRANIA","TOTAL POBLACION",7,8,15
" 09","ESTE","VENEZUELA","ESPA�OLES",2,6,8
" 09","ESTE","VENEZUELA","EXTRANJEROS",19,28,47
" 09","ESTE","VENEZUELA","TOTAL POBLACION",21,34,55
" 10","BELLAVISTA-LA PALMERA","- TODOS -","ESPA�OLES",500,479,979
" 10","BELLAVISTA-LA PALMERA","- TODOS -","EXTRANJEROS",195,263,458
" 10","BELLAVISTA-LA PALMERA","- TODOS -","TOTAL POBLACION",695,742,1437
" 10","BELLAVISTA-LA PALMERA","ALEMANIA","ESPA�OLES",0,1,1
" 10","BELLAVISTA-LA PALMERA","ALEMANIA","EXTRANJEROS",4,2,6
" 10","BELLAVISTA-LA PALMERA","ALEMANIA","TOTAL POBLACION",4,3,7
" 10","BELLAVISTA-LA PALMERA","ARABIA SAUDITA","ESPA�OLES",1,0,1
" 10","BELLAVISTA-LA PALMERA","ARABIA SAUDITA","TOTAL POBLACION",1,0,1
" 10","BELLAVISTA-LA PALMERA","ARGELIA","EXTRANJEROS",3,2,5
" 10","BELLAVISTA-LA PALMERA","ARGELIA","TOTAL POBLACION",3,2,5
" 10","BELLAVISTA-LA PALMERA","ARGENTINA","ESPA�OLES",3,1,4
" 10","BELLAVISTA-LA PALMERA","ARGENTINA","EXTRANJEROS",0,1,1
" 10","BELLAVISTA-LA PALMERA","ARGENTINA","TOTAL POBLACION",3,2,5
" 10","BELLAVISTA-LA PALMERA","AUSTRALIA","ESPA�OLES",3,1,4
" 10","BELLAVISTA-LA PALMERA","AUSTRALIA","TOTAL POBLACION",3,1,4
" 10","BELLAVISTA-LA PALMERA","AUSTRIA","EXTRANJEROS",0,1,1
" 10","BELLAVISTA-LA PALMERA","AUSTRIA","TOTAL POBLACION",0,1,1
" 10","BELLAVISTA-LA PALMERA","BELGICA","EXTRANJEROS",0,3,3
" 10","BELLAVISTA-LA PALMERA","BELGICA","TOTAL POBLACION",0,3,3
" 10","BELLAVISTA-LA PALMERA","BIELORUSIA","EXTRANJEROS",0,1,1
" 10","BELLAVISTA-LA PALMERA","BIELORUSIA","TOTAL POBLACION",0,1,1
" 10","BELLAVISTA-LA PALMERA","BOLIVIA","EXTRANJEROS",3,4,7
" 10","BELLAVISTA-LA PALMERA","BOLIVIA","TOTAL POBLACION",3,4,7
" 10","BELLAVISTA-LA PALMERA","BRASIL","ESPA�OLES",0,1,1
" 10","BELLAVISTA-LA PALMERA","BRASIL","EXTRANJEROS",0,3,3
" 10","BELLAVISTA-LA PALMERA","BRASIL","TOTAL POBLACION",0,4,4
" 10","BELLAVISTA-LA PALMERA","CAMERUN","EXTRANJEROS",0,2,2
" 10","BELLAVISTA-LA PALMERA","CAMERUN","TOTAL POBLACION",0,2,2
" 10","BELLAVISTA-LA PALMERA","CANADA","EXTRANJEROS",0,1,1
" 10","BELLAVISTA-LA PALMERA","CANADA","TOTAL POBLACION",0,1,1
" 10","BELLAVISTA-LA PALMERA","CHILE","EXTRANJEROS",1,1,2
" 10","BELLAVISTA-LA PALMERA","CHILE","TOTAL POBLACION",1,1,2
" 10","BELLAVISTA-LA PALMERA","CHINA","ESPA�OLES",0,1,1
" 10","BELLAVISTA-LA PALMERA","CHINA","EXTRANJEROS",1,1,2
" 10","BELLAVISTA-LA PALMERA","CHINA","TOTAL POBLACION",1,2,3
" 10","BELLAVISTA-LA PALMERA","COLOMBIA","ESPA�OLES",0,1,1
" 10","BELLAVISTA-LA PALMERA","COLOMBIA","EXTRANJEROS",16,20,36
" 10","BELLAVISTA-LA PALMERA","COLOMBIA","TOTAL POBLACION",16,21,37
" 10","BELLAVISTA-LA PALMERA","COSTA DE MARFIL","EXTRANJEROS",1,0,1
" 10","BELLAVISTA-LA PALMERA","COSTA DE MARFIL","TOTAL POBLACION",1,0,1
" 10","BELLAVISTA-LA PALMERA","COSTA RICA","EXTRANJEROS",0,1,1
" 10","BELLAVISTA-LA PALMERA","COSTA RICA","TOTAL POBLACION",0,1,1
" 10","BELLAVISTA-LA PALMERA","CUBA","ESPA�OLES",2,0,2
" 10","BELLAVISTA-LA PALMERA","CUBA","EXTRANJEROS",0,1,1
" 10","BELLAVISTA-LA PALMERA","CUBA","TOTAL POBLACION",2,1,3
" 10","BELLAVISTA-LA PALMERA","DINAMARCA","ESPA�OLES",3,2,5
" 10","BELLAVISTA-LA PALMERA","DINAMARCA","TOTAL POBLACION",3,2,5
" 10","BELLAVISTA-LA PALMERA","ECUADOR","ESPA�OLES",1,1,2
" 10","BELLAVISTA-LA PALMERA","ECUADOR","EXTRANJEROS",2,4,6
" 10","BELLAVISTA-LA PALMERA","ECUADOR","TOTAL POBLACION",3,5,8
" 10","BELLAVISTA-LA PALMERA","EL SALVADOR","EXTRANJEROS",2,3,5
" 10","BELLAVISTA-LA PALMERA","EL SALVADOR","TOTAL POBLACION",2,3,5
" 10","BELLAVISTA-LA PALMERA","EMIRATOS ARABES UNIDOS","ESPA�OLES",1,0,1
" 10","BELLAVISTA-LA PALMERA","EMIRATOS ARABES UNIDOS","TOTAL POBLACION",1,0,1
" 10","BELLAVISTA-LA PALMERA","ESPA�A","ESPA�OLES",464,452,916
" 10","BELLAVISTA-LA PALMERA","ESPA�A","EXTRANJEROS",63,76,139
" 10","BELLAVISTA-LA PALMERA","ESPA�A","TOTAL POBLACION",527,528,1055
" 10","BELLAVISTA-LA PALMERA","ESTADOS UNIDOS DE AMERICA","ESPA�OLES",3,1,4
" 10","BELLAVISTA-LA PALMERA","ESTADOS UNIDOS DE AMERICA","EXTRANJEROS",5,4,9
" 10","BELLAVISTA-LA PALMERA","ESTADOS UNIDOS DE AMERICA","TOTAL POBLACION",8,5,13
" 10","BELLAVISTA-LA PALMERA","FRANCIA","ESPA�OLES",2,2,4
" 10","BELLAVISTA-LA PALMERA","FRANCIA","EXTRANJEROS",1,4,5
" 10","BELLAVISTA-LA PALMERA","FRANCIA","TOTAL POBLACION",3,6,9
" 10","BELLAVISTA-LA PALMERA","GEORGIA","EXTRANJEROS",2,1,3
" 10","BELLAVISTA-LA PALMERA","GEORGIA","TOTAL POBLACION",2,1,3
" 10","BELLAVISTA-LA PALMERA","GHANA","ESPA�OLES",2,0,2
" 10","BELLAVISTA-LA PALMERA","GHANA","TOTAL POBLACION",2,0,2
" 10","BELLAVISTA-LA PALMERA","GUINEA","EXTRANJEROS",0,2,2
" 10","BELLAVISTA-LA PALMERA","GUINEA","TOTAL POBLACION",0,2,2
" 10","BELLAVISTA-LA PALMERA","GUINEA ECUATORIAL","ESPA�OLES",1,0,1
" 10","BELLAVISTA-LA PALMERA","GUINEA ECUATORIAL","EXTRANJEROS",1,0,1
" 10","BELLAVISTA-LA PALMERA","GUINEA ECUATORIAL","TOTAL POBLACION",2,0,2
" 10","BELLAVISTA-LA PALMERA","HONDURAS","EXTRANJEROS",1,8,9
" 10","BELLAVISTA-LA PALMERA","HONDURAS","TOTAL POBLACION",1,8,9
" 10","BELLAVISTA-LA PALMERA","IRAK","EXTRANJEROS",4,2,6
" 10","BELLAVISTA-LA PALMERA","IRAK","TOTAL POBLACION",4,2,6
" 10","BELLAVISTA-LA PALMERA","IRAN","EXTRANJEROS",0,1,1
" 10","BELLAVISTA-LA PALMERA","IRAN","TOTAL POBLACION",0,1,1
" 10","BELLAVISTA-LA PALMERA","IRLANDA","EXTRANJEROS",0,1,1
" 10","BELLAVISTA-LA PALMERA","IRLANDA","TOTAL POBLACION",0,1,1
" 10","BELLAVISTA-LA PALMERA","ISRAEL","ESPA�OLES",0,1,1
" 10","BELLAVISTA-LA PALMERA","ISRAEL","TOTAL POBLACION",0,1,1
" 10","BELLAVISTA-LA PALMERA","ITALIA","ESPA�OLES",1,2,3
" 10","BELLAVISTA-LA PALMERA","ITALIA","EXTRANJEROS",2,4,6
" 10","BELLAVISTA-LA PALMERA","ITALIA","TOTAL POBLACION",3,6,9
" 10","BELLAVISTA-LA PALMERA","KAZAJSTAN","EXTRANJEROS",0,1,1
" 10","BELLAVISTA-LA PALMERA","KAZAJSTAN","TOTAL POBLACION",0,1,1
" 10","BELLAVISTA-LA PALMERA","MARRUECOS","EXTRANJEROS",19,19,38
" 10","BELLAVISTA-LA PALMERA","MARRUECOS","TOTAL POBLACION",19,19,38
" 10","BELLAVISTA-LA PALMERA","MEXICO","ESPA�OLES",0,1,1
" 10","BELLAVISTA-LA PALMERA","MEXICO","EXTRANJEROS",3,3,6
" 10","BELLAVISTA-LA PALMERA","MEXICO","TOTAL POBLACION",3,4,7
" 10","BELLAVISTA-LA PALMERA","NICARAGUA","EXTRANJEROS",12,26,38
" 10","BELLAVISTA-LA PALMERA","NICARAGUA","TOTAL POBLACION",12,26,38
" 10","BELLAVISTA-LA PALMERA","PAISES BAJOS","EXTRANJEROS",2,1,3
" 10","BELLAVISTA-LA PALMERA","PAISES BAJOS","TOTAL POBLACION",2,1,3
" 10","BELLAVISTA-LA PALMERA","PALESTINA. ESTADO OBSERVADOR, NO MIEMBRO DE NACIONES UNIDAS","EXTRANJEROS",4,6,10
" 10","BELLAVISTA-LA PALMERA","PALESTINA. ESTADO OBSERVADOR, NO MIEMBRO DE NACIONES UNIDAS","TOTAL POBLACION",4,6,10
" 10","BELLAVISTA-LA PALMERA","PANAMA","ESPA�OLES",2,0,2
" 10","BELLAVISTA-LA PALMERA","PANAMA","TOTAL POBLACION",2,0,2
" 10","BELLAVISTA-LA PALMERA","PARAGUAY","EXTRANJEROS",2,2,4
" 10","BELLAVISTA-LA PALMERA","PARAGUAY","TOTAL POBLACION",2,2,4
" 10","BELLAVISTA-LA PALMERA","PERU","ESPA�OLES",0,2,2
" 10","BELLAVISTA-LA PALMERA","PERU","EXTRANJEROS",3,5,8
" 10","BELLAVISTA-LA PALMERA","PERU","TOTAL POBLACION",3,7,10
" 10","BELLAVISTA-LA PALMERA","POLONIA","EXTRANJEROS",0,2,2
" 10","BELLAVISTA-LA PALMERA","POLONIA","TOTAL POBLACION",0,2,2
" 10","BELLAVISTA-LA PALMERA","PORTUGAL","ESPA�OLES",1,0,1
" 10","BELLAVISTA-LA PALMERA","PORTUGAL","TOTAL POBLACION",1,0,1
" 10","BELLAVISTA-LA PALMERA","REINO UNIDO","ESPA�OLES",7,7,14
" 10","BELLAVISTA-LA PALMERA","REINO UNIDO","EXTRANJEROS",3,2,5
" 10","BELLAVISTA-LA PALMERA","REINO UNIDO","TOTAL POBLACION",10,9,19
" 10","BELLAVISTA-LA PALMERA","REPUBLICA CHECA","EXTRANJEROS",0,2,2
" 10","BELLAVISTA-LA PALMERA","REPUBLICA CHECA","TOTAL POBLACION",0,2,2
" 10","BELLAVISTA-LA PALMERA","REPUBLICA DOMINICANA","ESPA�OLES",1,1,2
" 10","BELLAVISTA-LA PALMERA","REPUBLICA DOMINICANA","EXTRANJEROS",2,2,4
" 10","BELLAVISTA-LA PALMERA","REPUBLICA DOMINICANA","TOTAL POBLACION",3,3,6
" 10","BELLAVISTA-LA PALMERA","RUMANIA","EXTRANJEROS",2,3,5
" 10","BELLAVISTA-LA PALMERA","RUMANIA","TOTAL POBLACION",2,3,5
" 10","BELLAVISTA-LA PALMERA","RUSIA","EXTRANJEROS",0,1,1
" 10","BELLAVISTA-LA PALMERA","RUSIA","TOTAL POBLACION",0,1,1
" 10","BELLAVISTA-LA PALMERA","SENEGAL","EXTRANJEROS",3,0,3
" 10","BELLAVISTA-LA PALMERA","SENEGAL","TOTAL POBLACION",3,0,3
" 10","BELLAVISTA-LA PALMERA","SUECIA","EXTRANJEROS",1,0,1
" 10","BELLAVISTA-LA PALMERA","SUECIA","TOTAL POBLACION",1,0,1
" 10","BELLAVISTA-LA PALMERA","TURQUIA","ESPA�OLES",1,0,1
" 10","BELLAVISTA-LA PALMERA","TURQUIA","TOTAL POBLACION",1,0,1
" 10","BELLAVISTA-LA PALMERA","UCRANIA","EXTRANJEROS",1,2,3
" 10","BELLAVISTA-LA PALMERA","UCRANIA","TOTAL POBLACION",1,2,3
" 10","BELLAVISTA-LA PALMERA","URUGUAY","ESPA�OLES",0,1,1
" 10","BELLAVISTA-LA PALMERA","URUGUAY","EXTRANJEROS",1,3,4
" 10","BELLAVISTA-LA PALMERA","URUGUAY","TOTAL POBLACION",1,4,5
" 10","BELLAVISTA-LA PALMERA","VENEZUELA","ESPA�OLES",1,0,1
" 10","BELLAVISTA-LA PALMERA","VENEZUELA","EXTRANJEROS",23,29,52
" 10","BELLAVISTA-LA PALMERA","VENEZUELA","TOTAL POBLACION",24,29,53
" 10","BELLAVISTA-LA PALMERA","YEMEN","EXTRANJEROS",2,0,2
" 10","BELLAVISTA-LA PALMERA","YEMEN","TOTAL POBLACION",2,0,2
" 11","LOS REMEDIOS","- TODOS -","ESPA�OLES",326,315,641
" 11","LOS REMEDIOS","- TODOS -","EXTRANJEROS",63,127,190
" 11","LOS REMEDIOS","- TODOS -","TOTAL POBLACION",389,442,831
" 11","LOS REMEDIOS","ALEMANIA","ESPA�OLES",1,4,5
" 11","LOS REMEDIOS","ALEMANIA","EXTRANJEROS",2,3,5
" 11","LOS REMEDIOS","ALEMANIA","TOTAL POBLACION",3,7,10
" 11","LOS REMEDIOS","ARGENTINA","ESPA�OLES",0,1,1
" 11","LOS REMEDIOS","ARGENTINA","EXTRANJEROS",2,2,4
" 11","LOS REMEDIOS","ARGENTINA","TOTAL POBLACION",2,3,5
" 11","LOS REMEDIOS","AUSTRALIA","ESPA�OLES",0,1,1
" 11","LOS REMEDIOS","AUSTRALIA","TOTAL POBLACION",0,1,1
" 11","LOS REMEDIOS","BIELORUSIA","EXTRANJEROS",0,1,1
" 11","LOS REMEDIOS","BIELORUSIA","TOTAL POBLACION",0,1,1
" 11","LOS REMEDIOS","BOLIVIA","EXTRANJEROS",2,2,4
" 11","LOS REMEDIOS","BOLIVIA","TOTAL POBLACION",2,2,4
" 11","LOS REMEDIOS","BRASIL","EXTRANJEROS",3,2,5
" 11","LOS REMEDIOS","BRASIL","TOTAL POBLACION",3,2,5
" 11","LOS REMEDIOS","CHILE","ESPA�OLES",3,2,5
" 11","LOS REMEDIOS","CHILE","TOTAL POBLACION",3,2,5
" 11","LOS REMEDIOS","CHINA","EXTRANJEROS",1,8,9
" 11","LOS REMEDIOS","CHINA","TOTAL POBLACION",1,8,9
" 11","LOS REMEDIOS","COLOMBIA","ESPA�OLES",0,1,1
" 11","LOS REMEDIOS","COLOMBIA","EXTRANJEROS",4,9,13
" 11","LOS REMEDIOS","COLOMBIA","TOTAL POBLACION",4,10,14
" 11","LOS REMEDIOS","CUBA","EXTRANJEROS",1,1,2
" 11","LOS REMEDIOS","CUBA","TOTAL POBLACION",1,1,2
" 11","LOS REMEDIOS","ECUADOR","ESPA�OLES",2,0,2
" 11","LOS REMEDIOS","ECUADOR","EXTRANJEROS",2,3,5
" 11","LOS REMEDIOS","ECUADOR","TOTAL POBLACION",4,3,7
" 11","LOS REMEDIOS","EMIRATOS ARABES UNIDOS","ESPA�OLES",1,0,1
" 11","LOS REMEDIOS","EMIRATOS ARABES UNIDOS","TOTAL POBLACION",1,0,1
" 11","LOS REMEDIOS","ESPA�A","ESPA�OLES",306,298,604
" 11","LOS REMEDIOS","ESPA�A","EXTRANJEROS",18,33,51
" 11","LOS REMEDIOS","ESPA�A","TOTAL POBLACION",324,331,655
" 11","LOS REMEDIOS","ESTADOS UNIDOS DE AMERICA","ESPA�OLES",2,1,3
" 11","LOS REMEDIOS","ESTADOS UNIDOS DE AMERICA","EXTRANJEROS",2,1,3
" 11","LOS REMEDIOS","ESTADOS UNIDOS DE AMERICA","TOTAL POBLACION",4,2,6
" 11","LOS REMEDIOS","FILIPINAS","ESPA�OLES",0,1,1
" 11","LOS REMEDIOS","FILIPINAS","TOTAL POBLACION",0,1,1
" 11","LOS REMEDIOS","FINLANDIA","EXTRANJEROS",0,1,1
" 11","LOS REMEDIOS","FINLANDIA","TOTAL POBLACION",0,1,1
" 11","LOS REMEDIOS","FRANCIA","ESPA�OLES",0,1,1
" 11","LOS REMEDIOS","FRANCIA","EXTRANJEROS",0,4,4
" 11","LOS REMEDIOS","FRANCIA","TOTAL POBLACION",0,5,5
" 11","LOS REMEDIOS","GUATEMALA","EXTRANJEROS",0,2,2
" 11","LOS REMEDIOS","GUATEMALA","TOTAL POBLACION",0,2,2
" 11","LOS REMEDIOS","HONDURAS","EXTRANJEROS",0,1,1
" 11","LOS REMEDIOS","HONDURAS","TOTAL POBLACION",0,1,1
" 11","LOS REMEDIOS","IRLANDA","ESPA�OLES",1,0,1
" 11","LOS REMEDIOS","IRLANDA","EXTRANJEROS",0,2,2
" 11","LOS REMEDIOS","IRLANDA","TOTAL POBLACION",1,2,3
" 11","LOS REMEDIOS","ITALIA","EXTRANJEROS",7,5,12
" 11","LOS REMEDIOS","ITALIA","TOTAL POBLACION",7,5,12
" 11","LOS REMEDIOS","MARRUECOS","EXTRANJEROS",3,0,3
" 11","LOS REMEDIOS","MARRUECOS","TOTAL POBLACION",3,0,3
" 11","LOS REMEDIOS","MEXICO","ESPA�OLES",1,2,3
" 11","LOS REMEDIOS","MEXICO","EXTRANJEROS",3,3,6
" 11","LOS REMEDIOS","MEXICO","TOTAL POBLACION",4,5,9
" 11","LOS REMEDIOS","MONGOLIA","ESPA�OLES",1,0,1
" 11","LOS REMEDIOS","MONGOLIA","TOTAL POBLACION",1,0,1
" 11","LOS REMEDIOS","NICARAGUA","EXTRANJEROS",4,22,26
" 11","LOS REMEDIOS","NICARAGUA","TOTAL POBLACION",4,22,26
" 11","LOS REMEDIOS","PAISES BAJOS","EXTRANJEROS",0,1,1
" 11","LOS REMEDIOS","PAISES BAJOS","TOTAL POBLACION",0,1,1
" 11","LOS REMEDIOS","PANAMA","ESPA�OLES",2,0,2
" 11","LOS REMEDIOS","PANAMA","TOTAL POBLACION",2,0,2
" 11","LOS REMEDIOS","PARAGUAY","EXTRANJEROS",0,2,2
" 11","LOS REMEDIOS","PARAGUAY","TOTAL POBLACION",0,2,2
" 11","LOS REMEDIOS","PERU","ESPA�OLES",1,1,2
" 11","LOS REMEDIOS","PERU","EXTRANJEROS",2,9,11
" 11","LOS REMEDIOS","PERU","TOTAL POBLACION",3,10,13
" 11","LOS REMEDIOS","REINO UNIDO","ESPA�OLES",3,0,3
" 11","LOS REMEDIOS","REINO UNIDO","EXTRANJEROS",3,6,9
" 11","LOS REMEDIOS","REINO UNIDO","TOTAL POBLACION",6,6,12
" 11","LOS REMEDIOS","REPUBLICA CHECA","EXTRANJEROS",0,1,1
" 11","LOS REMEDIOS","REPUBLICA CHECA","TOTAL POBLACION",0,1,1
" 11","LOS REMEDIOS","REPUBLICA DOMINICANA","EXTRANJEROS",3,1,4
" 11","LOS REMEDIOS","REPUBLICA DOMINICANA","TOTAL POBLACION",3,1,4
" 11","LOS REMEDIOS","RUMANIA","EXTRANJEROS",0,1,1
" 11","LOS REMEDIOS","RUMANIA","TOTAL POBLACION",0,1,1
" 11","LOS REMEDIOS","SUECIA","ESPA�OLES",0,1,1
" 11","LOS REMEDIOS","SUECIA","TOTAL POBLACION",0,1,1
" 11","LOS REMEDIOS","SUIZA","ESPA�OLES",1,0,1
" 11","LOS REMEDIOS","SUIZA","TOTAL POBLACION",1,0,1
" 11","LOS REMEDIOS","VENEZUELA","ESPA�OLES",1,1,2
" 11","LOS REMEDIOS","VENEZUELA","EXTRANJEROS",1,1,2
" 11","LOS REMEDIOS","VENEZUELA","TOTAL POBLACION",2,2,4
"00","TOTAL MUNICIPIO","- TODOS -","ESPA�OLES",6575,6608,13183
"00","TOTAL MUNICIPIO","- TODOS -","EXTRANJEROS",4395,5002,9397
"00","TOTAL MUNICIPIO","- TODOS -","TOTAL POBLACION",10970,11610,22580
"00","TOTAL MUNICIPIO","AFGANISTAN","EXTRANJEROS",1,0,1
"00","TOTAL MUNICIPIO","AFGANISTAN","TOTAL POBLACION",1,0,1
"00","TOTAL MUNICIPIO","ALBANIA","EXTRANJEROS",1,0,1
"00","TOTAL MUNICIPIO","ALBANIA","TOTAL POBLACION",1,0,1
"00","TOTAL MUNICIPIO","ALEMANIA","ESPA�OLES",28,39,67
"00","TOTAL MUNICIPIO","ALEMANIA","EXTRANJEROS",35,34,69
"00","TOTAL MUNICIPIO","ALEMANIA","TOTAL POBLACION",63,73,136
"00","TOTAL MUNICIPIO","ARABIA SAUDITA","ESPA�OLES",5,1,6
"00","TOTAL MUNICIPIO","ARABIA SAUDITA","EXTRANJEROS",1,1,2
"00","TOTAL MUNICIPIO","ARABIA SAUDITA","TOTAL POBLACION",6,2,8
"00","TOTAL MUNICIPIO","ARGELIA","ESPA�OLES",1,0,1
"00","TOTAL MUNICIPIO","ARGELIA","EXTRANJEROS",34,11,45
"00","TOTAL MUNICIPIO","ARGELIA","TOTAL POBLACION",35,11,46
"00","TOTAL MUNICIPIO","ARGENTINA","ESPA�OLES",13,17,30
"00","TOTAL MUNICIPIO","ARGENTINA","EXTRANJEROS",54,64,118
"00","TOTAL MUNICIPIO","ARGENTINA","TOTAL POBLACION",67,81,148
"00","TOTAL MUNICIPIO","ARMENIA","EXTRANJEROS",2,3,5
"00","TOTAL MUNICIPIO","ARMENIA","TOTAL POBLACION",2,3,5
"00","TOTAL MUNICIPIO","AUSTRALIA","ESPA�OLES",9,7,16
"00","TOTAL MUNICIPIO","AUSTRALIA","EXTRANJEROS",2,4,6
"00","TOTAL MUNICIPIO","AUSTRALIA","TOTAL POBLACION",11,11,22
"00","TOTAL MUNICIPIO","AUSTRIA","ESPA�OLES",2,4,6
"00","TOTAL MUNICIPIO","AUSTRIA","EXTRANJEROS",2,4,6
"00","TOTAL MUNICIPIO","AUSTRIA","TOTAL POBLACION",4,8,12
"00","TOTAL MUNICIPIO","AZERBAIYAN","EXTRANJEROS",3,4,7
"00","TOTAL MUNICIPIO","AZERBAIYAN","TOTAL POBLACION",3,4,7
"00","TOTAL MUNICIPIO","BANGLA-DESH","EXTRANJEROS",3,3,6
"00","TOTAL MUNICIPIO","BANGLA-DESH","TOTAL POBLACION",3,3,6
"00","TOTAL MUNICIPIO","BELGICA","ESPA�OLES",8,13,21
"00","TOTAL MUNICIPIO","BELGICA","EXTRANJEROS",8,21,29
"00","TOTAL MUNICIPIO","BELGICA","TOTAL POBLACION",16,34,50
"00","TOTAL MUNICIPIO","BENIN","EXTRANJEROS",1,0,1
"00","TOTAL MUNICIPIO","BENIN","TOTAL POBLACION",1,0,1
"00","TOTAL MUNICIPIO","BIELORUSIA","EXTRANJEROS",1,3,4
"00","TOTAL MUNICIPIO","BIELORUSIA","TOTAL POBLACION",1,3,4
"00","TOTAL MUNICIPIO","BOLIVIA","ESPA�OLES",18,14,32
"00","TOTAL MUNICIPIO","BOLIVIA","EXTRANJEROS",46,41,87
"00","TOTAL MUNICIPIO","BOLIVIA","TOTAL POBLACION",64,55,119
"00","TOTAL MUNICIPIO","BRASIL","ESPA�OLES",5,6,11
"00","TOTAL MUNICIPIO","BRASIL","EXTRANJEROS",56,81,137
"00","TOTAL MUNICIPIO","BRASIL","TOTAL POBLACION",61,87,148
"00","TOTAL MUNICIPIO","BULGARIA","EXTRANJEROS",1,3,4
"00","TOTAL MUNICIPIO","BULGARIA","TOTAL POBLACION",1,3,4
"00","TOTAL MUNICIPIO","BURKINA FASSO","EXTRANJEROS",14,0,14
"00","TOTAL MUNICIPIO","BURKINA FASSO","TOTAL POBLACION",14,0,14
"00","TOTAL MUNICIPIO","BURUNDI","EXTRANJEROS",0,1,1
"00","TOTAL MUNICIPIO","BURUNDI","TOTAL POBLACION",0,1,1
"00","TOTAL MUNICIPIO","CABO VERDE","ESPA�OLES",0,1,1
"00","TOTAL MUNICIPIO","CABO VERDE","TOTAL POBLACION",0,1,1
"00","TOTAL MUNICIPIO","CAMERUN","EXTRANJEROS",13,9,22
"00","TOTAL MUNICIPIO","CAMERUN","TOTAL POBLACION",13,9,22
"00","TOTAL MUNICIPIO","CANADA","ESPA�OLES",4,4,8
"00","TOTAL MUNICIPIO","CANADA","EXTRANJEROS",4,4,8
"00","TOTAL MUNICIPIO","CANADA","TOTAL POBLACION",8,8,16
"00","TOTAL MUNICIPIO","CHILE","ESPA�OLES",17,10,27
"00","TOTAL MUNICIPIO","CHILE","EXTRANJEROS",35,22,57
"00","TOTAL MUNICIPIO","CHILE","TOTAL POBLACION",52,32,84
"00","TOTAL MUNICIPIO","CHINA","ESPA�OLES",5,2,7
"00","TOTAL MUNICIPIO","CHINA","EXTRANJEROS",46,58,104
"00","TOTAL MUNICIPIO","CHINA","TOTAL POBLACION",51,60,111
"00","TOTAL MUNICIPIO","CHIPRE","EXTRANJEROS",0,1,1
"00","TOTAL MUNICIPIO","CHIPRE","TOTAL POBLACION",0,1,1
"00","TOTAL MUNICIPIO","COLOMBIA","ESPA�OLES",9,15,24
"00","TOTAL MUNICIPIO","COLOMBIA","EXTRANJEROS",293,334,627
"00","TOTAL MUNICIPIO","COLOMBIA","TOTAL POBLACION",302,349,651
"00","TOTAL MUNICIPIO","CONGO","EXTRANJEROS",1,1,2
"00","TOTAL MUNICIPIO","CONGO","TOTAL POBLACION",1,1,2
"00","TOTAL MUNICIPIO","COSTA DE MARFIL","EXTRANJEROS",42,10,52
"00","TOTAL MUNICIPIO","COSTA DE MARFIL","TOTAL POBLACION",42,10,52
"00","TOTAL MUNICIPIO","COSTA RICA","ESPA�OLES",1,0,1
"00","TOTAL MUNICIPIO","COSTA RICA","EXTRANJEROS",3,3,6
"00","TOTAL MUNICIPIO","COSTA RICA","TOTAL POBLACION",4,3,7
"00","TOTAL MUNICIPIO","CROACIA","EXTRANJEROS",0,2,2
"00","TOTAL MUNICIPIO","CROACIA","TOTAL POBLACION",0,2,2
"00","TOTAL MUNICIPIO","CUBA","ESPA�OLES",6,10,16
"00","TOTAL MUNICIPIO","CUBA","EXTRANJEROS",43,44,87
"00","TOTAL MUNICIPIO","CUBA","TOTAL POBLACION",49,54,103
"00","TOTAL MUNICIPIO","DINAMARCA","ESPA�OLES",3,3,6
"00","TOTAL MUNICIPIO","DINAMARCA","EXTRANJEROS",3,0,3
"00","TOTAL MUNICIPIO","DINAMARCA","TOTAL POBLACION",6,3,9
"00","TOTAL MUNICIPIO","ECUADOR","ESPA�OLES",16,16,32
"00","TOTAL MUNICIPIO","ECUADOR","EXTRANJEROS",30,32,62
"00","TOTAL MUNICIPIO","ECUADOR","TOTAL POBLACION",46,48,94
"00","TOTAL MUNICIPIO","EGIPTO","EXTRANJEROS",4,5,9
"00","TOTAL MUNICIPIO","EGIPTO","TOTAL POBLACION",4,5,9
"00","TOTAL MUNICIPIO","EL SALVADOR","ESPA�OLES",1,0,1
"00","TOTAL MUNICIPIO","EL SALVADOR","EXTRANJEROS",120,129,249
"00","TOTAL MUNICIPIO","EL SALVADOR","TOTAL POBLACION",121,129,250
"00","TOTAL MUNICIPIO","EMIRATOS ARABES UNIDOS","ESPA�OLES",6,5,11
"00","TOTAL MUNICIPIO","EMIRATOS ARABES UNIDOS","EXTRANJEROS",3,1,4
"00","TOTAL MUNICIPIO","EMIRATOS ARABES UNIDOS","TOTAL POBLACION",9,6,15
"00","TOTAL MUNICIPIO","ERITREA","EXTRANJEROS",2,0,2
"00","TOTAL MUNICIPIO","ERITREA","TOTAL POBLACION",2,0,2
"00","TOTAL MUNICIPIO","ESLOVAQUIA","ESPA�OLES",2,1,3
"00","TOTAL MUNICIPIO","ESLOVAQUIA","EXTRANJEROS",2,1,3
"00","TOTAL MUNICIPIO","ESLOVAQUIA","TOTAL POBLACION",4,2,6
"00","TOTAL MUNICIPIO","ESPA�A","ESPA�OLES",6123,6154,12277
"00","TOTAL MUNICIPIO","ESPA�A","EXTRANJEROS",1198,1425,2623
"00","TOTAL MUNICIPIO","ESPA�A","TOTAL POBLACION",7321,7579,14900
"00","TOTAL MUNICIPIO","ESTADOS UNIDOS DE AMERICA","ESPA�OLES",32,24,56
"00","TOTAL MUNICIPIO","ESTADOS UNIDOS DE AMERICA","EXTRANJEROS",64,74,138
"00","TOTAL MUNICIPIO","ESTADOS UNIDOS DE AMERICA","TOTAL POBLACION",96,98,194
"00","TOTAL MUNICIPIO","ESTONIA","EXTRANJEROS",1,0,1
"00","TOTAL MUNICIPIO","ESTONIA","TOTAL POBLACION",1,0,1
"00","TOTAL MUNICIPIO","ETIOPIA","ESPA�OLES",1,3,4
"00","TOTAL MUNICIPIO","ETIOPIA","TOTAL POBLACION",1,3,4
"00","TOTAL MUNICIPIO","FILIPINAS","ESPA�OLES",0,2,2
"00","TOTAL MUNICIPIO","FILIPINAS","EXTRANJEROS",3,6,9
"00","TOTAL MUNICIPIO","FILIPINAS","TOTAL POBLACION",3,8,11
"00","TOTAL MUNICIPIO","FINLANDIA","ESPA�OLES",1,0,1
"00","TOTAL MUNICIPIO","FINLANDIA","EXTRANJEROS",0,1,1
"00","TOTAL MUNICIPIO","FINLANDIA","TOTAL POBLACION",1,1,2
"00","TOTAL MUNICIPIO","FRANCIA","ESPA�OLES",16,24,40
"00","TOTAL MUNICIPIO","FRANCIA","EXTRANJEROS",65,63,128
"00","TOTAL MUNICIPIO","FRANCIA","TOTAL POBLACION",81,87,168
"00","TOTAL MUNICIPIO","GAMBIA","EXTRANJEROS",7,0,7
"00","TOTAL MUNICIPIO","GAMBIA","TOTAL POBLACION",7,0,7
"00","TOTAL MUNICIPIO","GEORGIA","EXTRANJEROS",22,27,49
"00","TOTAL MUNICIPIO","GEORGIA","TOTAL POBLACION",22,27,49
"00","TOTAL MUNICIPIO","GHANA","ESPA�OLES",2,0,2
"00","TOTAL MUNICIPIO","GHANA","EXTRANJEROS",13,2,15
"00","TOTAL MUNICIPIO","GHANA","TOTAL POBLACION",15,2,17
"00","TOTAL MUNICIPIO","GRECIA","ESPA�OLES",0,1,1
"00","TOTAL MUNICIPIO","GRECIA","EXTRANJEROS",5,3,8
"00","TOTAL MUNICIPIO","GRECIA","TOTAL POBLACION",5,4,9
"00","TOTAL MUNICIPIO","GUATEMALA","ESPA�OLES",1,0,1
"00","TOTAL MUNICIPIO","GUATEMALA","EXTRANJEROS",38,26,64
"00","TOTAL MUNICIPIO","GUATEMALA","TOTAL POBLACION",39,26,65
"00","TOTAL MUNICIPIO","GUINEA","EXTRANJEROS",63,5,68
"00","TOTAL MUNICIPIO","GUINEA","TOTAL POBLACION",63,5,68
"00","TOTAL MUNICIPIO","GUINEA BISSAU","EXTRANJEROS",1,0,1
"00","TOTAL MUNICIPIO","GUINEA BISSAU","TOTAL POBLACION",1,0,1
"00","TOTAL MUNICIPIO","GUINEA ECUATORIAL","ESPA�OLES",3,2,5
"00","TOTAL MUNICIPIO","GUINEA ECUATORIAL","EXTRANJEROS",2,4,6
"00","TOTAL MUNICIPIO","GUINEA ECUATORIAL","TOTAL POBLACION",5,6,11
"00","TOTAL MUNICIPIO","HONDURAS","ESPA�OLES",0,2,2
"00","TOTAL MUNICIPIO","HONDURAS","EXTRANJEROS",97,201,298
"00","TOTAL MUNICIPIO","HONDURAS","TOTAL POBLACION",97,203,300
"00","TOTAL MUNICIPIO","HUNGRIA","ESPA�OLES",1,0,1
"00","TOTAL MUNICIPIO","HUNGRIA","EXTRANJEROS",5,3,8
"00","TOTAL MUNICIPIO","HUNGRIA","TOTAL POBLACION",6,3,9
"00","TOTAL MUNICIPIO","INDIA","ESPA�OLES",1,0,1
"00","TOTAL MUNICIPIO","INDIA","EXTRANJEROS",4,2,6
"00","TOTAL MUNICIPIO","INDIA","TOTAL POBLACION",5,2,7
"00","TOTAL MUNICIPIO","INDONESIA","ESPA�OLES",2,1,3
"00","TOTAL MUNICIPIO","INDONESIA","EXTRANJEROS",0,1,1
"00","TOTAL MUNICIPIO","INDONESIA","TOTAL POBLACION",2,2,4
"00","TOTAL MUNICIPIO","IRAK","ESPA�OLES",1,1,2
"00","TOTAL MUNICIPIO","IRAK","EXTRANJEROS",6,2,8
"00","TOTAL MUNICIPIO","IRAK","TOTAL POBLACION",7,3,10
"00","TOTAL MUNICIPIO","IRAN","EXTRANJEROS",4,7,11
"00","TOTAL MUNICIPIO","IRAN","TOTAL POBLACION",4,7,11
"00","TOTAL MUNICIPIO","IRLANDA","ESPA�OLES",8,5,13
"00","TOTAL MUNICIPIO","IRLANDA","EXTRANJEROS",9,15,24
"00","TOTAL MUNICIPIO","IRLANDA","TOTAL POBLACION",17,20,37
"00","TOTAL MUNICIPIO","ISRAEL","ESPA�OLES",1,2,3
"00","TOTAL MUNICIPIO","ISRAEL","EXTRANJEROS",0,1,1
"00","TOTAL MUNICIPIO","ISRAEL","TOTAL POBLACION",1,3,4
"00","TOTAL MUNICIPIO","ITALIA","ESPA�OLES",11,15,26
"00","TOTAL MUNICIPIO","ITALIA","EXTRANJEROS",78,77,155
"00","TOTAL MUNICIPIO","ITALIA","TOTAL POBLACION",89,92,181
"00","TOTAL MUNICIPIO","JAPON","ESPA�OLES",3,1,4
"00","TOTAL MUNICIPIO","JAPON","EXTRANJEROS",1,5,6
"00","TOTAL MUNICIPIO","JAPON","TOTAL POBLACION",4,6,10
"00","TOTAL MUNICIPIO","JORDANIA","ESPA�OLES",2,5,7
"00","TOTAL MUNICIPIO","JORDANIA","EXTRANJEROS",2,0,2
"00","TOTAL MUNICIPIO","JORDANIA","TOTAL POBLACION",4,5,9
"00","TOTAL MUNICIPIO","KAZAJSTAN","EXTRANJEROS",0,1,1
"00","TOTAL MUNICIPIO","KAZAJSTAN","TOTAL POBLACION",0,1,1
"00","TOTAL MUNICIPIO","KENIA","ESPA�OLES",1,0,1
"00","TOTAL MUNICIPIO","KENIA","EXTRANJEROS",1,0,1
"00","TOTAL MUNICIPIO","KENIA","TOTAL POBLACION",2,0,2
"00","TOTAL MUNICIPIO","KUWAIT","ESPA�OLES",2,1,3
"00","TOTAL MUNICIPIO","KUWAIT","TOTAL POBLACION",2,1,3
"00","TOTAL MUNICIPIO","LETONIA","EXTRANJEROS",1,0,1
"00","TOTAL MUNICIPIO","LETONIA","TOTAL POBLACION",1,0,1
"00","TOTAL MUNICIPIO","LIBANO","ESPA�OLES",1,0,1
"00","TOTAL MUNICIPIO","LIBANO","EXTRANJEROS",1,0,1
"00","TOTAL MUNICIPIO","LIBANO","TOTAL POBLACION",2,0,2
"00","TOTAL MUNICIPIO","LIBERIA","EXTRANJEROS",3,0,3
"00","TOTAL MUNICIPIO","LIBERIA","TOTAL POBLACION",3,0,3
"00","TOTAL MUNICIPIO","LIBIA","EXTRANJEROS",3,7,10
"00","TOTAL MUNICIPIO","LIBIA","TOTAL POBLACION",3,7,10
"00","TOTAL MUNICIPIO","LITUANIA","EXTRANJEROS",1,0,1
"00","TOTAL MUNICIPIO","LITUANIA","TOTAL POBLACION",1,0,1
"00","TOTAL MUNICIPIO","LUXEMBURGO","ESPA�OLES",0,1,1
"00","TOTAL MUNICIPIO","LUXEMBURGO","TOTAL POBLACION",0,1,1
"00","TOTAL MUNICIPIO","MALI","ESPA�OLES",1,1,2
"00","TOTAL MUNICIPIO","MALI","EXTRANJEROS",72,4,76
"00","TOTAL MUNICIPIO","MALI","TOTAL POBLACION",73,5,78
"00","TOTAL MUNICIPIO","MALTA","ESPA�OLES",2,0,2
"00","TOTAL MUNICIPIO","MALTA","TOTAL POBLACION",2,0,2
"00","TOTAL MUNICIPIO","MARRUECOS","ESPA�OLES",5,5,10
"00","TOTAL MUNICIPIO","MARRUECOS","EXTRANJEROS",281,243,524
"00","TOTAL MUNICIPIO","MARRUECOS","TOTAL POBLACION",286,248,534
"00","TOTAL MUNICIPIO","MAURICIO","EXTRANJEROS",1,0,1
"00","TOTAL MUNICIPIO","MAURICIO","TOTAL POBLACION",1,0,1
"00","TOTAL MUNICIPIO","MAURITANIA","ESPA�OLES",0,1,1
"00","TOTAL MUNICIPIO","MAURITANIA","EXTRANJEROS",3,1,4
"00","TOTAL MUNICIPIO","MAURITANIA","TOTAL POBLACION",3,2,5
"00","TOTAL MUNICIPIO","MEXICO","ESPA�OLES",18,15,33
"00","TOTAL MUNICIPIO","MEXICO","EXTRANJEROS",38,46,84
"00","TOTAL MUNICIPIO","MEXICO","TOTAL POBLACION",56,61,117
"00","TOTAL MUNICIPIO","MONGOLIA","ESPA�OLES",1,0,1
"00","TOTAL MUNICIPIO","MONGOLIA","TOTAL POBLACION",1,0,1
"00","TOTAL MUNICIPIO","MOZAMBIQUE","ESPA�OLES",1,1,2
"00","TOTAL MUNICIPIO","MOZAMBIQUE","TOTAL POBLACION",1,1,2
"00","TOTAL MUNICIPIO","NAMIBIA","ESPA�OLES",3,0,3
"00","TOTAL MUNICIPIO","NAMIBIA","TOTAL POBLACION",3,0,3
"00","TOTAL MUNICIPIO","NICARAGUA","ESPA�OLES",2,0,2
"00","TOTAL MUNICIPIO","NICARAGUA","EXTRANJEROS",489,803,1292
"00","TOTAL MUNICIPIO","NICARAGUA","TOTAL POBLACION",491,803,1294
"00","TOTAL MUNICIPIO","NIGER","EXTRANJEROS",2,2,4
"00","TOTAL MUNICIPIO","NIGER","TOTAL POBLACION",2,2,4
"00","TOTAL MUNICIPIO","NIGERIA","EXTRANJEROS",18,11,29
"00","TOTAL MUNICIPIO","NIGERIA","TOTAL POBLACION",18,11,29
"00","TOTAL MUNICIPIO","NORUEGA","ESPA�OLES",2,1,3
"00","TOTAL MUNICIPIO","NORUEGA","EXTRANJEROS",0,1,1
"00","TOTAL MUNICIPIO","NORUEGA","TOTAL POBLACION",2,2,4
"00","TOTAL MUNICIPIO","OTROS PAISES SIN RELACION DIPLOMATICA","EXTRANJEROS",1,0,1
"00","TOTAL MUNICIPIO","OTROS PAISES SIN RELACION DIPLOMATICA","TOTAL POBLACION",1,0,1
"00","TOTAL MUNICIPIO","OTROS TERR. ESPA�OLES","ESPA�OLES",0,1,1
"00","TOTAL MUNICIPIO","OTROS TERR. ESPA�OLES","TOTAL POBLACION",0,1,1
"00","TOTAL MUNICIPIO","PAISES BAJOS","ESPA�OLES",6,3,9
"00","TOTAL MUNICIPIO","PAISES BAJOS","EXTRANJEROS",15,27,42
"00","TOTAL MUNICIPIO","PAISES BAJOS","TOTAL POBLACION",21,30,51
"00","TOTAL MUNICIPIO","PAKISTAN","EXTRANJEROS",25,7,32
"00","TOTAL MUNICIPIO","PAKISTAN","TOTAL POBLACION",25,7,32
"00","TOTAL MUNICIPIO","PALESTINA. ESTADO OBSERVADOR, NO MIEMBRO DE NACIONES UNIDAS","EXTRANJEROS",14,15,29
"00","TOTAL MUNICIPIO","PALESTINA. ESTADO OBSERVADOR, NO MIEMBRO DE NACIONES UNIDAS","TOTAL POBLACION",14,15,29
"00","TOTAL MUNICIPIO","PANAMA","ESPA�OLES",13,3,16
"00","TOTAL MUNICIPIO","PANAMA","EXTRANJEROS",4,7,11
"00","TOTAL MUNICIPIO","PANAMA","TOTAL POBLACION",17,10,27
"00","TOTAL MUNICIPIO","PARAGUAY","ESPA�OLES",2,1,3
"00","TOTAL MUNICIPIO","PARAGUAY","EXTRANJEROS",69,108,177
"00","TOTAL MUNICIPIO","PARAGUAY","TOTAL POBLACION",71,109,180
"00","TOTAL MUNICIPIO","PERU","ESPA�OLES",26,25,51
"00","TOTAL MUNICIPIO","PERU","EXTRANJEROS",136,183,319
"00","TOTAL MUNICIPIO","PERU","TOTAL POBLACION",162,208,370
"00","TOTAL MUNICIPIO","POLONIA","ESPA�OLES",1,0,1
"00","TOTAL MUNICIPIO","POLONIA","EXTRANJEROS",2,16,18
"00","TOTAL MUNICIPIO","POLONIA","TOTAL POBLACION",3,16,19
"00","TOTAL MUNICIPIO","PORTUGAL","ESPA�OLES",7,7,14
"00","TOTAL MUNICIPIO","PORTUGAL","EXTRANJEROS",24,18,42
"00","TOTAL MUNICIPIO","PORTUGAL","TOTAL POBLACION",31,25,56
"00","TOTAL MUNICIPIO","PRINCIPADO DE ANDORRA","ESPA�OLES",0,2,2
"00","TOTAL MUNICIPIO","PRINCIPADO DE ANDORRA","EXTRANJEROS",1,0,1
"00","TOTAL MUNICIPIO","PRINCIPADO DE ANDORRA","TOTAL POBLACION",1,2,3
"00","TOTAL MUNICIPIO","REINO UNIDO","ESPA�OLES",54,63,117
"00","TOTAL MUNICIPIO","REINO UNIDO","EXTRANJEROS",53,56,109
"00","TOTAL MUNICIPIO","REINO UNIDO","TOTAL POBLACION",107,119,226
"00","TOTAL MUNICIPIO","REPUBLICA CENTROAFRICANA","EXTRANJEROS",1,0,1
"00","TOTAL MUNICIPIO","REPUBLICA CENTROAFRICANA","TOTAL POBLACION",1,0,1
"00","TOTAL MUNICIPIO","REPUBLICA CHECA","ESPA�OLES",1,0,1
"00","TOTAL MUNICIPIO","REPUBLICA CHECA","EXTRANJEROS",2,3,5
"00","TOTAL MUNICIPIO","REPUBLICA CHECA","TOTAL POBLACION",3,3,6
"00","TOTAL MUNICIPIO","REPUBLICA DE COREA","ESPA�OLES",1,0,1
"00","TOTAL MUNICIPIO","REPUBLICA DE COREA","EXTRANJEROS",6,8,14
"00","TOTAL MUNICIPIO","REPUBLICA DE COREA","TOTAL POBLACION",7,8,15
"00","TOTAL MUNICIPIO","REPUBLICA DOMINICANA","ESPA�OLES",10,9,19
"00","TOTAL MUNICIPIO","REPUBLICA DOMINICANA","EXTRANJEROS",20,19,39
"00","TOTAL MUNICIPIO","REPUBLICA DOMINICANA","TOTAL POBLACION",30,28,58
"00","TOTAL MUNICIPIO","REPUBLICA SUDAFRICANA","ESPA�OLES",1,0,1
"00","TOTAL MUNICIPIO","REPUBLICA SUDAFRICANA","EXTRANJEROS",2,0,2
"00","TOTAL MUNICIPIO","REPUBLICA SUDAFRICANA","TOTAL POBLACION",3,0,3
"00","TOTAL MUNICIPIO","RUMANIA","ESPA�OLES",1,0,1
"00","TOTAL MUNICIPIO","RUMANIA","EXTRANJEROS",37,27,64
"00","TOTAL MUNICIPIO","RUMANIA","TOTAL POBLACION",38,27,65
"00","TOTAL MUNICIPIO","RUSIA","ESPA�OLES",0,3,3
"00","TOTAL MUNICIPIO","RUSIA","EXTRANJEROS",14,39,53
"00","TOTAL MUNICIPIO","RUSIA","TOTAL POBLACION",14,42,56
"00","TOTAL MUNICIPIO","SENEGAL","ESPA�OLES",4,2,6
"00","TOTAL MUNICIPIO","SENEGAL","EXTRANJEROS",61,11,72
"00","TOTAL MUNICIPIO","SENEGAL","TOTAL POBLACION",65,13,78
"00","TOTAL MUNICIPIO","SERBIA","EXTRANJEROS",1,0,1
"00","TOTAL MUNICIPIO","SERBIA","TOTAL POBLACION",1,0,1
"00","TOTAL MUNICIPIO","SIERRA LEONA","EXTRANJEROS",3,1,4
"00","TOTAL MUNICIPIO","SIERRA LEONA","TOTAL POBLACION",3,1,4
"00","TOTAL MUNICIPIO","SINGAPUR","EXTRANJEROS",1,0,1
"00","TOTAL MUNICIPIO","SINGAPUR","TOTAL POBLACION",1,0,1
"00","TOTAL MUNICIPIO","SIRIA","EXTRANJEROS",19,9,28
"00","TOTAL MUNICIPIO","SIRIA","TOTAL POBLACION",19,9,28
"00","TOTAL MUNICIPIO","SOMALIA","EXTRANJEROS",5,0,5
"00","TOTAL MUNICIPIO","SOMALIA","TOTAL POBLACION",5,0,5
"00","TOTAL MUNICIPIO","SRI-LANKA","EXTRANJEROS",0,1,1
"00","TOTAL MUNICIPIO","SRI-LANKA","TOTAL POBLACION",0,1,1
"00","TOTAL MUNICIPIO","SUDAN","EXTRANJEROS",2,0,2
"00","TOTAL MUNICIPIO","SUDAN","TOTAL POBLACION",2,0,2
"00","TOTAL MUNICIPIO","SUECIA","ESPA�OLES",0,1,1
"00","TOTAL MUNICIPIO","SUECIA","EXTRANJEROS",2,4,6
"00","TOTAL MUNICIPIO","SUECIA","TOTAL POBLACION",2,5,7
"00","TOTAL MUNICIPIO","SUIZA","ESPA�OLES",6,8,14
"00","TOTAL MUNICIPIO","SUIZA","EXTRANJEROS",5,7,12
"00","TOTAL MUNICIPIO","SUIZA","TOTAL POBLACION",11,15,26
"00","TOTAL MUNICIPIO","TAILANDIA","ESPA�OLES",3,1,4
"00","TOTAL MUNICIPIO","TAILANDIA","EXTRANJEROS",0,4,4
"00","TOTAL MUNICIPIO","TAILANDIA","TOTAL POBLACION",3,5,8
"00","TOTAL MUNICIPIO","TUNEZ","EXTRANJEROS",11,4,15
"00","TOTAL MUNICIPIO","TUNEZ","TOTAL POBLACION",11,4,15
"00","TOTAL MUNICIPIO","TURQUIA","ESPA�OLES",3,1,4
"00","TOTAL MUNICIPIO","TURQUIA","EXTRANJEROS",3,2,5
"00","TOTAL MUNICIPIO","TURQUIA","TOTAL POBLACION",6,3,9
"00","TOTAL MUNICIPIO","UCRANIA","ESPA�OLES",2,4,6
"00","TOTAL MUNICIPIO","UCRANIA","EXTRANJEROS",38,43,81
"00","TOTAL MUNICIPIO","UCRANIA","TOTAL POBLACION",40,47,87
"00","TOTAL MUNICIPIO","URUGUAY","ESPA�OLES",0,3,3
"00","TOTAL MUNICIPIO","URUGUAY","EXTRANJEROS",10,11,21
"00","TOTAL MUNICIPIO","URUGUAY","TOTAL POBLACION",10,14,24
"00","TOTAL MUNICIPIO","UZBEKISTAN","EXTRANJEROS",1,1,2
"00","TOTAL MUNICIPIO","UZBEKISTAN","TOTAL POBLACION",1,1,2
"00","TOTAL MUNICIPIO","VENEZUELA","ESPA�OLES",27,35,62
"00","TOTAL MUNICIPIO","VENEZUELA","EXTRANJEROS",284,365,649
"00","TOTAL MUNICIPIO","VENEZUELA","TOTAL POBLACION",311,400,711
"00","TOTAL MUNICIPIO","VIET-NAM","EXTRANJEROS",2,1,3
"00","TOTAL MUNICIPIO","VIET-NAM","TOTAL POBLACION",2,1,3
"00","TOTAL MUNICIPIO","YEMEN","EXTRANJEROS",10,2,12
"00","TOTAL MUNICIPIO","YEMEN","TOTAL POBLACION",10,2,12
