"CD","DISTRITO","PROCEDENCIA","NACIONALIDAD","HOMBRES","MUJERES","TOTAL"
" 01","CASCO ANTIGUO","- TODOS -","ESPA�OLES",755,775,1530
" 01","CASCO ANTIGUO","- TODOS -","EXTRANJEROS",518,627,1145
" 01","CASCO ANTIGUO","- TODOS -","TOTAL POBLACION",1273,1402,2675
" 01","CASCO ANTIGUO","ALBANIA","EXTRANJEROS",2,2,4
" 01","CASCO ANTIGUO","ALBANIA","TOTAL POBLACION",2,2,4
" 01","CASCO ANTIGUO","ALEMANIA","ESPA�OLES",5,3,8
" 01","CASCO ANTIGUO","ALEMANIA","EXTRANJEROS",17,22,39
" 01","CASCO ANTIGUO","ALEMANIA","TOTAL POBLACION",22,25,47
" 01","CASCO ANTIGUO","ARGELIA","ESPA�OLES",1,0,1
" 01","CASCO ANTIGUO","ARGELIA","EXTRANJEROS",4,0,4
" 01","CASCO ANTIGUO","ARGELIA","TOTAL POBLACION",5,0,5
" 01","CASCO ANTIGUO","ARGENTINA","ESPA�OLES",4,2,6
" 01","CASCO ANTIGUO","ARGENTINA","EXTRANJEROS",14,20,34
" 01","CASCO ANTIGUO","ARGENTINA","TOTAL POBLACION",18,22,40
" 01","CASCO ANTIGUO","AUSTRALIA","EXTRANJEROS",3,3,6
" 01","CASCO ANTIGUO","AUSTRALIA","TOTAL POBLACION",3,3,6
" 01","CASCO ANTIGUO","AUSTRIA","EXTRANJEROS",0,4,4
" 01","CASCO ANTIGUO","AUSTRIA","TOTAL POBLACION",0,4,4
" 01","CASCO ANTIGUO","BELGICA","ESPA�OLES",2,0,2
" 01","CASCO ANTIGUO","BELGICA","EXTRANJEROS",3,11,14
" 01","CASCO ANTIGUO","BELGICA","TOTAL POBLACION",5,11,16
" 01","CASCO ANTIGUO","BIELORUSIA","EXTRANJEROS",0,2,2
" 01","CASCO ANTIGUO","BIELORUSIA","TOTAL POBLACION",0,2,2
" 01","CASCO ANTIGUO","BOLIVIA","EXTRANJEROS",1,1,2
" 01","CASCO ANTIGUO","BOLIVIA","TOTAL POBLACION",1,1,2
" 01","CASCO ANTIGUO","BOSNIA-HERZEGOVINA","EXTRANJEROS",0,1,1
" 01","CASCO ANTIGUO","BOSNIA-HERZEGOVINA","TOTAL POBLACION",0,1,1
" 01","CASCO ANTIGUO","BRASIL","ESPA�OLES",1,0,1
" 01","CASCO ANTIGUO","BRASIL","EXTRANJEROS",11,7,18
" 01","CASCO ANTIGUO","BRASIL","TOTAL POBLACION",12,7,19
" 01","CASCO ANTIGUO","BULGARIA","EXTRANJEROS",0,1,1
" 01","CASCO ANTIGUO","BULGARIA","TOTAL POBLACION",0,1,1
" 01","CASCO ANTIGUO","CAMERUN","ESPA�OLES",0,1,1
" 01","CASCO ANTIGUO","CAMERUN","TOTAL POBLACION",0,1,1
" 01","CASCO ANTIGUO","CANADA","ESPA�OLES",3,0,3
" 01","CASCO ANTIGUO","CANADA","EXTRANJEROS",3,5,8
" 01","CASCO ANTIGUO","CANADA","TOTAL POBLACION",6,5,11
" 01","CASCO ANTIGUO","CHILE","ESPA�OLES",7,3,10
" 01","CASCO ANTIGUO","CHILE","EXTRANJEROS",10,8,18
" 01","CASCO ANTIGUO","CHILE","TOTAL POBLACION",17,11,28
" 01","CASCO ANTIGUO","CHINA","EXTRANJEROS",4,2,6
" 01","CASCO ANTIGUO","CHINA","TOTAL POBLACION",4,2,6
" 01","CASCO ANTIGUO","COLOMBIA","ESPA�OLES",1,2,3
" 01","CASCO ANTIGUO","COLOMBIA","EXTRANJEROS",18,26,44
" 01","CASCO ANTIGUO","COLOMBIA","TOTAL POBLACION",19,28,47
" 01","CASCO ANTIGUO","COSTA RICA","EXTRANJEROS",1,0,1
" 01","CASCO ANTIGUO","COSTA RICA","TOTAL POBLACION",1,0,1
" 01","CASCO ANTIGUO","CROACIA","EXTRANJEROS",1,0,1
" 01","CASCO ANTIGUO","CROACIA","TOTAL POBLACION",1,0,1
" 01","CASCO ANTIGUO","CUBA","ESPA�OLES",1,0,1
" 01","CASCO ANTIGUO","CUBA","EXTRANJEROS",4,6,10
" 01","CASCO ANTIGUO","CUBA","TOTAL POBLACION",5,6,11
" 01","CASCO ANTIGUO","DINAMARCA","ESPA�OLES",0,2,2
" 01","CASCO ANTIGUO","DINAMARCA","EXTRANJEROS",5,2,7
" 01","CASCO ANTIGUO","DINAMARCA","TOTAL POBLACION",5,4,9
" 01","CASCO ANTIGUO","ECUADOR","EXTRANJEROS",3,6,9
" 01","CASCO ANTIGUO","ECUADOR","TOTAL POBLACION",3,6,9
" 01","CASCO ANTIGUO","EGIPTO","EXTRANJEROS",1,0,1
" 01","CASCO ANTIGUO","EGIPTO","TOTAL POBLACION",1,0,1
" 01","CASCO ANTIGUO","EL SALVADOR","EXTRANJEROS",2,4,6
" 01","CASCO ANTIGUO","EL SALVADOR","TOTAL POBLACION",2,4,6
" 01","CASCO ANTIGUO","EMIRATOS ARABES UNIDOS","ESPA�OLES",2,0,2
" 01","CASCO ANTIGUO","EMIRATOS ARABES UNIDOS","TOTAL POBLACION",2,0,2
" 01","CASCO ANTIGUO","ESPA�A","ESPA�OLES",672,712,1384
" 01","CASCO ANTIGUO","ESPA�A","EXTRANJEROS",157,154,311
" 01","CASCO ANTIGUO","ESPA�A","TOTAL POBLACION",829,866,1695
" 01","CASCO ANTIGUO","ESTADOS UNIDOS DE AMERICA","ESPA�OLES",5,8,13
" 01","CASCO ANTIGUO","ESTADOS UNIDOS DE AMERICA","EXTRANJEROS",33,55,88
" 01","CASCO ANTIGUO","ESTADOS UNIDOS DE AMERICA","TOTAL POBLACION",38,63,101
" 01","CASCO ANTIGUO","FILIPINAS","EXTRANJEROS",1,0,1
" 01","CASCO ANTIGUO","FILIPINAS","TOTAL POBLACION",1,0,1
" 01","CASCO ANTIGUO","FINLANDIA","EXTRANJEROS",1,0,1
" 01","CASCO ANTIGUO","FINLANDIA","TOTAL POBLACION",1,0,1
" 01","CASCO ANTIGUO","FRANCIA","ESPA�OLES",3,5,8
" 01","CASCO ANTIGUO","FRANCIA","EXTRANJEROS",44,67,111
" 01","CASCO ANTIGUO","FRANCIA","TOTAL POBLACION",47,72,119
" 01","CASCO ANTIGUO","GRECIA","EXTRANJEROS",2,1,3
" 01","CASCO ANTIGUO","GRECIA","TOTAL POBLACION",2,1,3
" 01","CASCO ANTIGUO","GUATEMALA","ESPA�OLES",1,0,1
" 01","CASCO ANTIGUO","GUATEMALA","EXTRANJEROS",1,4,5
" 01","CASCO ANTIGUO","GUATEMALA","TOTAL POBLACION",2,4,6
" 01","CASCO ANTIGUO","HONDURAS","EXTRANJEROS",1,5,6
" 01","CASCO ANTIGUO","HONDURAS","TOTAL POBLACION",1,5,6
" 01","CASCO ANTIGUO","INDIA","EXTRANJEROS",3,1,4
" 01","CASCO ANTIGUO","INDIA","TOTAL POBLACION",3,1,4
" 01","CASCO ANTIGUO","INDONESIA","ESPA�OLES",1,2,3
" 01","CASCO ANTIGUO","INDONESIA","TOTAL POBLACION",1,2,3
" 01","CASCO ANTIGUO","IRAN","EXTRANJEROS",1,1,2
" 01","CASCO ANTIGUO","IRAN","TOTAL POBLACION",1,1,2
" 01","CASCO ANTIGUO","IRLANDA","ESPA�OLES",2,0,2
" 01","CASCO ANTIGUO","IRLANDA","EXTRANJEROS",7,4,11
" 01","CASCO ANTIGUO","IRLANDA","TOTAL POBLACION",9,4,13
" 01","CASCO ANTIGUO","ISRAEL","ESPA�OLES",1,0,1
" 01","CASCO ANTIGUO","ISRAEL","EXTRANJEROS",0,1,1
" 01","CASCO ANTIGUO","ISRAEL","TOTAL POBLACION",1,1,2
" 01","CASCO ANTIGUO","ITALIA","ESPA�OLES",0,1,1
" 01","CASCO ANTIGUO","ITALIA","EXTRANJEROS",47,50,97
" 01","CASCO ANTIGUO","ITALIA","TOTAL POBLACION",47,51,98
" 01","CASCO ANTIGUO","JAPON","EXTRANJEROS",0,2,2
" 01","CASCO ANTIGUO","JAPON","TOTAL POBLACION",0,2,2
" 01","CASCO ANTIGUO","LETONIA","EXTRANJEROS",0,2,2
" 01","CASCO ANTIGUO","LETONIA","TOTAL POBLACION",0,2,2
" 01","CASCO ANTIGUO","MALI","ESPA�OLES",0,1,1
" 01","CASCO ANTIGUO","MALI","EXTRANJEROS",1,0,1
" 01","CASCO ANTIGUO","MALI","TOTAL POBLACION",1,1,2
" 01","CASCO ANTIGUO","MARRUECOS","ESPA�OLES",3,1,4
" 01","CASCO ANTIGUO","MARRUECOS","EXTRANJEROS",19,3,22
" 01","CASCO ANTIGUO","MARRUECOS","TOTAL POBLACION",22,4,26
" 01","CASCO ANTIGUO","MAURITANIA","EXTRANJEROS",1,2,3
" 01","CASCO ANTIGUO","MAURITANIA","TOTAL POBLACION",1,2,3
" 01","CASCO ANTIGUO","MEXICO","ESPA�OLES",3,3,6
" 01","CASCO ANTIGUO","MEXICO","EXTRANJEROS",9,13,22
" 01","CASCO ANTIGUO","MEXICO","TOTAL POBLACION",12,16,28
" 01","CASCO ANTIGUO","MONACO","EXTRANJEROS",1,0,1
" 01","CASCO ANTIGUO","MONACO","TOTAL POBLACION",1,0,1
" 01","CASCO ANTIGUO","NICARAGUA","EXTRANJEROS",1,4,5
" 01","CASCO ANTIGUO","NICARAGUA","TOTAL POBLACION",1,4,5
" 01","CASCO ANTIGUO","NORUEGA","EXTRANJEROS",0,1,1
" 01","CASCO ANTIGUO","NORUEGA","TOTAL POBLACION",0,1,1
" 01","CASCO ANTIGUO","OTROS PAISES SIN RELACION DIPLOMATICA","ESPA�OLES",0,1,1
" 01","CASCO ANTIGUO","OTROS PAISES SIN RELACION DIPLOMATICA","TOTAL POBLACION",0,1,1
" 01","CASCO ANTIGUO","PAISES BAJOS","ESPA�OLES",4,4,8
" 01","CASCO ANTIGUO","PAISES BAJOS","EXTRANJEROS",9,17,26
" 01","CASCO ANTIGUO","PAISES BAJOS","TOTAL POBLACION",13,21,34
" 01","CASCO ANTIGUO","PAKISTAN","EXTRANJEROS",2,0,2
" 01","CASCO ANTIGUO","PAKISTAN","TOTAL POBLACION",2,0,2
" 01","CASCO ANTIGUO","PANAMA","ESPA�OLES",0,3,3
" 01","CASCO ANTIGUO","PANAMA","EXTRANJEROS",1,2,3
" 01","CASCO ANTIGUO","PANAMA","TOTAL POBLACION",1,5,6
" 01","CASCO ANTIGUO","PARAGUAY","EXTRANJEROS",0,3,3
" 01","CASCO ANTIGUO","PARAGUAY","TOTAL POBLACION",0,3,3
" 01","CASCO ANTIGUO","PERU","ESPA�OLES",3,2,5
" 01","CASCO ANTIGUO","PERU","EXTRANJEROS",9,19,28
" 01","CASCO ANTIGUO","PERU","TOTAL POBLACION",12,21,33
" 01","CASCO ANTIGUO","POLONIA","ESPA�OLES",2,0,2
" 01","CASCO ANTIGUO","POLONIA","EXTRANJEROS",2,3,5
" 01","CASCO ANTIGUO","POLONIA","TOTAL POBLACION",4,3,7
" 01","CASCO ANTIGUO","PORTUGAL","EXTRANJEROS",2,5,7
" 01","CASCO ANTIGUO","PORTUGAL","TOTAL POBLACION",2,5,7
" 01","CASCO ANTIGUO","REINO UNIDO","ESPA�OLES",17,16,33
" 01","CASCO ANTIGUO","REINO UNIDO","EXTRANJEROS",38,45,83
" 01","CASCO ANTIGUO","REINO UNIDO","TOTAL POBLACION",55,61,116
" 01","CASCO ANTIGUO","REPUBLICA DOMINICANA","ESPA�OLES",2,0,2
" 01","CASCO ANTIGUO","REPUBLICA DOMINICANA","EXTRANJEROS",2,3,5
" 01","CASCO ANTIGUO","REPUBLICA DOMINICANA","TOTAL POBLACION",4,3,7
" 01","CASCO ANTIGUO","REPUBLICA SUDAFRICANA","EXTRANJEROS",0,1,1
" 01","CASCO ANTIGUO","REPUBLICA SUDAFRICANA","TOTAL POBLACION",0,1,1
" 01","CASCO ANTIGUO","RUMANIA","ESPA�OLES",1,0,1
" 01","CASCO ANTIGUO","RUMANIA","EXTRANJEROS",1,7,8
" 01","CASCO ANTIGUO","RUMANIA","TOTAL POBLACION",2,7,9
" 01","CASCO ANTIGUO","RUSIA","EXTRANJEROS",3,7,10
" 01","CASCO ANTIGUO","RUSIA","TOTAL POBLACION",3,7,10
" 01","CASCO ANTIGUO","SENEGAL","ESPA�OLES",1,0,1
" 01","CASCO ANTIGUO","SENEGAL","TOTAL POBLACION",1,0,1
" 01","CASCO ANTIGUO","SUECIA","ESPA�OLES",2,0,2
" 01","CASCO ANTIGUO","SUECIA","EXTRANJEROS",1,0,1
" 01","CASCO ANTIGUO","SUECIA","TOTAL POBLACION",3,0,3
" 01","CASCO ANTIGUO","SUIZA","ESPA�OLES",2,2,4
" 01","CASCO ANTIGUO","SUIZA","EXTRANJEROS",1,0,1
" 01","CASCO ANTIGUO","SUIZA","TOTAL POBLACION",3,2,5
" 01","CASCO ANTIGUO","TAILANDIA","ESPA�OLES",1,0,1
" 01","CASCO ANTIGUO","TAILANDIA","TOTAL POBLACION",1,0,1
" 01","CASCO ANTIGUO","TURQUIA","ESPA�OLES",1,0,1
" 01","CASCO ANTIGUO","TURQUIA","EXTRANJEROS",0,2,2
" 01","CASCO ANTIGUO","TURQUIA","TOTAL POBLACION",1,2,3
" 01","CASCO ANTIGUO","UCRANIA","EXTRANJEROS",1,0,1
" 01","CASCO ANTIGUO","UCRANIA","TOTAL POBLACION",1,0,1
" 01","CASCO ANTIGUO","VENEZUELA","ESPA�OLES",1,1,2
" 01","CASCO ANTIGUO","VENEZUELA","EXTRANJEROS",9,10,19
" 01","CASCO ANTIGUO","VENEZUELA","TOTAL POBLACION",10,11,21
" 02","MACARENA","- TODOS -","ESPA�OLES",715,652,1367
" 02","MACARENA","- TODOS -","EXTRANJEROS",845,800,1645
" 02","MACARENA","- TODOS -","TOTAL POBLACION",1560,1452,3012
" 02","MACARENA","ALBANIA","EXTRANJEROS",1,0,1
" 02","MACARENA","ALBANIA","TOTAL POBLACION",1,0,1
" 02","MACARENA","ALEMANIA","ESPA�OLES",4,1,5
" 02","MACARENA","ALEMANIA","EXTRANJEROS",2,3,5
" 02","MACARENA","ALEMANIA","TOTAL POBLACION",6,4,10
" 02","MACARENA","ANGOLA","EXTRANJEROS",0,1,1
" 02","MACARENA","ANGOLA","TOTAL POBLACION",0,1,1
" 02","MACARENA","ARGELIA","EXTRANJEROS",8,1,9
" 02","MACARENA","ARGELIA","TOTAL POBLACION",8,1,9
" 02","MACARENA","ARGENTINA","ESPA�OLES",0,2,2
" 02","MACARENA","ARGENTINA","EXTRANJEROS",16,11,27
" 02","MACARENA","ARGENTINA","TOTAL POBLACION",16,13,29
" 02","MACARENA","AUSTRIA","ESPA�OLES",1,0,1
" 02","MACARENA","AUSTRIA","TOTAL POBLACION",1,0,1
" 02","MACARENA","AZERBAIYAN","EXTRANJEROS",1,0,1
" 02","MACARENA","AZERBAIYAN","TOTAL POBLACION",1,0,1
" 02","MACARENA","BANGLA-DESH","EXTRANJEROS",2,0,2
" 02","MACARENA","BANGLA-DESH","TOTAL POBLACION",2,0,2
" 02","MACARENA","BELGICA","ESPA�OLES",1,0,1
" 02","MACARENA","BELGICA","EXTRANJEROS",1,0,1
" 02","MACARENA","BELGICA","TOTAL POBLACION",2,0,2
" 02","MACARENA","BIELORUSIA","EXTRANJEROS",1,2,3
" 02","MACARENA","BIELORUSIA","TOTAL POBLACION",1,2,3
" 02","MACARENA","BOLIVIA","ESPA�OLES",4,5,9
" 02","MACARENA","BOLIVIA","EXTRANJEROS",11,10,21
" 02","MACARENA","BOLIVIA","TOTAL POBLACION",15,15,30
" 02","MACARENA","BRASIL","EXTRANJEROS",6,9,15
" 02","MACARENA","BRASIL","TOTAL POBLACION",6,9,15
" 02","MACARENA","BULGARIA","EXTRANJEROS",1,0,1
" 02","MACARENA","BULGARIA","TOTAL POBLACION",1,0,1
" 02","MACARENA","CAMERUN","EXTRANJEROS",6,0,6
" 02","MACARENA","CAMERUN","TOTAL POBLACION",6,0,6
" 02","MACARENA","CANADA","EXTRANJEROS",1,1,2
" 02","MACARENA","CANADA","TOTAL POBLACION",1,1,2
" 02","MACARENA","CHILE","ESPA�OLES",1,3,4
" 02","MACARENA","CHILE","EXTRANJEROS",4,2,6
" 02","MACARENA","CHILE","TOTAL POBLACION",5,5,10
" 02","MACARENA","CHINA","EXTRANJEROS",3,6,9
" 02","MACARENA","CHINA","TOTAL POBLACION",3,6,9
" 02","MACARENA","COLOMBIA","ESPA�OLES",2,1,3
" 02","MACARENA","COLOMBIA","EXTRANJEROS",59,60,119
" 02","MACARENA","COLOMBIA","TOTAL POBLACION",61,61,122
" 02","MACARENA","COSTA DE MARFIL","EXTRANJEROS",0,1,1
" 02","MACARENA","COSTA DE MARFIL","TOTAL POBLACION",0,1,1
" 02","MACARENA","CUBA","ESPA�OLES",3,1,4
" 02","MACARENA","CUBA","EXTRANJEROS",9,13,22
" 02","MACARENA","CUBA","TOTAL POBLACION",12,14,26
" 02","MACARENA","ECUADOR","ESPA�OLES",7,2,9
" 02","MACARENA","ECUADOR","EXTRANJEROS",5,9,14
" 02","MACARENA","ECUADOR","TOTAL POBLACION",12,11,23
" 02","MACARENA","EGIPTO","ESPA�OLES",1,0,1
" 02","MACARENA","EGIPTO","EXTRANJEROS",1,0,1
" 02","MACARENA","EGIPTO","TOTAL POBLACION",2,0,2
" 02","MACARENA","EL SALVADOR","EXTRANJEROS",7,10,17
" 02","MACARENA","EL SALVADOR","TOTAL POBLACION",7,10,17
" 02","MACARENA","EMIRATOS ARABES UNIDOS","ESPA�OLES",1,0,1
" 02","MACARENA","EMIRATOS ARABES UNIDOS","TOTAL POBLACION",1,0,1
" 02","MACARENA","ESPA�A","ESPA�OLES",668,608,1276
" 02","MACARENA","ESPA�A","EXTRANJEROS",359,320,679
" 02","MACARENA","ESPA�A","TOTAL POBLACION",1027,928,1955
" 02","MACARENA","ESTADOS UNIDOS DE AMERICA","ESPA�OLES",3,3,6
" 02","MACARENA","ESTADOS UNIDOS DE AMERICA","EXTRANJEROS",3,4,7
" 02","MACARENA","ESTADOS UNIDOS DE AMERICA","TOTAL POBLACION",6,7,13
" 02","MACARENA","FILIPINAS","EXTRANJEROS",2,4,6
" 02","MACARENA","FILIPINAS","TOTAL POBLACION",2,4,6
" 02","MACARENA","FRANCIA","ESPA�OLES",1,1,2
" 02","MACARENA","FRANCIA","EXTRANJEROS",2,1,3
" 02","MACARENA","FRANCIA","TOTAL POBLACION",3,2,5
" 02","MACARENA","GAMBIA","EXTRANJEROS",1,0,1
" 02","MACARENA","GAMBIA","TOTAL POBLACION",1,0,1
" 02","MACARENA","GHANA","EXTRANJEROS",0,2,2
" 02","MACARENA","GHANA","TOTAL POBLACION",0,2,2
" 02","MACARENA","GUATEMALA","EXTRANJEROS",10,9,19
" 02","MACARENA","GUATEMALA","TOTAL POBLACION",10,9,19
" 02","MACARENA","GUINEA","EXTRANJEROS",4,1,5
" 02","MACARENA","GUINEA","TOTAL POBLACION",4,1,5
" 02","MACARENA","HONDURAS","EXTRANJEROS",11,8,19
" 02","MACARENA","HONDURAS","TOTAL POBLACION",11,8,19
" 02","MACARENA","HUNGRIA","EXTRANJEROS",1,1,2
" 02","MACARENA","HUNGRIA","TOTAL POBLACION",1,1,2
" 02","MACARENA","IRAK","EXTRANJEROS",1,0,1
" 02","MACARENA","IRAK","TOTAL POBLACION",1,0,1
" 02","MACARENA","IRAN","EXTRANJEROS",1,0,1
" 02","MACARENA","IRAN","TOTAL POBLACION",1,0,1
" 02","MACARENA","ITALIA","EXTRANJEROS",7,11,18
" 02","MACARENA","ITALIA","TOTAL POBLACION",7,11,18
" 02","MACARENA","JORDANIA","EXTRANJEROS",1,0,1
" 02","MACARENA","JORDANIA","TOTAL POBLACION",1,0,1
" 02","MACARENA","KAZAJSTAN","EXTRANJEROS",0,1,1
" 02","MACARENA","KAZAJSTAN","TOTAL POBLACION",0,1,1
" 02","MACARENA","MADAGASCAR","EXTRANJEROS",0,1,1
" 02","MACARENA","MADAGASCAR","TOTAL POBLACION",0,1,1
" 02","MACARENA","MALI","EXTRANJEROS",10,0,10
" 02","MACARENA","MALI","TOTAL POBLACION",10,0,10
" 02","MACARENA","MARRUECOS","ESPA�OLES",2,2,4
" 02","MACARENA","MARRUECOS","EXTRANJEROS",65,53,118
" 02","MACARENA","MARRUECOS","TOTAL POBLACION",67,55,122
" 02","MACARENA","MAURITANIA","EXTRANJEROS",1,0,1
" 02","MACARENA","MAURITANIA","TOTAL POBLACION",1,0,1
" 02","MACARENA","MEXICO","EXTRANJEROS",7,8,15
" 02","MACARENA","MEXICO","TOTAL POBLACION",7,8,15
" 02","MACARENA","NICARAGUA","ESPA�OLES",0,1,1
" 02","MACARENA","NICARAGUA","EXTRANJEROS",103,113,216
" 02","MACARENA","NICARAGUA","TOTAL POBLACION",103,114,217
" 02","MACARENA","NIGERIA","EXTRANJEROS",2,0,2
" 02","MACARENA","NIGERIA","TOTAL POBLACION",2,0,2
" 02","MACARENA","PAISES BAJOS","ESPA�OLES",0,1,1
" 02","MACARENA","PAISES BAJOS","TOTAL POBLACION",0,1,1
" 02","MACARENA","PAKISTAN","EXTRANJEROS",4,0,4
" 02","MACARENA","PAKISTAN","TOTAL POBLACION",4,0,4
" 02","MACARENA","PALESTINA. ESTADO OBSERVADOR, NO MIEMBRO DE NACIONES UNIDAS","EXTRANJEROS",4,2,6
" 02","MACARENA","PALESTINA. ESTADO OBSERVADOR, NO MIEMBRO DE NACIONES UNIDAS","TOTAL POBLACION",4,2,6
" 02","MACARENA","PANAMA","ESPA�OLES",1,0,1
" 02","MACARENA","PANAMA","EXTRANJEROS",1,0,1
" 02","MACARENA","PANAMA","TOTAL POBLACION",2,0,2
" 02","MACARENA","PARAGUAY","ESPA�OLES",0,1,1
" 02","MACARENA","PARAGUAY","EXTRANJEROS",2,9,11
" 02","MACARENA","PARAGUAY","TOTAL POBLACION",2,10,12
" 02","MACARENA","PERU","ESPA�OLES",5,9,14
" 02","MACARENA","PERU","EXTRANJEROS",23,33,56
" 02","MACARENA","PERU","TOTAL POBLACION",28,42,70
" 02","MACARENA","POLONIA","EXTRANJEROS",1,3,4
" 02","MACARENA","POLONIA","TOTAL POBLACION",1,3,4
" 02","MACARENA","PORTUGAL","EXTRANJEROS",1,6,7
" 02","MACARENA","PORTUGAL","TOTAL POBLACION",1,6,7
" 02","MACARENA","REINO UNIDO","ESPA�OLES",7,8,15
" 02","MACARENA","REINO UNIDO","EXTRANJEROS",5,8,13
" 02","MACARENA","REINO UNIDO","TOTAL POBLACION",12,16,28
" 02","MACARENA","REPUBLICA CHECA","EXTRANJEROS",0,1,1
" 02","MACARENA","REPUBLICA CHECA","TOTAL POBLACION",0,1,1
" 02","MACARENA","REPUBLICA DE COREA","EXTRANJEROS",1,1,2
" 02","MACARENA","REPUBLICA DE COREA","TOTAL POBLACION",1,1,2
" 02","MACARENA","REPUBLICA DOMINICANA","ESPA�OLES",2,1,3
" 02","MACARENA","REPUBLICA DOMINICANA","EXTRANJEROS",10,11,21
" 02","MACARENA","REPUBLICA DOMINICANA","TOTAL POBLACION",12,12,24
" 02","MACARENA","REPUBLICA SUDAFRICANA","ESPA�OLES",0,1,1
" 02","MACARENA","REPUBLICA SUDAFRICANA","EXTRANJEROS",0,1,1
" 02","MACARENA","REPUBLICA SUDAFRICANA","TOTAL POBLACION",0,2,2
" 02","MACARENA","RUMANIA","EXTRANJEROS",6,2,8
" 02","MACARENA","RUMANIA","TOTAL POBLACION",6,2,8
" 02","MACARENA","RUSIA","EXTRANJEROS",4,7,11
" 02","MACARENA","RUSIA","TOTAL POBLACION",4,7,11
" 02","MACARENA","SENEGAL","EXTRANJEROS",12,3,15
" 02","MACARENA","SENEGAL","TOTAL POBLACION",12,3,15
" 02","MACARENA","SIRIA","EXTRANJEROS",1,3,4
" 02","MACARENA","SIRIA","TOTAL POBLACION",1,3,4
" 02","MACARENA","SUDAN","EXTRANJEROS",1,0,1
" 02","MACARENA","SUDAN","TOTAL POBLACION",1,0,1
" 02","MACARENA","SUECIA","ESPA�OLES",1,0,1
" 02","MACARENA","SUECIA","TOTAL POBLACION",1,0,1
" 02","MACARENA","TUNEZ","EXTRANJEROS",1,0,1
" 02","MACARENA","TUNEZ","TOTAL POBLACION",1,0,1
" 02","MACARENA","UCRANIA","EXTRANJEROS",2,6,8
" 02","MACARENA","UCRANIA","TOTAL POBLACION",2,6,8
" 02","MACARENA","VENEZUELA","ESPA�OLES",0,1,1
" 02","MACARENA","VENEZUELA","EXTRANJEROS",30,28,58
" 02","MACARENA","VENEZUELA","TOTAL POBLACION",30,29,59
" 03","NERVION","- TODOS -","ESPA�OLES",497,598,1095
" 03","NERVION","- TODOS -","EXTRANJEROS",269,209,478
" 03","NERVION","- TODOS -","TOTAL POBLACION",766,807,1573
" 03","NERVION","ALEMANIA","ESPA�OLES",5,4,9
" 03","NERVION","ALEMANIA","EXTRANJEROS",3,6,9
" 03","NERVION","ALEMANIA","TOTAL POBLACION",8,10,18
" 03","NERVION","ARABIA SAUDITA","ESPA�OLES",2,0,2
" 03","NERVION","ARABIA SAUDITA","TOTAL POBLACION",2,0,2
" 03","NERVION","ARGELIA","EXTRANJEROS",2,0,2
" 03","NERVION","ARGELIA","TOTAL POBLACION",2,0,2
" 03","NERVION","ARGENTINA","ESPA�OLES",1,3,4
" 03","NERVION","ARGENTINA","EXTRANJEROS",5,7,12
" 03","NERVION","ARGENTINA","TOTAL POBLACION",6,10,16
" 03","NERVION","AUSTRIA","EXTRANJEROS",0,1,1
" 03","NERVION","AUSTRIA","TOTAL POBLACION",0,1,1
" 03","NERVION","BELGICA","ESPA�OLES",3,4,7
" 03","NERVION","BELGICA","TOTAL POBLACION",3,4,7
" 03","NERVION","BRASIL","EXTRANJEROS",6,6,12
" 03","NERVION","BRASIL","TOTAL POBLACION",6,6,12
" 03","NERVION","CHILE","ESPA�OLES",1,0,1
" 03","NERVION","CHILE","EXTRANJEROS",5,3,8
" 03","NERVION","CHILE","TOTAL POBLACION",6,3,9
" 03","NERVION","CHINA","EXTRANJEROS",5,5,10
" 03","NERVION","CHINA","TOTAL POBLACION",5,5,10
" 03","NERVION","COLOMBIA","ESPA�OLES",0,1,1
" 03","NERVION","COLOMBIA","EXTRANJEROS",8,10,18
" 03","NERVION","COLOMBIA","TOTAL POBLACION",8,11,19
" 03","NERVION","COSTA DE MARFIL","EXTRANJEROS",1,0,1
" 03","NERVION","COSTA DE MARFIL","TOTAL POBLACION",1,0,1
" 03","NERVION","COSTA RICA","EXTRANJEROS",2,0,2
" 03","NERVION","COSTA RICA","TOTAL POBLACION",2,0,2
" 03","NERVION","CUBA","ESPA�OLES",0,1,1
" 03","NERVION","CUBA","EXTRANJEROS",2,2,4
" 03","NERVION","CUBA","TOTAL POBLACION",2,3,5
" 03","NERVION","ECUADOR","ESPA�OLES",0,1,1
" 03","NERVION","ECUADOR","EXTRANJEROS",3,3,6
" 03","NERVION","ECUADOR","TOTAL POBLACION",3,4,7
" 03","NERVION","EL SALVADOR","EXTRANJEROS",0,1,1
" 03","NERVION","EL SALVADOR","TOTAL POBLACION",0,1,1
" 03","NERVION","EMIRATOS ARABES UNIDOS","ESPA�OLES",2,0,2
" 03","NERVION","EMIRATOS ARABES UNIDOS","TOTAL POBLACION",2,0,2
" 03","NERVION","ESPA�A","ESPA�OLES",462,558,1020
" 03","NERVION","ESPA�A","EXTRANJEROS",77,69,146
" 03","NERVION","ESPA�A","TOTAL POBLACION",539,627,1166
" 03","NERVION","ESTADOS UNIDOS DE AMERICA","ESPA�OLES",2,4,6
" 03","NERVION","ESTADOS UNIDOS DE AMERICA","EXTRANJEROS",3,7,10
" 03","NERVION","ESTADOS UNIDOS DE AMERICA","TOTAL POBLACION",5,11,16
" 03","NERVION","FRANCIA","ESPA�OLES",2,1,3
" 03","NERVION","FRANCIA","EXTRANJEROS",4,13,17
" 03","NERVION","FRANCIA","TOTAL POBLACION",6,14,20
" 03","NERVION","GAMBIA","EXTRANJEROS",13,0,13
" 03","NERVION","GAMBIA","TOTAL POBLACION",13,0,13
" 03","NERVION","GEORGIA","EXTRANJEROS",1,0,1
" 03","NERVION","GEORGIA","TOTAL POBLACION",1,0,1
" 03","NERVION","GUATEMALA","EXTRANJEROS",0,1,1
" 03","NERVION","GUATEMALA","TOTAL POBLACION",0,1,1
" 03","NERVION","GUINEA","EXTRANJEROS",1,0,1
" 03","NERVION","GUINEA","TOTAL POBLACION",1,0,1
" 03","NERVION","GUINEA BISSAU","EXTRANJEROS",1,0,1
" 03","NERVION","GUINEA BISSAU","TOTAL POBLACION",1,0,1
" 03","NERVION","GUYANA","EXTRANJEROS",1,0,1
" 03","NERVION","GUYANA","TOTAL POBLACION",1,0,1
" 03","NERVION","HONDURAS","EXTRANJEROS",2,5,7
" 03","NERVION","HONDURAS","TOTAL POBLACION",2,5,7
" 03","NERVION","HUNGRIA","EXTRANJEROS",0,1,1
" 03","NERVION","HUNGRIA","TOTAL POBLACION",0,1,1
" 03","NERVION","INDIA","EXTRANJEROS",2,0,2
" 03","NERVION","INDIA","TOTAL POBLACION",2,0,2
" 03","NERVION","IRAN","EXTRANJEROS",1,0,1
" 03","NERVION","IRAN","TOTAL POBLACION",1,0,1
" 03","NERVION","IRLANDA","ESPA�OLES",0,1,1
" 03","NERVION","IRLANDA","TOTAL POBLACION",0,1,1
" 03","NERVION","ITALIA","EXTRANJEROS",7,7,14
" 03","NERVION","ITALIA","TOTAL POBLACION",7,7,14
" 03","NERVION","JAPON","EXTRANJEROS",1,0,1
" 03","NERVION","JAPON","TOTAL POBLACION",1,0,1
" 03","NERVION","LIBANO","ESPA�OLES",1,0,1
" 03","NERVION","LIBANO","EXTRANJEROS",0,1,1
" 03","NERVION","LIBANO","TOTAL POBLACION",1,1,2
" 03","NERVION","LITUANIA","EXTRANJEROS",1,0,1
" 03","NERVION","LITUANIA","TOTAL POBLACION",1,0,1
" 03","NERVION","LUXEMBURGO","ESPA�OLES",0,2,2
" 03","NERVION","LUXEMBURGO","EXTRANJEROS",1,0,1
" 03","NERVION","LUXEMBURGO","TOTAL POBLACION",1,2,3
" 03","NERVION","MALASIA","EXTRANJEROS",0,2,2
" 03","NERVION","MALASIA","TOTAL POBLACION",0,2,2
" 03","NERVION","MALI","EXTRANJEROS",28,0,28
" 03","NERVION","MALI","TOTAL POBLACION",28,0,28
" 03","NERVION","MARRUECOS","EXTRANJEROS",23,13,36
" 03","NERVION","MARRUECOS","TOTAL POBLACION",23,13,36
" 03","NERVION","MAURITANIA","EXTRANJEROS",1,1,2
" 03","NERVION","MAURITANIA","TOTAL POBLACION",1,1,2
" 03","NERVION","MEXICO","ESPA�OLES",1,3,4
" 03","NERVION","MEXICO","EXTRANJEROS",2,5,7
" 03","NERVION","MEXICO","TOTAL POBLACION",3,8,11
" 03","NERVION","NICARAGUA","EXTRANJEROS",7,9,16
" 03","NERVION","NICARAGUA","TOTAL POBLACION",7,9,16
" 03","NERVION","NORUEGA","EXTRANJEROS",1,0,1
" 03","NERVION","NORUEGA","TOTAL POBLACION",1,0,1
" 03","NERVION","NUEVA ZELANDA","EXTRANJEROS",1,0,1
" 03","NERVION","NUEVA ZELANDA","TOTAL POBLACION",1,0,1
" 03","NERVION","PAISES BAJOS","ESPA�OLES",2,3,5
" 03","NERVION","PAISES BAJOS","TOTAL POBLACION",2,3,5
" 03","NERVION","PANAMA","EXTRANJEROS",1,1,2
" 03","NERVION","PANAMA","TOTAL POBLACION",1,1,2
" 03","NERVION","PARAGUAY","EXTRANJEROS",1,4,5
" 03","NERVION","PARAGUAY","TOTAL POBLACION",1,4,5
" 03","NERVION","PERU","ESPA�OLES",1,1,2
" 03","NERVION","PERU","EXTRANJEROS",0,4,4
" 03","NERVION","PERU","TOTAL POBLACION",1,5,6
" 03","NERVION","POLONIA","ESPA�OLES",1,0,1
" 03","NERVION","POLONIA","EXTRANJEROS",1,0,1
" 03","NERVION","POLONIA","TOTAL POBLACION",2,0,2
" 03","NERVION","PORTUGAL","EXTRANJEROS",4,1,5
" 03","NERVION","PORTUGAL","TOTAL POBLACION",4,1,5
" 03","NERVION","QATAR","ESPA�OLES",1,0,1
" 03","NERVION","QATAR","TOTAL POBLACION",1,0,1
" 03","NERVION","REINO UNIDO","ESPA�OLES",9,8,17
" 03","NERVION","REINO UNIDO","EXTRANJEROS",6,7,13
" 03","NERVION","REINO UNIDO","TOTAL POBLACION",15,15,30
" 03","NERVION","REPUBLICA CENTROAFRICANA","EXTRANJEROS",1,0,1
" 03","NERVION","REPUBLICA CENTROAFRICANA","TOTAL POBLACION",1,0,1
" 03","NERVION","REPUBLICA DOMINICANA","ESPA�OLES",0,1,1
" 03","NERVION","REPUBLICA DOMINICANA","EXTRANJEROS",3,1,4
" 03","NERVION","REPUBLICA DOMINICANA","TOTAL POBLACION",3,2,5
" 03","NERVION","RUMANIA","EXTRANJEROS",0,3,3
" 03","NERVION","RUMANIA","TOTAL POBLACION",0,3,3
" 03","NERVION","RUSIA","EXTRANJEROS",3,1,4
" 03","NERVION","RUSIA","TOTAL POBLACION",3,1,4
" 03","NERVION","SENEGAL","EXTRANJEROS",17,1,18
" 03","NERVION","SENEGAL","TOTAL POBLACION",17,1,18
" 03","NERVION","SIERRA LEONA","EXTRANJEROS",1,0,1
" 03","NERVION","SIERRA LEONA","TOTAL POBLACION",1,0,1
" 03","NERVION","SUECIA","ESPA�OLES",0,1,1
" 03","NERVION","SUECIA","TOTAL POBLACION",0,1,1
" 03","NERVION","TAILANDIA","ESPA�OLES",1,0,1
" 03","NERVION","TAILANDIA","TOTAL POBLACION",1,0,1
" 03","NERVION","TURQUIA","EXTRANJEROS",1,0,1
" 03","NERVION","TURQUIA","TOTAL POBLACION",1,0,1
" 03","NERVION","UCRANIA","EXTRANJEROS",1,1,2
" 03","NERVION","UCRANIA","TOTAL POBLACION",1,1,2
" 03","NERVION","URUGUAY","ESPA�OLES",0,1,1
" 03","NERVION","URUGUAY","EXTRANJEROS",1,0,1
" 03","NERVION","URUGUAY","TOTAL POBLACION",1,1,2
" 03","NERVION","VENEZUELA","EXTRANJEROS",7,7,14
" 03","NERVION","VENEZUELA","TOTAL POBLACION",7,7,14
" 04","CERRO-AMATE","- TODOS -","ESPA�OLES",598,613,1211
" 04","CERRO-AMATE","- TODOS -","EXTRANJEROS",826,672,1498
" 04","CERRO-AMATE","- TODOS -","TOTAL POBLACION",1424,1285,2709
" 04","CERRO-AMATE","AFGANISTAN","EXTRANJEROS",8,4,12
" 04","CERRO-AMATE","AFGANISTAN","TOTAL POBLACION",8,4,12
" 04","CERRO-AMATE","ALEMANIA","ESPA�OLES",3,0,3
" 04","CERRO-AMATE","ALEMANIA","EXTRANJEROS",0,1,1
" 04","CERRO-AMATE","ALEMANIA","TOTAL POBLACION",3,1,4
" 04","CERRO-AMATE","ARABIA SAUDITA","ESPA�OLES",1,0,1
" 04","CERRO-AMATE","ARABIA SAUDITA","TOTAL POBLACION",1,0,1
" 04","CERRO-AMATE","ARGELIA","EXTRANJEROS",7,3,10
" 04","CERRO-AMATE","ARGELIA","TOTAL POBLACION",7,3,10
" 04","CERRO-AMATE","ARGENTINA","ESPA�OLES",1,0,1
" 04","CERRO-AMATE","ARGENTINA","EXTRANJEROS",4,1,5
" 04","CERRO-AMATE","ARGENTINA","TOTAL POBLACION",5,1,6
" 04","CERRO-AMATE","BELGICA","EXTRANJEROS",0,1,1
" 04","CERRO-AMATE","BELGICA","TOTAL POBLACION",0,1,1
" 04","CERRO-AMATE","BOLIVIA","ESPA�OLES",0,4,4
" 04","CERRO-AMATE","BOLIVIA","EXTRANJEROS",3,2,5
" 04","CERRO-AMATE","BOLIVIA","TOTAL POBLACION",3,6,9
" 04","CERRO-AMATE","BRASIL","EXTRANJEROS",8,11,19
" 04","CERRO-AMATE","BRASIL","TOTAL POBLACION",8,11,19
" 04","CERRO-AMATE","CAMERUN","EXTRANJEROS",4,1,5
" 04","CERRO-AMATE","CAMERUN","TOTAL POBLACION",4,1,5
" 04","CERRO-AMATE","CHILE","ESPA�OLES",0,1,1
" 04","CERRO-AMATE","CHILE","EXTRANJEROS",1,1,2
" 04","CERRO-AMATE","CHILE","TOTAL POBLACION",1,2,3
" 04","CERRO-AMATE","CHINA","EXTRANJEROS",8,3,11
" 04","CERRO-AMATE","CHINA","TOTAL POBLACION",8,3,11
" 04","CERRO-AMATE","COLOMBIA","ESPA�OLES",3,7,10
" 04","CERRO-AMATE","COLOMBIA","EXTRANJEROS",49,59,108
" 04","CERRO-AMATE","COLOMBIA","TOTAL POBLACION",52,66,118
" 04","CERRO-AMATE","COSTA DE MARFIL","EXTRANJEROS",8,1,9
" 04","CERRO-AMATE","COSTA DE MARFIL","TOTAL POBLACION",8,1,9
" 04","CERRO-AMATE","CUBA","ESPA�OLES",5,2,7
" 04","CERRO-AMATE","CUBA","EXTRANJEROS",11,8,19
" 04","CERRO-AMATE","CUBA","TOTAL POBLACION",16,10,26
" 04","CERRO-AMATE","ECUADOR","ESPA�OLES",3,1,4
" 04","CERRO-AMATE","ECUADOR","EXTRANJEROS",1,2,3
" 04","CERRO-AMATE","ECUADOR","TOTAL POBLACION",4,3,7
" 04","CERRO-AMATE","EL SALVADOR","EXTRANJEROS",16,22,38
" 04","CERRO-AMATE","EL SALVADOR","TOTAL POBLACION",16,22,38
" 04","CERRO-AMATE","EMIRATOS ARABES UNIDOS","ESPA�OLES",2,0,2
" 04","CERRO-AMATE","EMIRATOS ARABES UNIDOS","TOTAL POBLACION",2,0,2
" 04","CERRO-AMATE","ESLOVAQUIA","EXTRANJEROS",0,1,1
" 04","CERRO-AMATE","ESLOVAQUIA","TOTAL POBLACION",0,1,1
" 04","CERRO-AMATE","ESPA�A","ESPA�OLES",574,577,1151
" 04","CERRO-AMATE","ESPA�A","EXTRANJEROS",309,304,613
" 04","CERRO-AMATE","ESPA�A","TOTAL POBLACION",883,881,1764
" 04","CERRO-AMATE","ESTADOS UNIDOS DE AMERICA","EXTRANJEROS",2,0,2
" 04","CERRO-AMATE","ESTADOS UNIDOS DE AMERICA","TOTAL POBLACION",2,0,2
" 04","CERRO-AMATE","FRANCIA","ESPA�OLES",1,0,1
" 04","CERRO-AMATE","FRANCIA","EXTRANJEROS",3,3,6
" 04","CERRO-AMATE","FRANCIA","TOTAL POBLACION",4,3,7
" 04","CERRO-AMATE","GAMBIA","EXTRANJEROS",7,0,7
" 04","CERRO-AMATE","GAMBIA","TOTAL POBLACION",7,0,7
" 04","CERRO-AMATE","GEORGIA","EXTRANJEROS",2,0,2
" 04","CERRO-AMATE","GEORGIA","TOTAL POBLACION",2,0,2
" 04","CERRO-AMATE","GHANA","EXTRANJEROS",1,0,1
" 04","CERRO-AMATE","GHANA","TOTAL POBLACION",1,0,1
" 04","CERRO-AMATE","GRECIA","EXTRANJEROS",1,0,1
" 04","CERRO-AMATE","GRECIA","TOTAL POBLACION",1,0,1
" 04","CERRO-AMATE","GUATEMALA","ESPA�OLES",0,2,2
" 04","CERRO-AMATE","GUATEMALA","EXTRANJEROS",3,4,7
" 04","CERRO-AMATE","GUATEMALA","TOTAL POBLACION",3,6,9
" 04","CERRO-AMATE","GUINEA","EXTRANJEROS",3,0,3
" 04","CERRO-AMATE","GUINEA","TOTAL POBLACION",3,0,3
" 04","CERRO-AMATE","GUINEA ECUATORIAL","EXTRANJEROS",0,2,2
" 04","CERRO-AMATE","GUINEA ECUATORIAL","TOTAL POBLACION",0,2,2
" 04","CERRO-AMATE","HONDURAS","EXTRANJEROS",17,18,35
" 04","CERRO-AMATE","HONDURAS","TOTAL POBLACION",17,18,35
" 04","CERRO-AMATE","IRLANDA","ESPA�OLES",0,1,1
" 04","CERRO-AMATE","IRLANDA","EXTRANJEROS",1,0,1
" 04","CERRO-AMATE","IRLANDA","TOTAL POBLACION",1,1,2
" 04","CERRO-AMATE","ITALIA","EXTRANJEROS",4,4,8
" 04","CERRO-AMATE","ITALIA","TOTAL POBLACION",4,4,8
" 04","CERRO-AMATE","MALI","EXTRANJEROS",60,0,60
" 04","CERRO-AMATE","MALI","TOTAL POBLACION",60,0,60
" 04","CERRO-AMATE","MARRUECOS","ESPA�OLES",1,1,2
" 04","CERRO-AMATE","MARRUECOS","EXTRANJEROS",108,41,149
" 04","CERRO-AMATE","MARRUECOS","TOTAL POBLACION",109,42,151
" 04","CERRO-AMATE","MAURITANIA","EXTRANJEROS",2,0,2
" 04","CERRO-AMATE","MAURITANIA","TOTAL POBLACION",2,0,2
" 04","CERRO-AMATE","MEXICO","ESPA�OLES",0,1,1
" 04","CERRO-AMATE","MEXICO","EXTRANJEROS",0,2,2
" 04","CERRO-AMATE","MEXICO","TOTAL POBLACION",0,3,3
" 04","CERRO-AMATE","NICARAGUA","EXTRANJEROS",62,95,157
" 04","CERRO-AMATE","NICARAGUA","TOTAL POBLACION",62,95,157
" 04","CERRO-AMATE","NIGERIA","EXTRANJEROS",8,3,11
" 04","CERRO-AMATE","NIGERIA","TOTAL POBLACION",8,3,11
" 04","CERRO-AMATE","PAISES BAJOS","ESPA�OLES",1,1,2
" 04","CERRO-AMATE","PAISES BAJOS","TOTAL POBLACION",1,1,2
" 04","CERRO-AMATE","PAKISTAN","EXTRANJEROS",2,0,2
" 04","CERRO-AMATE","PAKISTAN","TOTAL POBLACION",2,0,2
" 04","CERRO-AMATE","PANAMA","EXTRANJEROS",1,0,1
" 04","CERRO-AMATE","PANAMA","TOTAL POBLACION",1,0,1
" 04","CERRO-AMATE","PARAGUAY","EXTRANJEROS",11,11,22
" 04","CERRO-AMATE","PARAGUAY","TOTAL POBLACION",11,11,22
" 04","CERRO-AMATE","PERU","ESPA�OLES",0,2,2
" 04","CERRO-AMATE","PERU","EXTRANJEROS",14,31,45
" 04","CERRO-AMATE","PERU","TOTAL POBLACION",14,33,47
" 04","CERRO-AMATE","PORTUGAL","EXTRANJEROS",2,0,2
" 04","CERRO-AMATE","PORTUGAL","TOTAL POBLACION",2,0,2
" 04","CERRO-AMATE","REINO UNIDO","ESPA�OLES",2,5,7
" 04","CERRO-AMATE","REINO UNIDO","EXTRANJEROS",3,1,4
" 04","CERRO-AMATE","REINO UNIDO","TOTAL POBLACION",5,6,11
" 04","CERRO-AMATE","REPUBLICA DOMINICANA","ESPA�OLES",0,1,1
" 04","CERRO-AMATE","REPUBLICA DOMINICANA","EXTRANJEROS",4,0,4
" 04","CERRO-AMATE","REPUBLICA DOMINICANA","TOTAL POBLACION",4,1,5
" 04","CERRO-AMATE","RUMANIA","ESPA�OLES",0,1,1
" 04","CERRO-AMATE","RUMANIA","EXTRANJEROS",12,7,19
" 04","CERRO-AMATE","RUMANIA","TOTAL POBLACION",12,8,20
" 04","CERRO-AMATE","RUSIA","EXTRANJEROS",1,2,3
" 04","CERRO-AMATE","RUSIA","TOTAL POBLACION",1,2,3
" 04","CERRO-AMATE","SENEGAL","ESPA�OLES",1,1,2
" 04","CERRO-AMATE","SENEGAL","EXTRANJEROS",34,2,36
" 04","CERRO-AMATE","SENEGAL","TOTAL POBLACION",35,3,38
" 04","CERRO-AMATE","SIERRA LEONA","EXTRANJEROS",1,0,1
" 04","CERRO-AMATE","SIERRA LEONA","TOTAL POBLACION",1,0,1
" 04","CERRO-AMATE","SIRIA","EXTRANJEROS",1,0,1
" 04","CERRO-AMATE","SIRIA","TOTAL POBLACION",1,0,1
" 04","CERRO-AMATE","TUNEZ","EXTRANJEROS",1,0,1
" 04","CERRO-AMATE","TUNEZ","TOTAL POBLACION",1,0,1
" 04","CERRO-AMATE","TURQUIA","EXTRANJEROS",1,0,1
" 04","CERRO-AMATE","TURQUIA","TOTAL POBLACION",1,0,1
" 04","CERRO-AMATE","UCRANIA","EXTRANJEROS",3,3,6
" 04","CERRO-AMATE","UCRANIA","TOTAL POBLACION",3,3,6
" 04","CERRO-AMATE","URUGUAY","EXTRANJEROS",1,1,2
" 04","CERRO-AMATE","URUGUAY","TOTAL POBLACION",1,1,2
" 04","CERRO-AMATE","VENEZUELA","ESPA�OLES",0,5,5
" 04","CERRO-AMATE","VENEZUELA","EXTRANJEROS",13,17,30
" 04","CERRO-AMATE","VENEZUELA","TOTAL POBLACION",13,22,35
" 05","SUR","- TODOS -","ESPA�OLES",662,621,1283
" 05","SUR","- TODOS -","EXTRANJEROS",390,520,910
" 05","SUR","- TODOS -","TOTAL POBLACION",1052,1141,2193
" 05","SUR","AFGANISTAN","EXTRANJEROS",1,5,6
" 05","SUR","AFGANISTAN","TOTAL POBLACION",1,5,6
" 05","SUR","ALEMANIA","ESPA�OLES",6,5,11
" 05","SUR","ALEMANIA","EXTRANJEROS",1,4,5
" 05","SUR","ALEMANIA","TOTAL POBLACION",7,9,16
" 05","SUR","APATRIDA","EXTRANJEROS",1,0,1
" 05","SUR","APATRIDA","TOTAL POBLACION",1,0,1
" 05","SUR","ARABIA SAUDITA","EXTRANJEROS",1,0,1
" 05","SUR","ARABIA SAUDITA","TOTAL POBLACION",1,0,1
" 05","SUR","ARGELIA","EXTRANJEROS",3,1,4
" 05","SUR","ARGELIA","TOTAL POBLACION",3,1,4
" 05","SUR","ARGENTINA","ESPA�OLES",3,1,4
" 05","SUR","ARGENTINA","EXTRANJEROS",13,9,22
" 05","SUR","ARGENTINA","TOTAL POBLACION",16,10,26
" 05","SUR","ARMENIA","EXTRANJEROS",0,2,2
" 05","SUR","ARMENIA","TOTAL POBLACION",0,2,2
" 05","SUR","BELGICA","ESPA�OLES",3,3,6
" 05","SUR","BELGICA","EXTRANJEROS",2,2,4
" 05","SUR","BELGICA","TOTAL POBLACION",5,5,10
" 05","SUR","BOLIVIA","EXTRANJEROS",0,3,3
" 05","SUR","BOLIVIA","TOTAL POBLACION",0,3,3
" 05","SUR","BRASIL","ESPA�OLES",1,0,1
" 05","SUR","BRASIL","EXTRANJEROS",5,6,11
" 05","SUR","BRASIL","TOTAL POBLACION",6,6,12
" 05","SUR","CANADA","ESPA�OLES",0,2,2
" 05","SUR","CANADA","EXTRANJEROS",1,0,1
" 05","SUR","CANADA","TOTAL POBLACION",1,2,3
" 05","SUR","CHILE","ESPA�OLES",1,4,5
" 05","SUR","CHILE","EXTRANJEROS",9,5,14
" 05","SUR","CHILE","TOTAL POBLACION",10,9,19
" 05","SUR","CHINA","ESPA�OLES",3,0,3
" 05","SUR","CHINA","EXTRANJEROS",5,6,11
" 05","SUR","CHINA","TOTAL POBLACION",8,6,14
" 05","SUR","COLOMBIA","ESPA�OLES",1,2,3
" 05","SUR","COLOMBIA","EXTRANJEROS",37,52,89
" 05","SUR","COLOMBIA","TOTAL POBLACION",38,54,92
" 05","SUR","COSTA DE MARFIL","EXTRANJEROS",2,0,2
" 05","SUR","COSTA DE MARFIL","TOTAL POBLACION",2,0,2
" 05","SUR","COSTA RICA","EXTRANJEROS",0,1,1
" 05","SUR","COSTA RICA","TOTAL POBLACION",0,1,1
" 05","SUR","CUBA","ESPA�OLES",2,2,4
" 05","SUR","CUBA","EXTRANJEROS",9,12,21
" 05","SUR","CUBA","TOTAL POBLACION",11,14,25
" 05","SUR","ECUADOR","ESPA�OLES",0,1,1
" 05","SUR","ECUADOR","EXTRANJEROS",9,9,18
" 05","SUR","ECUADOR","TOTAL POBLACION",9,10,19
" 05","SUR","EGIPTO","EXTRANJEROS",1,0,1
" 05","SUR","EGIPTO","TOTAL POBLACION",1,0,1
" 05","SUR","EL SALVADOR","ESPA�OLES",0,2,2
" 05","SUR","EL SALVADOR","EXTRANJEROS",5,13,18
" 05","SUR","EL SALVADOR","TOTAL POBLACION",5,15,20
" 05","SUR","EMIRATOS ARABES UNIDOS","ESPA�OLES",1,0,1
" 05","SUR","EMIRATOS ARABES UNIDOS","TOTAL POBLACION",1,0,1
" 05","SUR","ESPA�A","ESPA�OLES",608,573,1181
" 05","SUR","ESPA�A","EXTRANJEROS",136,182,318
" 05","SUR","ESPA�A","TOTAL POBLACION",744,755,1499
" 05","SUR","ESTADOS UNIDOS DE AMERICA","ESPA�OLES",6,4,10
" 05","SUR","ESTADOS UNIDOS DE AMERICA","EXTRANJEROS",10,14,24
" 05","SUR","ESTADOS UNIDOS DE AMERICA","TOTAL POBLACION",16,18,34
" 05","SUR","ESTONIA","EXTRANJEROS",0,1,1
" 05","SUR","ESTONIA","TOTAL POBLACION",0,1,1
" 05","SUR","FILIPINAS","EXTRANJEROS",1,0,1
" 05","SUR","FILIPINAS","TOTAL POBLACION",1,0,1
" 05","SUR","FRANCIA","ESPA�OLES",2,4,6
" 05","SUR","FRANCIA","EXTRANJEROS",3,4,7
" 05","SUR","FRANCIA","TOTAL POBLACION",5,8,13
" 05","SUR","GABON","EXTRANJEROS",0,1,1
" 05","SUR","GABON","TOTAL POBLACION",0,1,1
" 05","SUR","GEORGIA","EXTRANJEROS",2,1,3
" 05","SUR","GEORGIA","TOTAL POBLACION",2,1,3
" 05","SUR","GHANA","EXTRANJEROS",4,1,5
" 05","SUR","GHANA","TOTAL POBLACION",4,1,5
" 05","SUR","GUATEMALA","EXTRANJEROS",2,1,3
" 05","SUR","GUATEMALA","TOTAL POBLACION",2,1,3
" 05","SUR","GUINEA ECUATORIAL","ESPA�OLES",1,1,2
" 05","SUR","GUINEA ECUATORIAL","TOTAL POBLACION",1,1,2
" 05","SUR","HONDURAS","EXTRANJEROS",8,26,34
" 05","SUR","HONDURAS","TOTAL POBLACION",8,26,34
" 05","SUR","HUNGRIA","EXTRANJEROS",0,1,1
" 05","SUR","HUNGRIA","TOTAL POBLACION",0,1,1
" 05","SUR","INDIA","EXTRANJEROS",0,1,1
" 05","SUR","INDIA","TOTAL POBLACION",0,1,1
" 05","SUR","IRAN","EXTRANJEROS",0,1,1
" 05","SUR","IRAN","TOTAL POBLACION",0,1,1
" 05","SUR","IRLANDA","EXTRANJEROS",0,2,2
" 05","SUR","IRLANDA","TOTAL POBLACION",0,2,2
" 05","SUR","ITALIA","ESPA�OLES",2,0,2
" 05","SUR","ITALIA","EXTRANJEROS",1,5,6
" 05","SUR","ITALIA","TOTAL POBLACION",3,5,8
" 05","SUR","MACEDONIA","EXTRANJEROS",0,1,1
" 05","SUR","MACEDONIA","TOTAL POBLACION",0,1,1
" 05","SUR","MALI","EXTRANJEROS",2,0,2
" 05","SUR","MALI","TOTAL POBLACION",2,0,2
" 05","SUR","MARRUECOS","ESPA�OLES",0,1,1
" 05","SUR","MARRUECOS","EXTRANJEROS",30,19,49
" 05","SUR","MARRUECOS","TOTAL POBLACION",30,20,50
" 05","SUR","MEXICO","ESPA�OLES",5,4,9
" 05","SUR","MEXICO","EXTRANJEROS",6,7,13
" 05","SUR","MEXICO","TOTAL POBLACION",11,11,22
" 05","SUR","NICARAGUA","EXTRANJEROS",18,41,59
" 05","SUR","NICARAGUA","TOTAL POBLACION",18,41,59
" 05","SUR","NIGERIA","ESPA�OLES",1,3,4
" 05","SUR","NIGERIA","EXTRANJEROS",7,1,8
" 05","SUR","NIGERIA","TOTAL POBLACION",8,4,12
" 05","SUR","PAISES BAJOS","ESPA�OLES",1,0,1
" 05","SUR","PAISES BAJOS","EXTRANJEROS",1,4,5
" 05","SUR","PAISES BAJOS","TOTAL POBLACION",2,4,6
" 05","SUR","PAKISTAN","EXTRANJEROS",6,2,8
" 05","SUR","PAKISTAN","TOTAL POBLACION",6,2,8
" 05","SUR","PARAGUAY","ESPA�OLES",1,0,1
" 05","SUR","PARAGUAY","EXTRANJEROS",3,13,16
" 05","SUR","PARAGUAY","TOTAL POBLACION",4,13,17
" 05","SUR","PERU","ESPA�OLES",1,1,2
" 05","SUR","PERU","EXTRANJEROS",8,15,23
" 05","SUR","PERU","TOTAL POBLACION",9,16,25
" 05","SUR","PORTUGAL","EXTRANJEROS",4,2,6
" 05","SUR","PORTUGAL","TOTAL POBLACION",4,2,6
" 05","SUR","REINO UNIDO","ESPA�OLES",7,5,12
" 05","SUR","REINO UNIDO","EXTRANJEROS",2,5,7
" 05","SUR","REINO UNIDO","TOTAL POBLACION",9,10,19
" 05","SUR","REPUBLICA DE COREA","EXTRANJEROS",2,0,2
" 05","SUR","REPUBLICA DE COREA","TOTAL POBLACION",2,0,2
" 05","SUR","REPUBLICA DOMINICANA","ESPA�OLES",1,0,1
" 05","SUR","REPUBLICA DOMINICANA","EXTRANJEROS",3,4,7
" 05","SUR","REPUBLICA DOMINICANA","TOTAL POBLACION",4,4,8
" 05","SUR","RUMANIA","EXTRANJEROS",1,0,1
" 05","SUR","RUMANIA","TOTAL POBLACION",1,0,1
" 05","SUR","RUSIA","EXTRANJEROS",0,5,5
" 05","SUR","RUSIA","TOTAL POBLACION",0,5,5
" 05","SUR","SANTO TOME Y PRINCIPE","EXTRANJEROS",1,0,1
" 05","SUR","SANTO TOME Y PRINCIPE","TOTAL POBLACION",1,0,1
" 05","SUR","SENEGAL","EXTRANJEROS",9,1,10
" 05","SUR","SENEGAL","TOTAL POBLACION",9,1,10
" 05","SUR","SERBIA","EXTRANJEROS",0,1,1
" 05","SUR","SERBIA","TOTAL POBLACION",0,1,1
" 05","SUR","SUECIA","ESPA�OLES",1,0,1
" 05","SUR","SUECIA","TOTAL POBLACION",1,0,1
" 05","SUR","SUIZA","ESPA�OLES",3,2,5
" 05","SUR","SUIZA","EXTRANJEROS",0,1,1
" 05","SUR","SUIZA","TOTAL POBLACION",3,3,6
" 05","SUR","TAILANDIA","ESPA�OLES",1,0,1
" 05","SUR","TAILANDIA","TOTAL POBLACION",1,0,1
" 05","SUR","UCRANIA","EXTRANJEROS",3,12,15
" 05","SUR","UCRANIA","TOTAL POBLACION",3,12,15
" 05","SUR","URUGUAY","ESPA�OLES",0,1,1
" 05","SUR","URUGUAY","EXTRANJEROS",1,1,2
" 05","SUR","URUGUAY","TOTAL POBLACION",1,2,3
" 05","SUR","VENEZUELA","EXTRANJEROS",11,14,25
" 05","SUR","VENEZUELA","TOTAL POBLACION",11,14,25
" 06","TRIANA","- TODOS -","ESPA�OLES",566,609,1175
" 06","TRIANA","- TODOS -","EXTRANJEROS",180,238,418
" 06","TRIANA","- TODOS -","TOTAL POBLACION",746,847,1593
" 06","TRIANA","ALEMANIA","ESPA�OLES",5,7,12
" 06","TRIANA","ALEMANIA","EXTRANJEROS",1,2,3
" 06","TRIANA","ALEMANIA","TOTAL POBLACION",6,9,15
" 06","TRIANA","ARGELIA","EXTRANJEROS",0,1,1
" 06","TRIANA","ARGELIA","TOTAL POBLACION",0,1,1
" 06","TRIANA","ARGENTINA","ESPA�OLES",1,0,1
" 06","TRIANA","ARGENTINA","EXTRANJEROS",5,5,10
" 06","TRIANA","ARGENTINA","TOTAL POBLACION",6,5,11
" 06","TRIANA","AUSTRALIA","ESPA�OLES",3,0,3
" 06","TRIANA","AUSTRALIA","EXTRANJEROS",0,1,1
" 06","TRIANA","AUSTRALIA","TOTAL POBLACION",3,1,4
" 06","TRIANA","AUSTRIA","EXTRANJEROS",0,1,1
" 06","TRIANA","AUSTRIA","TOTAL POBLACION",0,1,1
" 06","TRIANA","BELGICA","EXTRANJEROS",1,0,1
" 06","TRIANA","BELGICA","TOTAL POBLACION",1,0,1
" 06","TRIANA","BOLIVIA","EXTRANJEROS",3,1,4
" 06","TRIANA","BOLIVIA","TOTAL POBLACION",3,1,4
" 06","TRIANA","BRASIL","EXTRANJEROS",2,6,8
" 06","TRIANA","BRASIL","TOTAL POBLACION",2,6,8
" 06","TRIANA","CANADA","ESPA�OLES",1,0,1
" 06","TRIANA","CANADA","TOTAL POBLACION",1,0,1
" 06","TRIANA","CHILE","EXTRANJEROS",2,7,9
" 06","TRIANA","CHILE","TOTAL POBLACION",2,7,9
" 06","TRIANA","CHINA","ESPA�OLES",1,0,1
" 06","TRIANA","CHINA","EXTRANJEROS",2,5,7
" 06","TRIANA","CHINA","TOTAL POBLACION",3,5,8
" 06","TRIANA","COLOMBIA","ESPA�OLES",1,1,2
" 06","TRIANA","COLOMBIA","EXTRANJEROS",9,7,16
" 06","TRIANA","COLOMBIA","TOTAL POBLACION",10,8,18
" 06","TRIANA","CUBA","ESPA�OLES",2,2,4
" 06","TRIANA","CUBA","EXTRANJEROS",4,6,10
" 06","TRIANA","CUBA","TOTAL POBLACION",6,8,14
" 06","TRIANA","ECUADOR","ESPA�OLES",2,0,2
" 06","TRIANA","ECUADOR","EXTRANJEROS",3,2,5
" 06","TRIANA","ECUADOR","TOTAL POBLACION",5,2,7
" 06","TRIANA","EL SALVADOR","EXTRANJEROS",1,0,1
" 06","TRIANA","EL SALVADOR","TOTAL POBLACION",1,0,1
" 06","TRIANA","ESPA�A","ESPA�OLES",525,574,1099
" 06","TRIANA","ESPA�A","EXTRANJEROS",66,106,172
" 06","TRIANA","ESPA�A","TOTAL POBLACION",591,680,1271
" 06","TRIANA","ESTADOS UNIDOS DE AMERICA","ESPA�OLES",3,1,4
" 06","TRIANA","ESTADOS UNIDOS DE AMERICA","EXTRANJEROS",0,14,14
" 06","TRIANA","ESTADOS UNIDOS DE AMERICA","TOTAL POBLACION",3,15,18
" 06","TRIANA","FRANCIA","ESPA�OLES",2,3,5
" 06","TRIANA","FRANCIA","EXTRANJEROS",9,9,18
" 06","TRIANA","FRANCIA","TOTAL POBLACION",11,12,23
" 06","TRIANA","GUINEA ECUATORIAL","EXTRANJEROS",0,5,5
" 06","TRIANA","GUINEA ECUATORIAL","TOTAL POBLACION",0,5,5
" 06","TRIANA","HONDURAS","EXTRANJEROS",1,2,3
" 06","TRIANA","HONDURAS","TOTAL POBLACION",1,2,3
" 06","TRIANA","INDIA","EXTRANJEROS",3,2,5
" 06","TRIANA","INDIA","TOTAL POBLACION",3,2,5
" 06","TRIANA","IRAN","EXTRANJEROS",0,1,1
" 06","TRIANA","IRAN","TOTAL POBLACION",0,1,1
" 06","TRIANA","IRLANDA","EXTRANJEROS",1,0,1
" 06","TRIANA","IRLANDA","TOTAL POBLACION",1,0,1
" 06","TRIANA","ITALIA","ESPA�OLES",1,1,2
" 06","TRIANA","ITALIA","EXTRANJEROS",13,3,16
" 06","TRIANA","ITALIA","TOTAL POBLACION",14,4,18
" 06","TRIANA","JAPON","ESPA�OLES",0,1,1
" 06","TRIANA","JAPON","TOTAL POBLACION",0,1,1
" 06","TRIANA","MALASIA","ESPA�OLES",2,1,3
" 06","TRIANA","MALASIA","EXTRANJEROS",0,1,1
" 06","TRIANA","MALASIA","TOTAL POBLACION",2,2,4
" 06","TRIANA","MALI","EXTRANJEROS",6,0,6
" 06","TRIANA","MALI","TOTAL POBLACION",6,0,6
" 06","TRIANA","MARRUECOS","ESPA�OLES",0,2,2
" 06","TRIANA","MARRUECOS","EXTRANJEROS",4,4,8
" 06","TRIANA","MARRUECOS","TOTAL POBLACION",4,6,10
" 06","TRIANA","MEXICO","EXTRANJEROS",2,5,7
" 06","TRIANA","MEXICO","TOTAL POBLACION",2,5,7
" 06","TRIANA","NICARAGUA","ESPA�OLES",2,1,3
" 06","TRIANA","NICARAGUA","EXTRANJEROS",5,8,13
" 06","TRIANA","NICARAGUA","TOTAL POBLACION",7,9,16
" 06","TRIANA","NORUEGA","ESPA�OLES",1,0,1
" 06","TRIANA","NORUEGA","TOTAL POBLACION",1,0,1
" 06","TRIANA","PAISES BAJOS","ESPA�OLES",0,2,2
" 06","TRIANA","PAISES BAJOS","EXTRANJEROS",1,0,1
" 06","TRIANA","PAISES BAJOS","TOTAL POBLACION",1,2,3
" 06","TRIANA","PANAMA","EXTRANJEROS",0,1,1
" 06","TRIANA","PANAMA","TOTAL POBLACION",0,1,1
" 06","TRIANA","PARAGUAY","EXTRANJEROS",2,3,5
" 06","TRIANA","PARAGUAY","TOTAL POBLACION",2,3,5
" 06","TRIANA","PERU","ESPA�OLES",0,1,1
" 06","TRIANA","PERU","EXTRANJEROS",7,8,15
" 06","TRIANA","PERU","TOTAL POBLACION",7,9,16
" 06","TRIANA","POLONIA","ESPA�OLES",0,1,1
" 06","TRIANA","POLONIA","TOTAL POBLACION",0,1,1
" 06","TRIANA","PORTUGAL","ESPA�OLES",1,1,2
" 06","TRIANA","PORTUGAL","EXTRANJEROS",2,0,2
" 06","TRIANA","PORTUGAL","TOTAL POBLACION",3,1,4
" 06","TRIANA","REINO UNIDO","ESPA�OLES",7,4,11
" 06","TRIANA","REINO UNIDO","EXTRANJEROS",10,8,18
" 06","TRIANA","REINO UNIDO","TOTAL POBLACION",17,12,29
" 06","TRIANA","REPUBLICA DE COREA","EXTRANJEROS",0,1,1
" 06","TRIANA","REPUBLICA DE COREA","TOTAL POBLACION",0,1,1
" 06","TRIANA","REPUBLICA DOMINICANA","ESPA�OLES",1,0,1
" 06","TRIANA","REPUBLICA DOMINICANA","TOTAL POBLACION",1,0,1
" 06","TRIANA","REPUBLICA SUDAFRICANA","ESPA�OLES",0,1,1
" 06","TRIANA","REPUBLICA SUDAFRICANA","TOTAL POBLACION",0,1,1
" 06","TRIANA","RUMANIA","EXTRANJEROS",1,0,1
" 06","TRIANA","RUMANIA","TOTAL POBLACION",1,0,1
" 06","TRIANA","RUSIA","EXTRANJEROS",1,1,2
" 06","TRIANA","RUSIA","TOTAL POBLACION",1,1,2
" 06","TRIANA","SINGAPUR","EXTRANJEROS",0,1,1
" 06","TRIANA","SINGAPUR","TOTAL POBLACION",0,1,1
" 06","TRIANA","SUECIA","ESPA�OLES",0,1,1
" 06","TRIANA","SUECIA","TOTAL POBLACION",0,1,1
" 06","TRIANA","SUIZA","ESPA�OLES",3,3,6
" 06","TRIANA","SUIZA","TOTAL POBLACION",3,3,6
" 06","TRIANA","TRINIDAD-TOBAGO","EXTRANJEROS",0,1,1
" 06","TRIANA","TRINIDAD-TOBAGO","TOTAL POBLACION",0,1,1
" 06","TRIANA","TURQUIA","EXTRANJEROS",2,0,2
" 06","TRIANA","TURQUIA","TOTAL POBLACION",2,0,2
" 06","TRIANA","URUGUAY","EXTRANJEROS",2,2,4
" 06","TRIANA","URUGUAY","TOTAL POBLACION",2,2,4
" 06","TRIANA","VENEZUELA","ESPA�OLES",2,1,3
" 06","TRIANA","VENEZUELA","EXTRANJEROS",9,8,17
" 06","TRIANA","VENEZUELA","TOTAL POBLACION",11,9,20
" 07","NORTE","- TODOS -","ESPA�OLES",458,419,877
" 07","NORTE","- TODOS -","EXTRANJEROS",196,173,369
" 07","NORTE","- TODOS -","TOTAL POBLACION",654,592,1246
" 07","NORTE","ALEMANIA","ESPA�OLES",5,1,6
" 07","NORTE","ALEMANIA","EXTRANJEROS",1,1,2
" 07","NORTE","ALEMANIA","TOTAL POBLACION",6,2,8
" 07","NORTE","ARGELIA","EXTRANJEROS",0,1,1
" 07","NORTE","ARGELIA","TOTAL POBLACION",0,1,1
" 07","NORTE","ARGENTINA","ESPA�OLES",1,0,1
" 07","NORTE","ARGENTINA","EXTRANJEROS",4,1,5
" 07","NORTE","ARGENTINA","TOTAL POBLACION",5,1,6
" 07","NORTE","BELGICA","ESPA�OLES",1,0,1
" 07","NORTE","BELGICA","TOTAL POBLACION",1,0,1
" 07","NORTE","BOLIVIA","ESPA�OLES",1,1,2
" 07","NORTE","BOLIVIA","EXTRANJEROS",0,1,1
" 07","NORTE","BOLIVIA","TOTAL POBLACION",1,2,3
" 07","NORTE","CHILE","ESPA�OLES",0,1,1
" 07","NORTE","CHILE","EXTRANJEROS",1,0,1
" 07","NORTE","CHILE","TOTAL POBLACION",1,1,2
" 07","NORTE","CHINA","EXTRANJEROS",0,2,2
" 07","NORTE","CHINA","TOTAL POBLACION",0,2,2
" 07","NORTE","COLOMBIA","ESPA�OLES",3,2,5
" 07","NORTE","COLOMBIA","EXTRANJEROS",8,10,18
" 07","NORTE","COLOMBIA","TOTAL POBLACION",11,12,23
" 07","NORTE","COSTA DE MARFIL","EXTRANJEROS",0,2,2
" 07","NORTE","COSTA DE MARFIL","TOTAL POBLACION",0,2,2
" 07","NORTE","CUBA","ESPA�OLES",0,1,1
" 07","NORTE","CUBA","EXTRANJEROS",1,0,1
" 07","NORTE","CUBA","TOTAL POBLACION",1,1,2
" 07","NORTE","DINAMARCA","EXTRANJEROS",0,1,1
" 07","NORTE","DINAMARCA","TOTAL POBLACION",0,1,1
" 07","NORTE","ECUADOR","ESPA�OLES",0,2,2
" 07","NORTE","ECUADOR","TOTAL POBLACION",0,2,2
" 07","NORTE","EL SALVADOR","EXTRANJEROS",2,3,5
" 07","NORTE","EL SALVADOR","TOTAL POBLACION",2,3,5
" 07","NORTE","ESPA�A","ESPA�OLES",444,401,845
" 07","NORTE","ESPA�A","EXTRANJEROS",87,82,169
" 07","NORTE","ESPA�A","TOTAL POBLACION",531,483,1014
" 07","NORTE","ESTADOS UNIDOS DE AMERICA","EXTRANJEROS",2,4,6
" 07","NORTE","ESTADOS UNIDOS DE AMERICA","TOTAL POBLACION",2,4,6
" 07","NORTE","FRANCIA","EXTRANJEROS",0,1,1
" 07","NORTE","FRANCIA","TOTAL POBLACION",0,1,1
" 07","NORTE","GAMBIA","EXTRANJEROS",1,0,1
" 07","NORTE","GAMBIA","TOTAL POBLACION",1,0,1
" 07","NORTE","GHANA","EXTRANJEROS",1,0,1
" 07","NORTE","GHANA","TOTAL POBLACION",1,0,1
" 07","NORTE","HONDURAS","EXTRANJEROS",2,5,7
" 07","NORTE","HONDURAS","TOTAL POBLACION",2,5,7
" 07","NORTE","ITALIA","ESPA�OLES",0,1,1
" 07","NORTE","ITALIA","EXTRANJEROS",2,2,4
" 07","NORTE","ITALIA","TOTAL POBLACION",2,3,5
" 07","NORTE","JAPON","ESPA�OLES",1,0,1
" 07","NORTE","JAPON","TOTAL POBLACION",1,0,1
" 07","NORTE","KENIA","EXTRANJEROS",1,1,2
" 07","NORTE","KENIA","TOTAL POBLACION",1,1,2
" 07","NORTE","MALI","EXTRANJEROS",10,1,11
" 07","NORTE","MALI","TOTAL POBLACION",10,1,11
" 07","NORTE","MARRUECOS","EXTRANJEROS",18,5,23
" 07","NORTE","MARRUECOS","TOTAL POBLACION",18,5,23
" 07","NORTE","MAURITANIA","EXTRANJEROS",1,0,1
" 07","NORTE","MAURITANIA","TOTAL POBLACION",1,0,1
" 07","NORTE","MEXICO","ESPA�OLES",0,2,2
" 07","NORTE","MEXICO","EXTRANJEROS",1,0,1
" 07","NORTE","MEXICO","TOTAL POBLACION",1,2,3
" 07","NORTE","NICARAGUA","ESPA�OLES",0,1,1
" 07","NORTE","NICARAGUA","EXTRANJEROS",10,14,24
" 07","NORTE","NICARAGUA","TOTAL POBLACION",10,15,25
" 07","NORTE","NIGERIA","EXTRANJEROS",2,0,2
" 07","NORTE","NIGERIA","TOTAL POBLACION",2,0,2
" 07","NORTE","PAISES BAJOS","EXTRANJEROS",1,1,2
" 07","NORTE","PAISES BAJOS","TOTAL POBLACION",1,1,2
" 07","NORTE","PANAMA","ESPA�OLES",1,1,2
" 07","NORTE","PANAMA","EXTRANJEROS",2,2,4
" 07","NORTE","PANAMA","TOTAL POBLACION",3,3,6
" 07","NORTE","PARAGUAY","EXTRANJEROS",2,4,6
" 07","NORTE","PARAGUAY","TOTAL POBLACION",2,4,6
" 07","NORTE","PERU","EXTRANJEROS",0,4,4
" 07","NORTE","PERU","TOTAL POBLACION",0,4,4
" 07","NORTE","PORTUGAL","EXTRANJEROS",2,0,2
" 07","NORTE","PORTUGAL","TOTAL POBLACION",2,0,2
" 07","NORTE","REINO UNIDO","ESPA�OLES",1,4,5
" 07","NORTE","REINO UNIDO","TOTAL POBLACION",1,4,5
" 07","NORTE","REPUBLICA DOMINICANA","EXTRANJEROS",0,2,2
" 07","NORTE","REPUBLICA DOMINICANA","TOTAL POBLACION",0,2,2
" 07","NORTE","RUMANIA","EXTRANJEROS",7,6,13
" 07","NORTE","RUMANIA","TOTAL POBLACION",7,6,13
" 07","NORTE","SENEGAL","EXTRANJEROS",15,1,16
" 07","NORTE","SENEGAL","TOTAL POBLACION",15,1,16
" 07","NORTE","SUECIA","EXTRANJEROS",1,0,1
" 07","NORTE","SUECIA","TOTAL POBLACION",1,0,1
" 07","NORTE","TRINIDAD-TOBAGO","EXTRANJEROS",1,3,4
" 07","NORTE","TRINIDAD-TOBAGO","TOTAL POBLACION",1,3,4
" 07","NORTE","UCRANIA","EXTRANJEROS",2,1,3
" 07","NORTE","UCRANIA","TOTAL POBLACION",2,1,3
" 07","NORTE","VENEZUELA","ESPA�OLES",0,1,1
" 07","NORTE","VENEZUELA","EXTRANJEROS",8,12,20
" 07","NORTE","VENEZUELA","TOTAL POBLACION",8,13,21
" 08","S. PABLO-STA. JUSTA","- TODOS -","ESPA�OLES",544,534,1078
" 08","S. PABLO-STA. JUSTA","- TODOS -","EXTRANJEROS",236,261,497
" 08","S. PABLO-STA. JUSTA","- TODOS -","TOTAL POBLACION",780,795,1575
" 08","S. PABLO-STA. JUSTA","ALBANIA","EXTRANJEROS",1,0,1
" 08","S. PABLO-STA. JUSTA","ALBANIA","TOTAL POBLACION",1,0,1
" 08","S. PABLO-STA. JUSTA","ALEMANIA","ESPA�OLES",0,2,2
" 08","S. PABLO-STA. JUSTA","ALEMANIA","EXTRANJEROS",0,1,1
" 08","S. PABLO-STA. JUSTA","ALEMANIA","TOTAL POBLACION",0,3,3
" 08","S. PABLO-STA. JUSTA","ARGELIA","EXTRANJEROS",2,3,5
" 08","S. PABLO-STA. JUSTA","ARGELIA","TOTAL POBLACION",2,3,5
" 08","S. PABLO-STA. JUSTA","ARGENTINA","ESPA�OLES",0,2,2
" 08","S. PABLO-STA. JUSTA","ARGENTINA","EXTRANJEROS",2,1,3
" 08","S. PABLO-STA. JUSTA","ARGENTINA","TOTAL POBLACION",2,3,5
" 08","S. PABLO-STA. JUSTA","AUSTRALIA","EXTRANJEROS",1,1,2
" 08","S. PABLO-STA. JUSTA","AUSTRALIA","TOTAL POBLACION",1,1,2
" 08","S. PABLO-STA. JUSTA","AUSTRIA","ESPA�OLES",2,1,3
" 08","S. PABLO-STA. JUSTA","AUSTRIA","TOTAL POBLACION",2,1,3
" 08","S. PABLO-STA. JUSTA","BOLIVIA","EXTRANJEROS",0,2,2
" 08","S. PABLO-STA. JUSTA","BOLIVIA","TOTAL POBLACION",0,2,2
" 08","S. PABLO-STA. JUSTA","BRASIL","ESPA�OLES",1,0,1
" 08","S. PABLO-STA. JUSTA","BRASIL","EXTRANJEROS",1,1,2
" 08","S. PABLO-STA. JUSTA","BRASIL","TOTAL POBLACION",2,1,3
" 08","S. PABLO-STA. JUSTA","CAMERUN","EXTRANJEROS",3,0,3
" 08","S. PABLO-STA. JUSTA","CAMERUN","TOTAL POBLACION",3,0,3
" 08","S. PABLO-STA. JUSTA","CANADA","ESPA�OLES",1,2,3
" 08","S. PABLO-STA. JUSTA","CANADA","EXTRANJEROS",2,1,3
" 08","S. PABLO-STA. JUSTA","CANADA","TOTAL POBLACION",3,3,6
" 08","S. PABLO-STA. JUSTA","CHILE","ESPA�OLES",2,1,3
" 08","S. PABLO-STA. JUSTA","CHILE","EXTRANJEROS",0,3,3
" 08","S. PABLO-STA. JUSTA","CHILE","TOTAL POBLACION",2,4,6
" 08","S. PABLO-STA. JUSTA","CHINA","ESPA�OLES",1,0,1
" 08","S. PABLO-STA. JUSTA","CHINA","EXTRANJEROS",3,3,6
" 08","S. PABLO-STA. JUSTA","CHINA","TOTAL POBLACION",4,3,7
" 08","S. PABLO-STA. JUSTA","COLOMBIA","EXTRANJEROS",23,23,46
" 08","S. PABLO-STA. JUSTA","COLOMBIA","TOTAL POBLACION",23,23,46
" 08","S. PABLO-STA. JUSTA","COSTA DE MARFIL","EXTRANJEROS",7,2,9
" 08","S. PABLO-STA. JUSTA","COSTA DE MARFIL","TOTAL POBLACION",7,2,9
" 08","S. PABLO-STA. JUSTA","COSTA RICA","EXTRANJEROS",0,1,1
" 08","S. PABLO-STA. JUSTA","COSTA RICA","TOTAL POBLACION",0,1,1
" 08","S. PABLO-STA. JUSTA","CROACIA","EXTRANJEROS",0,1,1
" 08","S. PABLO-STA. JUSTA","CROACIA","TOTAL POBLACION",0,1,1
" 08","S. PABLO-STA. JUSTA","CUBA","ESPA�OLES",2,0,2
" 08","S. PABLO-STA. JUSTA","CUBA","EXTRANJEROS",4,3,7
" 08","S. PABLO-STA. JUSTA","CUBA","TOTAL POBLACION",6,3,9
" 08","S. PABLO-STA. JUSTA","ECUADOR","ESPA�OLES",2,0,2
" 08","S. PABLO-STA. JUSTA","ECUADOR","EXTRANJEROS",2,1,3
" 08","S. PABLO-STA. JUSTA","ECUADOR","TOTAL POBLACION",4,1,5
" 08","S. PABLO-STA. JUSTA","EL SALVADOR","EXTRANJEROS",0,1,1
" 08","S. PABLO-STA. JUSTA","EL SALVADOR","TOTAL POBLACION",0,1,1
" 08","S. PABLO-STA. JUSTA","ESPA�A","ESPA�OLES",502,502,1004
" 08","S. PABLO-STA. JUSTA","ESPA�A","EXTRANJEROS",106,120,226
" 08","S. PABLO-STA. JUSTA","ESPA�A","TOTAL POBLACION",608,622,1230
" 08","S. PABLO-STA. JUSTA","ESTADOS UNIDOS DE AMERICA","ESPA�OLES",0,3,3
" 08","S. PABLO-STA. JUSTA","ESTADOS UNIDOS DE AMERICA","EXTRANJEROS",0,4,4
" 08","S. PABLO-STA. JUSTA","ESTADOS UNIDOS DE AMERICA","TOTAL POBLACION",0,7,7
" 08","S. PABLO-STA. JUSTA","FRANCIA","ESPA�OLES",2,2,4
" 08","S. PABLO-STA. JUSTA","FRANCIA","EXTRANJEROS",1,2,3
" 08","S. PABLO-STA. JUSTA","FRANCIA","TOTAL POBLACION",3,4,7
" 08","S. PABLO-STA. JUSTA","GRECIA","EXTRANJEROS",0,1,1
" 08","S. PABLO-STA. JUSTA","GRECIA","TOTAL POBLACION",0,1,1
" 08","S. PABLO-STA. JUSTA","INDIA","ESPA�OLES",1,0,1
" 08","S. PABLO-STA. JUSTA","INDIA","EXTRANJEROS",1,0,1
" 08","S. PABLO-STA. JUSTA","INDIA","TOTAL POBLACION",2,0,2
" 08","S. PABLO-STA. JUSTA","IRAN","EXTRANJEROS",0,1,1
" 08","S. PABLO-STA. JUSTA","IRAN","TOTAL POBLACION",0,1,1
" 08","S. PABLO-STA. JUSTA","IRLANDA","ESPA�OLES",1,0,1
" 08","S. PABLO-STA. JUSTA","IRLANDA","TOTAL POBLACION",1,0,1
" 08","S. PABLO-STA. JUSTA","ITALIA","ESPA�OLES",1,0,1
" 08","S. PABLO-STA. JUSTA","ITALIA","EXTRANJEROS",3,3,6
" 08","S. PABLO-STA. JUSTA","ITALIA","TOTAL POBLACION",4,3,7
" 08","S. PABLO-STA. JUSTA","JAPON","ESPA�OLES",1,0,1
" 08","S. PABLO-STA. JUSTA","JAPON","EXTRANJEROS",2,1,3
" 08","S. PABLO-STA. JUSTA","JAPON","TOTAL POBLACION",3,1,4
" 08","S. PABLO-STA. JUSTA","LUXEMBURGO","ESPA�OLES",1,0,1
" 08","S. PABLO-STA. JUSTA","LUXEMBURGO","TOTAL POBLACION",1,0,1
" 08","S. PABLO-STA. JUSTA","MALI","EXTRANJEROS",14,0,14
" 08","S. PABLO-STA. JUSTA","MALI","TOTAL POBLACION",14,0,14
" 08","S. PABLO-STA. JUSTA","MARRUECOS","ESPA�OLES",1,0,1
" 08","S. PABLO-STA. JUSTA","MARRUECOS","EXTRANJEROS",16,14,30
" 08","S. PABLO-STA. JUSTA","MARRUECOS","TOTAL POBLACION",17,14,31
" 08","S. PABLO-STA. JUSTA","MEXICO","EXTRANJEROS",0,4,4
" 08","S. PABLO-STA. JUSTA","MEXICO","TOTAL POBLACION",0,4,4
" 08","S. PABLO-STA. JUSTA","NICARAGUA","EXTRANJEROS",11,14,25
" 08","S. PABLO-STA. JUSTA","NICARAGUA","TOTAL POBLACION",11,14,25
" 08","S. PABLO-STA. JUSTA","NORUEGA","ESPA�OLES",1,0,1
" 08","S. PABLO-STA. JUSTA","NORUEGA","TOTAL POBLACION",1,0,1
" 08","S. PABLO-STA. JUSTA","OMAN","ESPA�OLES",1,0,1
" 08","S. PABLO-STA. JUSTA","OMAN","TOTAL POBLACION",1,0,1
" 08","S. PABLO-STA. JUSTA","PAISES BAJOS","ESPA�OLES",3,5,8
" 08","S. PABLO-STA. JUSTA","PAISES BAJOS","TOTAL POBLACION",3,5,8
" 08","S. PABLO-STA. JUSTA","PAKISTAN","EXTRANJEROS",1,1,2
" 08","S. PABLO-STA. JUSTA","PAKISTAN","TOTAL POBLACION",1,1,2
" 08","S. PABLO-STA. JUSTA","PANAMA","ESPA�OLES",1,0,1
" 08","S. PABLO-STA. JUSTA","PANAMA","EXTRANJEROS",0,1,1
" 08","S. PABLO-STA. JUSTA","PANAMA","TOTAL POBLACION",1,1,2
" 08","S. PABLO-STA. JUSTA","PARAGUAY","ESPA�OLES",1,1,2
" 08","S. PABLO-STA. JUSTA","PARAGUAY","EXTRANJEROS",2,4,6
" 08","S. PABLO-STA. JUSTA","PARAGUAY","TOTAL POBLACION",3,5,8
" 08","S. PABLO-STA. JUSTA","PERU","ESPA�OLES",4,3,7
" 08","S. PABLO-STA. JUSTA","PERU","EXTRANJEROS",14,16,30
" 08","S. PABLO-STA. JUSTA","PERU","TOTAL POBLACION",18,19,37
" 08","S. PABLO-STA. JUSTA","POLONIA","EXTRANJEROS",1,1,2
" 08","S. PABLO-STA. JUSTA","POLONIA","TOTAL POBLACION",1,1,2
" 08","S. PABLO-STA. JUSTA","PORTUGAL","ESPA�OLES",1,1,2
" 08","S. PABLO-STA. JUSTA","PORTUGAL","EXTRANJEROS",1,4,5
" 08","S. PABLO-STA. JUSTA","PORTUGAL","TOTAL POBLACION",2,5,7
" 08","S. PABLO-STA. JUSTA","PRINCIPADO DE ANDORRA","ESPA�OLES",1,1,2
" 08","S. PABLO-STA. JUSTA","PRINCIPADO DE ANDORRA","EXTRANJEROS",1,0,1
" 08","S. PABLO-STA. JUSTA","PRINCIPADO DE ANDORRA","TOTAL POBLACION",2,1,3
" 08","S. PABLO-STA. JUSTA","REINO UNIDO","ESPA�OLES",6,3,9
" 08","S. PABLO-STA. JUSTA","REINO UNIDO","EXTRANJEROS",2,4,6
" 08","S. PABLO-STA. JUSTA","REINO UNIDO","TOTAL POBLACION",8,7,15
" 08","S. PABLO-STA. JUSTA","REPUBLICA CHECA","ESPA�OLES",3,0,3
" 08","S. PABLO-STA. JUSTA","REPUBLICA CHECA","TOTAL POBLACION",3,0,3
" 08","S. PABLO-STA. JUSTA","REPUBLICA DOMINICANA","ESPA�OLES",0,2,2
" 08","S. PABLO-STA. JUSTA","REPUBLICA DOMINICANA","EXTRANJEROS",1,1,2
" 08","S. PABLO-STA. JUSTA","REPUBLICA DOMINICANA","TOTAL POBLACION",1,3,4
" 08","S. PABLO-STA. JUSTA","RUMANIA","EXTRANJEROS",2,3,5
" 08","S. PABLO-STA. JUSTA","RUMANIA","TOTAL POBLACION",2,3,5
" 08","S. PABLO-STA. JUSTA","SENEGAL","EXTRANJEROS",5,2,7
" 08","S. PABLO-STA. JUSTA","SENEGAL","TOTAL POBLACION",5,2,7
" 08","S. PABLO-STA. JUSTA","SIRIA","EXTRANJEROS",0,1,1
" 08","S. PABLO-STA. JUSTA","SIRIA","TOTAL POBLACION",0,1,1
" 08","S. PABLO-STA. JUSTA","SOMALIA","EXTRANJEROS",0,1,1
" 08","S. PABLO-STA. JUSTA","SOMALIA","TOTAL POBLACION",0,1,1
" 08","S. PABLO-STA. JUSTA","SUECIA","ESPA�OLES",0,1,1
" 08","S. PABLO-STA. JUSTA","SUECIA","TOTAL POBLACION",0,1,1
" 08","S. PABLO-STA. JUSTA","TUNEZ","EXTRANJEROS",0,1,1
" 08","S. PABLO-STA. JUSTA","TUNEZ","TOTAL POBLACION",0,1,1
" 08","S. PABLO-STA. JUSTA","TURQUIA","ESPA�OLES",0,1,1
" 08","S. PABLO-STA. JUSTA","TURQUIA","EXTRANJEROS",1,0,1
" 08","S. PABLO-STA. JUSTA","TURQUIA","TOTAL POBLACION",1,1,2
" 08","S. PABLO-STA. JUSTA","UCRANIA","EXTRANJEROS",0,1,1
" 08","S. PABLO-STA. JUSTA","UCRANIA","TOTAL POBLACION",0,1,1
" 08","S. PABLO-STA. JUSTA","URUGUAY","EXTRANJEROS",0,1,1
" 08","S. PABLO-STA. JUSTA","URUGUAY","TOTAL POBLACION",0,1,1
" 08","S. PABLO-STA. JUSTA","VENEZUELA","ESPA�OLES",1,1,2
" 08","S. PABLO-STA. JUSTA","VENEZUELA","EXTRANJEROS",0,7,7
" 08","S. PABLO-STA. JUSTA","VENEZUELA","TOTAL POBLACION",1,8,9
" 09","ESTE","- TODOS -","ESPA�OLES",902,854,1756
" 09","ESTE","- TODOS -","EXTRANJEROS",401,272,673
" 09","ESTE","- TODOS -","TOTAL POBLACION",1303,1126,2429
" 09","ESTE","AFGANISTAN","EXTRANJEROS",18,17,35
" 09","ESTE","AFGANISTAN","TOTAL POBLACION",18,17,35
" 09","ESTE","ALBANIA","EXTRANJEROS",1,0,1
" 09","ESTE","ALBANIA","TOTAL POBLACION",1,0,1
" 09","ESTE","ALEMANIA","ESPA�OLES",4,4,8
" 09","ESTE","ALEMANIA","EXTRANJEROS",1,1,2
" 09","ESTE","ALEMANIA","TOTAL POBLACION",5,5,10
" 09","ESTE","ARGELIA","EXTRANJEROS",3,1,4
" 09","ESTE","ARGELIA","TOTAL POBLACION",3,1,4
" 09","ESTE","ARGENTINA","ESPA�OLES",1,0,1
" 09","ESTE","ARGENTINA","EXTRANJEROS",9,7,16
" 09","ESTE","ARGENTINA","TOTAL POBLACION",10,7,17
" 09","ESTE","AUSTRALIA","ESPA�OLES",0,1,1
" 09","ESTE","AUSTRALIA","TOTAL POBLACION",0,1,1
" 09","ESTE","BELGICA","ESPA�OLES",4,1,5
" 09","ESTE","BELGICA","TOTAL POBLACION",4,1,5
" 09","ESTE","BIELORUSIA","EXTRANJEROS",1,1,2
" 09","ESTE","BIELORUSIA","TOTAL POBLACION",1,1,2
" 09","ESTE","BOLIVIA","ESPA�OLES",1,1,2
" 09","ESTE","BOLIVIA","EXTRANJEROS",0,1,1
" 09","ESTE","BOLIVIA","TOTAL POBLACION",1,2,3
" 09","ESTE","BRASIL","EXTRANJEROS",0,4,4
" 09","ESTE","BRASIL","TOTAL POBLACION",0,4,4
" 09","ESTE","CAMERUN","EXTRANJEROS",2,0,2
" 09","ESTE","CAMERUN","TOTAL POBLACION",2,0,2
" 09","ESTE","CANADA","ESPA�OLES",1,0,1
" 09","ESTE","CANADA","TOTAL POBLACION",1,0,1
" 09","ESTE","CHILE","ESPA�OLES",1,2,3
" 09","ESTE","CHILE","EXTRANJEROS",1,2,3
" 09","ESTE","CHILE","TOTAL POBLACION",2,4,6
" 09","ESTE","CHINA","ESPA�OLES",1,0,1
" 09","ESTE","CHINA","EXTRANJEROS",4,1,5
" 09","ESTE","CHINA","TOTAL POBLACION",5,1,6
" 09","ESTE","COLOMBIA","ESPA�OLES",2,1,3
" 09","ESTE","COLOMBIA","EXTRANJEROS",14,21,35
" 09","ESTE","COLOMBIA","TOTAL POBLACION",16,22,38
" 09","ESTE","COSTA DE MARFIL","EXTRANJEROS",5,0,5
" 09","ESTE","COSTA DE MARFIL","TOTAL POBLACION",5,0,5
" 09","ESTE","COSTA RICA","EXTRANJEROS",0,1,1
" 09","ESTE","COSTA RICA","TOTAL POBLACION",0,1,1
" 09","ESTE","CUBA","ESPA�OLES",3,1,4
" 09","ESTE","CUBA","EXTRANJEROS",4,4,8
" 09","ESTE","CUBA","TOTAL POBLACION",7,5,12
" 09","ESTE","ECUADOR","ESPA�OLES",1,1,2
" 09","ESTE","ECUADOR","EXTRANJEROS",0,1,1
" 09","ESTE","ECUADOR","TOTAL POBLACION",1,2,3
" 09","ESTE","EL SALVADOR","EXTRANJEROS",3,1,4
" 09","ESTE","EL SALVADOR","TOTAL POBLACION",3,1,4
" 09","ESTE","ESPA�A","ESPA�OLES",862,818,1680
" 09","ESTE","ESPA�A","EXTRANJEROS",129,133,262
" 09","ESTE","ESPA�A","TOTAL POBLACION",991,951,1942
" 09","ESTE","ESTADOS UNIDOS DE AMERICA","ESPA�OLES",1,5,6
" 09","ESTE","ESTADOS UNIDOS DE AMERICA","EXTRANJEROS",4,1,5
" 09","ESTE","ESTADOS UNIDOS DE AMERICA","TOTAL POBLACION",5,6,11
" 09","ESTE","FRANCIA","ESPA�OLES",3,3,6
" 09","ESTE","FRANCIA","EXTRANJEROS",2,2,4
" 09","ESTE","FRANCIA","TOTAL POBLACION",5,5,10
" 09","ESTE","GAMBIA","EXTRANJEROS",8,0,8
" 09","ESTE","GAMBIA","TOTAL POBLACION",8,0,8
" 09","ESTE","GEORGIA","EXTRANJEROS",1,1,2
" 09","ESTE","GEORGIA","TOTAL POBLACION",1,1,2
" 09","ESTE","GHANA","EXTRANJEROS",1,0,1
" 09","ESTE","GHANA","TOTAL POBLACION",1,0,1
" 09","ESTE","GUATEMALA","EXTRANJEROS",1,1,2
" 09","ESTE","GUATEMALA","TOTAL POBLACION",1,1,2
" 09","ESTE","GUINEA","EXTRANJEROS",5,0,5
" 09","ESTE","GUINEA","TOTAL POBLACION",5,0,5
" 09","ESTE","HONDURAS","EXTRANJEROS",0,1,1
" 09","ESTE","HONDURAS","TOTAL POBLACION",0,1,1
" 09","ESTE","INDIA","EXTRANJEROS",0,1,1
" 09","ESTE","INDIA","TOTAL POBLACION",0,1,1
" 09","ESTE","IRLANDA","ESPA�OLES",2,0,2
" 09","ESTE","IRLANDA","TOTAL POBLACION",2,0,2
" 09","ESTE","ITALIA","ESPA�OLES",4,2,6
" 09","ESTE","ITALIA","EXTRANJEROS",6,1,7
" 09","ESTE","ITALIA","TOTAL POBLACION",10,3,13
" 09","ESTE","LIBIA","EXTRANJEROS",1,0,1
" 09","ESTE","LIBIA","TOTAL POBLACION",1,0,1
" 09","ESTE","MALI","EXTRANJEROS",49,0,49
" 09","ESTE","MALI","TOTAL POBLACION",49,0,49
" 09","ESTE","MARRUECOS","ESPA�OLES",1,0,1
" 09","ESTE","MARRUECOS","EXTRANJEROS",32,14,46
" 09","ESTE","MARRUECOS","TOTAL POBLACION",33,14,47
" 09","ESTE","MAURITANIA","EXTRANJEROS",4,0,4
" 09","ESTE","MAURITANIA","TOTAL POBLACION",4,0,4
" 09","ESTE","MEXICO","EXTRANJEROS",2,6,8
" 09","ESTE","MEXICO","TOTAL POBLACION",2,6,8
" 09","ESTE","MOLDAVIA","EXTRANJEROS",0,1,1
" 09","ESTE","MOLDAVIA","TOTAL POBLACION",0,1,1
" 09","ESTE","NICARAGUA","EXTRANJEROS",4,7,11
" 09","ESTE","NICARAGUA","TOTAL POBLACION",4,7,11
" 09","ESTE","NIGERIA","EXTRANJEROS",6,1,7
" 09","ESTE","NIGERIA","TOTAL POBLACION",6,1,7
" 09","ESTE","PAISES BAJOS","ESPA�OLES",0,1,1
" 09","ESTE","PAISES BAJOS","EXTRANJEROS",1,0,1
" 09","ESTE","PAISES BAJOS","TOTAL POBLACION",1,1,2
" 09","ESTE","PAKISTAN","EXTRANJEROS",3,0,3
" 09","ESTE","PAKISTAN","TOTAL POBLACION",3,0,3
" 09","ESTE","PARAGUAY","EXTRANJEROS",1,3,4
" 09","ESTE","PARAGUAY","TOTAL POBLACION",1,3,4
" 09","ESTE","PERU","ESPA�OLES",1,0,1
" 09","ESTE","PERU","EXTRANJEROS",7,14,21
" 09","ESTE","PERU","TOTAL POBLACION",8,14,22
" 09","ESTE","POLONIA","ESPA�OLES",0,1,1
" 09","ESTE","POLONIA","TOTAL POBLACION",0,1,1
" 09","ESTE","PORTUGAL","ESPA�OLES",0,1,1
" 09","ESTE","PORTUGAL","EXTRANJEROS",5,3,8
" 09","ESTE","PORTUGAL","TOTAL POBLACION",5,4,9
" 09","ESTE","REINO UNIDO","ESPA�OLES",4,5,9
" 09","ESTE","REINO UNIDO","EXTRANJEROS",1,2,3
" 09","ESTE","REINO UNIDO","TOTAL POBLACION",5,7,12
" 09","ESTE","REPUBLICA DOMINICANA","ESPA�OLES",1,1,2
" 09","ESTE","REPUBLICA DOMINICANA","EXTRANJEROS",2,0,2
" 09","ESTE","REPUBLICA DOMINICANA","TOTAL POBLACION",3,1,4
" 09","ESTE","RUMANIA","EXTRANJEROS",2,1,3
" 09","ESTE","RUMANIA","TOTAL POBLACION",2,1,3
" 09","ESTE","SENEGAL","EXTRANJEROS",40,0,40
" 09","ESTE","SENEGAL","TOTAL POBLACION",40,0,40
" 09","ESTE","SERBIA","EXTRANJEROS",1,0,1
" 09","ESTE","SERBIA","TOTAL POBLACION",1,0,1
" 09","ESTE","SUDAN","EXTRANJEROS",1,0,1
" 09","ESTE","SUDAN","TOTAL POBLACION",1,0,1
" 09","ESTE","SUECIA","ESPA�OLES",2,1,3
" 09","ESTE","SUECIA","EXTRANJEROS",2,0,2
" 09","ESTE","SUECIA","TOTAL POBLACION",4,1,5
" 09","ESTE","SUIZA","ESPA�OLES",0,1,1
" 09","ESTE","SUIZA","EXTRANJEROS",0,1,1
" 09","ESTE","SUIZA","TOTAL POBLACION",0,2,2
" 09","ESTE","TURQUIA","EXTRANJEROS",2,0,2
" 09","ESTE","TURQUIA","TOTAL POBLACION",2,0,2
" 09","ESTE","UCRANIA","EXTRANJEROS",3,0,3
" 09","ESTE","UCRANIA","TOTAL POBLACION",3,0,3
" 09","ESTE","VENEZUELA","ESPA�OLES",2,3,5
" 09","ESTE","VENEZUELA","EXTRANJEROS",9,15,24
" 09","ESTE","VENEZUELA","TOTAL POBLACION",11,18,29
" 10","BELLAVISTA-LA PALMERA","- TODOS -","ESPA�OLES",511,479,990
" 10","BELLAVISTA-LA PALMERA","- TODOS -","EXTRANJEROS",264,231,495
" 10","BELLAVISTA-LA PALMERA","- TODOS -","TOTAL POBLACION",775,710,1485
" 10","BELLAVISTA-LA PALMERA","ALEMANIA","ESPA�OLES",2,2,4
" 10","BELLAVISTA-LA PALMERA","ALEMANIA","EXTRANJEROS",2,0,2
" 10","BELLAVISTA-LA PALMERA","ALEMANIA","TOTAL POBLACION",4,2,6
" 10","BELLAVISTA-LA PALMERA","ARGELIA","EXTRANJEROS",8,2,10
" 10","BELLAVISTA-LA PALMERA","ARGELIA","TOTAL POBLACION",8,2,10
" 10","BELLAVISTA-LA PALMERA","ARGENTINA","ESPA�OLES",3,0,3
" 10","BELLAVISTA-LA PALMERA","ARGENTINA","EXTRANJEROS",3,4,7
" 10","BELLAVISTA-LA PALMERA","ARGENTINA","TOTAL POBLACION",6,4,10
" 10","BELLAVISTA-LA PALMERA","AUSTRALIA","ESPA�OLES",0,1,1
" 10","BELLAVISTA-LA PALMERA","AUSTRALIA","EXTRANJEROS",1,0,1
" 10","BELLAVISTA-LA PALMERA","AUSTRALIA","TOTAL POBLACION",1,1,2
" 10","BELLAVISTA-LA PALMERA","BELGICA","ESPA�OLES",3,2,5
" 10","BELLAVISTA-LA PALMERA","BELGICA","EXTRANJEROS",1,0,1
" 10","BELLAVISTA-LA PALMERA","BELGICA","TOTAL POBLACION",4,2,6
" 10","BELLAVISTA-LA PALMERA","BOLIVIA","ESPA�OLES",0,1,1
" 10","BELLAVISTA-LA PALMERA","BOLIVIA","EXTRANJEROS",1,1,2
" 10","BELLAVISTA-LA PALMERA","BOLIVIA","TOTAL POBLACION",1,2,3
" 10","BELLAVISTA-LA PALMERA","BRASIL","ESPA�OLES",1,0,1
" 10","BELLAVISTA-LA PALMERA","BRASIL","EXTRANJEROS",3,2,5
" 10","BELLAVISTA-LA PALMERA","BRASIL","TOTAL POBLACION",4,2,6
" 10","BELLAVISTA-LA PALMERA","CABO VERDE","EXTRANJEROS",1,0,1
" 10","BELLAVISTA-LA PALMERA","CABO VERDE","TOTAL POBLACION",1,0,1
" 10","BELLAVISTA-LA PALMERA","CAMERUN","EXTRANJEROS",0,1,1
" 10","BELLAVISTA-LA PALMERA","CAMERUN","TOTAL POBLACION",0,1,1
" 10","BELLAVISTA-LA PALMERA","CHILE","ESPA�OLES",1,2,3
" 10","BELLAVISTA-LA PALMERA","CHILE","EXTRANJEROS",0,3,3
" 10","BELLAVISTA-LA PALMERA","CHILE","TOTAL POBLACION",1,5,6
" 10","BELLAVISTA-LA PALMERA","CHINA","EXTRANJEROS",0,2,2
" 10","BELLAVISTA-LA PALMERA","CHINA","TOTAL POBLACION",0,2,2
" 10","BELLAVISTA-LA PALMERA","CHIPRE","ESPA�OLES",2,2,4
" 10","BELLAVISTA-LA PALMERA","CHIPRE","EXTRANJEROS",1,0,1
" 10","BELLAVISTA-LA PALMERA","CHIPRE","TOTAL POBLACION",3,2,5
" 10","BELLAVISTA-LA PALMERA","COLOMBIA","ESPA�OLES",1,1,2
" 10","BELLAVISTA-LA PALMERA","COLOMBIA","EXTRANJEROS",9,17,26
" 10","BELLAVISTA-LA PALMERA","COLOMBIA","TOTAL POBLACION",10,18,28
" 10","BELLAVISTA-LA PALMERA","COSTA DE MARFIL","EXTRANJEROS",2,2,4
" 10","BELLAVISTA-LA PALMERA","COSTA DE MARFIL","TOTAL POBLACION",2,2,4
" 10","BELLAVISTA-LA PALMERA","CUBA","EXTRANJEROS",0,3,3
" 10","BELLAVISTA-LA PALMERA","CUBA","TOTAL POBLACION",0,3,3
" 10","BELLAVISTA-LA PALMERA","ECUADOR","ESPA�OLES",2,1,3
" 10","BELLAVISTA-LA PALMERA","ECUADOR","EXTRANJEROS",2,3,5
" 10","BELLAVISTA-LA PALMERA","ECUADOR","TOTAL POBLACION",4,4,8
" 10","BELLAVISTA-LA PALMERA","EL SALVADOR","EXTRANJEROS",3,1,4
" 10","BELLAVISTA-LA PALMERA","EL SALVADOR","TOTAL POBLACION",3,1,4
" 10","BELLAVISTA-LA PALMERA","ESPA�A","ESPA�OLES",480,454,934
" 10","BELLAVISTA-LA PALMERA","ESPA�A","EXTRANJEROS",96,104,200
" 10","BELLAVISTA-LA PALMERA","ESPA�A","TOTAL POBLACION",576,558,1134
" 10","BELLAVISTA-LA PALMERA","ESTADOS UNIDOS DE AMERICA","EXTRANJEROS",0,2,2
" 10","BELLAVISTA-LA PALMERA","ESTADOS UNIDOS DE AMERICA","TOTAL POBLACION",0,2,2
" 10","BELLAVISTA-LA PALMERA","FILIPINAS","EXTRANJEROS",0,1,1
" 10","BELLAVISTA-LA PALMERA","FILIPINAS","TOTAL POBLACION",0,1,1
" 10","BELLAVISTA-LA PALMERA","FINLANDIA","EXTRANJEROS",0,1,1
" 10","BELLAVISTA-LA PALMERA","FINLANDIA","TOTAL POBLACION",0,1,1
" 10","BELLAVISTA-LA PALMERA","FRANCIA","EXTRANJEROS",6,4,10
" 10","BELLAVISTA-LA PALMERA","FRANCIA","TOTAL POBLACION",6,4,10
" 10","BELLAVISTA-LA PALMERA","GAMBIA","EXTRANJEROS",5,0,5
" 10","BELLAVISTA-LA PALMERA","GAMBIA","TOTAL POBLACION",5,0,5
" 10","BELLAVISTA-LA PALMERA","GRECIA","EXTRANJEROS",0,1,1
" 10","BELLAVISTA-LA PALMERA","GRECIA","TOTAL POBLACION",0,1,1
" 10","BELLAVISTA-LA PALMERA","GUATEMALA","EXTRANJEROS",2,2,4
" 10","BELLAVISTA-LA PALMERA","GUATEMALA","TOTAL POBLACION",2,2,4
" 10","BELLAVISTA-LA PALMERA","GUINEA","EXTRANJEROS",1,0,1
" 10","BELLAVISTA-LA PALMERA","GUINEA","TOTAL POBLACION",1,0,1
" 10","BELLAVISTA-LA PALMERA","GUINEA BISSAU","EXTRANJEROS",0,2,2
" 10","BELLAVISTA-LA PALMERA","GUINEA BISSAU","TOTAL POBLACION",0,2,2
" 10","BELLAVISTA-LA PALMERA","GUINEA ECUATORIAL","EXTRANJEROS",0,1,1
" 10","BELLAVISTA-LA PALMERA","GUINEA ECUATORIAL","TOTAL POBLACION",0,1,1
" 10","BELLAVISTA-LA PALMERA","HAITI","EXTRANJEROS",1,0,1
" 10","BELLAVISTA-LA PALMERA","HAITI","TOTAL POBLACION",1,0,1
" 10","BELLAVISTA-LA PALMERA","HONDURAS","ESPA�OLES",2,2,4
" 10","BELLAVISTA-LA PALMERA","HONDURAS","EXTRANJEROS",2,3,5
" 10","BELLAVISTA-LA PALMERA","HONDURAS","TOTAL POBLACION",4,5,9
" 10","BELLAVISTA-LA PALMERA","INDIA","EXTRANJEROS",0,1,1
" 10","BELLAVISTA-LA PALMERA","INDIA","TOTAL POBLACION",0,1,1
" 10","BELLAVISTA-LA PALMERA","IRAN","EXTRANJEROS",0,1,1
" 10","BELLAVISTA-LA PALMERA","IRAN","TOTAL POBLACION",0,1,1
" 10","BELLAVISTA-LA PALMERA","IRLANDA","ESPA�OLES",0,1,1
" 10","BELLAVISTA-LA PALMERA","IRLANDA","TOTAL POBLACION",0,1,1
" 10","BELLAVISTA-LA PALMERA","ITALIA","EXTRANJEROS",2,6,8
" 10","BELLAVISTA-LA PALMERA","ITALIA","TOTAL POBLACION",2,6,8
" 10","BELLAVISTA-LA PALMERA","JAPON","EXTRANJEROS",0,1,1
" 10","BELLAVISTA-LA PALMERA","JAPON","TOTAL POBLACION",0,1,1
" 10","BELLAVISTA-LA PALMERA","JORDANIA","EXTRANJEROS",0,1,1
" 10","BELLAVISTA-LA PALMERA","JORDANIA","TOTAL POBLACION",0,1,1
" 10","BELLAVISTA-LA PALMERA","MALASIA","EXTRANJEROS",0,1,1
" 10","BELLAVISTA-LA PALMERA","MALASIA","TOTAL POBLACION",0,1,1
" 10","BELLAVISTA-LA PALMERA","MALI","EXTRANJEROS",27,0,27
" 10","BELLAVISTA-LA PALMERA","MALI","TOTAL POBLACION",27,0,27
" 10","BELLAVISTA-LA PALMERA","MARRUECOS","ESPA�OLES",0,2,2
" 10","BELLAVISTA-LA PALMERA","MARRUECOS","EXTRANJEROS",37,13,50
" 10","BELLAVISTA-LA PALMERA","MARRUECOS","TOTAL POBLACION",37,15,52
" 10","BELLAVISTA-LA PALMERA","MAURITANIA","EXTRANJEROS",1,0,1
" 10","BELLAVISTA-LA PALMERA","MAURITANIA","TOTAL POBLACION",1,0,1
" 10","BELLAVISTA-LA PALMERA","MEXICO","ESPA�OLES",5,3,8
" 10","BELLAVISTA-LA PALMERA","MEXICO","EXTRANJEROS",0,2,2
" 10","BELLAVISTA-LA PALMERA","MEXICO","TOTAL POBLACION",5,5,10
" 10","BELLAVISTA-LA PALMERA","NICARAGUA","EXTRANJEROS",5,7,12
" 10","BELLAVISTA-LA PALMERA","NICARAGUA","TOTAL POBLACION",5,7,12
" 10","BELLAVISTA-LA PALMERA","NIGERIA","ESPA�OLES",1,0,1
" 10","BELLAVISTA-LA PALMERA","NIGERIA","EXTRANJEROS",1,0,1
" 10","BELLAVISTA-LA PALMERA","NIGERIA","TOTAL POBLACION",2,0,2
" 10","BELLAVISTA-LA PALMERA","PAISES BAJOS","EXTRANJEROS",1,0,1
" 10","BELLAVISTA-LA PALMERA","PAISES BAJOS","TOTAL POBLACION",1,0,1
" 10","BELLAVISTA-LA PALMERA","PANAMA","EXTRANJEROS",2,0,2
" 10","BELLAVISTA-LA PALMERA","PANAMA","TOTAL POBLACION",2,0,2
" 10","BELLAVISTA-LA PALMERA","PARAGUAY","EXTRANJEROS",0,1,1
" 10","BELLAVISTA-LA PALMERA","PARAGUAY","TOTAL POBLACION",0,1,1
" 10","BELLAVISTA-LA PALMERA","PERU","ESPA�OLES",1,0,1
" 10","BELLAVISTA-LA PALMERA","PERU","EXTRANJEROS",3,5,8
" 10","BELLAVISTA-LA PALMERA","PERU","TOTAL POBLACION",4,5,9
" 10","BELLAVISTA-LA PALMERA","PORTUGAL","EXTRANJEROS",5,0,5
" 10","BELLAVISTA-LA PALMERA","PORTUGAL","TOTAL POBLACION",5,0,5
" 10","BELLAVISTA-LA PALMERA","PRINCIPADO DE ANDORRA","ESPA�OLES",1,0,1
" 10","BELLAVISTA-LA PALMERA","PRINCIPADO DE ANDORRA","TOTAL POBLACION",1,0,1
" 10","BELLAVISTA-LA PALMERA","QATAR","ESPA�OLES",1,3,4
" 10","BELLAVISTA-LA PALMERA","QATAR","TOTAL POBLACION",1,3,4
" 10","BELLAVISTA-LA PALMERA","REINO UNIDO","ESPA�OLES",2,0,2
" 10","BELLAVISTA-LA PALMERA","REINO UNIDO","EXTRANJEROS",4,0,4
" 10","BELLAVISTA-LA PALMERA","REINO UNIDO","TOTAL POBLACION",6,0,6
" 10","BELLAVISTA-LA PALMERA","REPUBLICA CHECA","ESPA�OLES",1,0,1
" 10","BELLAVISTA-LA PALMERA","REPUBLICA CHECA","TOTAL POBLACION",1,0,1
" 10","BELLAVISTA-LA PALMERA","REPUBLICA DOMINICANA","EXTRANJEROS",3,5,8
" 10","BELLAVISTA-LA PALMERA","REPUBLICA DOMINICANA","TOTAL POBLACION",3,5,8
" 10","BELLAVISTA-LA PALMERA","RUSIA","EXTRANJEROS",2,4,6
" 10","BELLAVISTA-LA PALMERA","RUSIA","TOTAL POBLACION",2,4,6
" 10","BELLAVISTA-LA PALMERA","SENEGAL","EXTRANJEROS",9,0,9
" 10","BELLAVISTA-LA PALMERA","SENEGAL","TOTAL POBLACION",9,0,9
" 10","BELLAVISTA-LA PALMERA","SUECIA","EXTRANJEROS",1,0,1
" 10","BELLAVISTA-LA PALMERA","SUECIA","TOTAL POBLACION",1,0,1
" 10","BELLAVISTA-LA PALMERA","TUNEZ","EXTRANJEROS",2,1,3
" 10","BELLAVISTA-LA PALMERA","TUNEZ","TOTAL POBLACION",2,1,3
" 10","BELLAVISTA-LA PALMERA","TURQUIA","ESPA�OLES",1,1,2
" 10","BELLAVISTA-LA PALMERA","TURQUIA","EXTRANJEROS",1,4,5
" 10","BELLAVISTA-LA PALMERA","TURQUIA","TOTAL POBLACION",2,5,7
" 10","BELLAVISTA-LA PALMERA","URUGUAY","ESPA�OLES",0,1,1
" 10","BELLAVISTA-LA PALMERA","URUGUAY","TOTAL POBLACION",0,1,1
" 10","BELLAVISTA-LA PALMERA","VENEZUELA","EXTRANJEROS",8,16,24
" 10","BELLAVISTA-LA PALMERA","VENEZUELA","TOTAL POBLACION",8,16,24
" 10","BELLAVISTA-LA PALMERA","ZIMBABWE","ESPA�OLES",1,0,1
" 10","BELLAVISTA-LA PALMERA","ZIMBABWE","TOTAL POBLACION",1,0,1
" 11","LOS REMEDIOS","- TODOS -","ESPA�OLES",330,335,665
" 11","LOS REMEDIOS","- TODOS -","EXTRANJEROS",59,109,168
" 11","LOS REMEDIOS","- TODOS -","TOTAL POBLACION",389,444,833
" 11","LOS REMEDIOS","ALBANIA","EXTRANJEROS",2,1,3
" 11","LOS REMEDIOS","ALBANIA","TOTAL POBLACION",2,1,3
" 11","LOS REMEDIOS","ALEMANIA","ESPA�OLES",5,6,11
" 11","LOS REMEDIOS","ALEMANIA","EXTRANJEROS",0,2,2
" 11","LOS REMEDIOS","ALEMANIA","TOTAL POBLACION",5,8,13
" 11","LOS REMEDIOS","ARGENTINA","ESPA�OLES",1,2,3
" 11","LOS REMEDIOS","ARGENTINA","EXTRANJEROS",2,2,4
" 11","LOS REMEDIOS","ARGENTINA","TOTAL POBLACION",3,4,7
" 11","LOS REMEDIOS","AUSTRIA","EXTRANJEROS",0,1,1
" 11","LOS REMEDIOS","AUSTRIA","TOTAL POBLACION",0,1,1
" 11","LOS REMEDIOS","BELGICA","ESPA�OLES",2,3,5
" 11","LOS REMEDIOS","BELGICA","EXTRANJEROS",0,3,3
" 11","LOS REMEDIOS","BELGICA","TOTAL POBLACION",2,6,8
" 11","LOS REMEDIOS","BRASIL","EXTRANJEROS",0,4,4
" 11","LOS REMEDIOS","BRASIL","TOTAL POBLACION",0,4,4
" 11","LOS REMEDIOS","CANADA","ESPA�OLES",1,0,1
" 11","LOS REMEDIOS","CANADA","TOTAL POBLACION",1,0,1
" 11","LOS REMEDIOS","CHINA","EXTRANJEROS",1,1,2
" 11","LOS REMEDIOS","CHINA","TOTAL POBLACION",1,1,2
" 11","LOS REMEDIOS","COLOMBIA","EXTRANJEROS",1,8,9
" 11","LOS REMEDIOS","COLOMBIA","TOTAL POBLACION",1,8,9
" 11","LOS REMEDIOS","CUBA","EXTRANJEROS",2,0,2
" 11","LOS REMEDIOS","CUBA","TOTAL POBLACION",2,0,2
" 11","LOS REMEDIOS","ECUADOR","EXTRANJEROS",2,2,4
" 11","LOS REMEDIOS","ECUADOR","TOTAL POBLACION",2,2,4
" 11","LOS REMEDIOS","EMIRATOS ARABES UNIDOS","ESPA�OLES",1,0,1
" 11","LOS REMEDIOS","EMIRATOS ARABES UNIDOS","TOTAL POBLACION",1,0,1
" 11","LOS REMEDIOS","ESPA�A","ESPA�OLES",301,306,607
" 11","LOS REMEDIOS","ESPA�A","EXTRANJEROS",25,41,66
" 11","LOS REMEDIOS","ESPA�A","TOTAL POBLACION",326,347,673
" 11","LOS REMEDIOS","ESTADOS UNIDOS DE AMERICA","ESPA�OLES",2,0,2
" 11","LOS REMEDIOS","ESTADOS UNIDOS DE AMERICA","EXTRANJEROS",0,2,2
" 11","LOS REMEDIOS","ESTADOS UNIDOS DE AMERICA","TOTAL POBLACION",2,2,4
" 11","LOS REMEDIOS","FILIPINAS","EXTRANJEROS",0,1,1
" 11","LOS REMEDIOS","FILIPINAS","TOTAL POBLACION",0,1,1
" 11","LOS REMEDIOS","FRANCIA","EXTRANJEROS",0,2,2
" 11","LOS REMEDIOS","FRANCIA","TOTAL POBLACION",0,2,2
" 11","LOS REMEDIOS","HONDURAS","EXTRANJEROS",1,2,3
" 11","LOS REMEDIOS","HONDURAS","TOTAL POBLACION",1,2,3
" 11","LOS REMEDIOS","INDIA","EXTRANJEROS",1,2,3
" 11","LOS REMEDIOS","INDIA","TOTAL POBLACION",1,2,3
" 11","LOS REMEDIOS","IRAN","EXTRANJEROS",0,1,1
" 11","LOS REMEDIOS","IRAN","TOTAL POBLACION",0,1,1
" 11","LOS REMEDIOS","IRLANDA","ESPA�OLES",7,8,15
" 11","LOS REMEDIOS","IRLANDA","EXTRANJEROS",1,0,1
" 11","LOS REMEDIOS","IRLANDA","TOTAL POBLACION",8,8,16
" 11","LOS REMEDIOS","ITALIA","EXTRANJEROS",3,2,5
" 11","LOS REMEDIOS","ITALIA","TOTAL POBLACION",3,2,5
" 11","LOS REMEDIOS","LUXEMBURGO","ESPA�OLES",1,0,1
" 11","LOS REMEDIOS","LUXEMBURGO","TOTAL POBLACION",1,0,1
" 11","LOS REMEDIOS","MARRUECOS","EXTRANJEROS",3,1,4
" 11","LOS REMEDIOS","MARRUECOS","TOTAL POBLACION",3,1,4
" 11","LOS REMEDIOS","MEXICO","ESPA�OLES",2,6,8
" 11","LOS REMEDIOS","MEXICO","EXTRANJEROS",1,0,1
" 11","LOS REMEDIOS","MEXICO","TOTAL POBLACION",3,6,9
" 11","LOS REMEDIOS","NICARAGUA","EXTRANJEROS",1,9,10
" 11","LOS REMEDIOS","NICARAGUA","TOTAL POBLACION",1,9,10
" 11","LOS REMEDIOS","OMAN","ESPA�OLES",1,0,1
" 11","LOS REMEDIOS","OMAN","TOTAL POBLACION",1,0,1
" 11","LOS REMEDIOS","PAISES BAJOS","EXTRANJEROS",1,1,2
" 11","LOS REMEDIOS","PAISES BAJOS","TOTAL POBLACION",1,1,2
" 11","LOS REMEDIOS","PARAGUAY","EXTRANJEROS",0,1,1
" 11","LOS REMEDIOS","PARAGUAY","TOTAL POBLACION",0,1,1
" 11","LOS REMEDIOS","PERU","ESPA�OLES",2,0,2
" 11","LOS REMEDIOS","PERU","EXTRANJEROS",5,7,12
" 11","LOS REMEDIOS","PERU","TOTAL POBLACION",7,7,14
" 11","LOS REMEDIOS","PORTUGAL","ESPA�OLES",0,1,1
" 11","LOS REMEDIOS","PORTUGAL","EXTRANJEROS",2,1,3
" 11","LOS REMEDIOS","PORTUGAL","TOTAL POBLACION",2,2,4
" 11","LOS REMEDIOS","QATAR","ESPA�OLES",1,1,2
" 11","LOS REMEDIOS","QATAR","TOTAL POBLACION",1,1,2
" 11","LOS REMEDIOS","REINO UNIDO","ESPA�OLES",1,1,2
" 11","LOS REMEDIOS","REINO UNIDO","EXTRANJEROS",1,1,2
" 11","LOS REMEDIOS","REINO UNIDO","TOTAL POBLACION",2,2,4
" 11","LOS REMEDIOS","RUMANIA","EXTRANJEROS",0,1,1
" 11","LOS REMEDIOS","RUMANIA","TOTAL POBLACION",0,1,1
" 11","LOS REMEDIOS","RUSIA","EXTRANJEROS",1,1,2
" 11","LOS REMEDIOS","RUSIA","TOTAL POBLACION",1,1,2
" 11","LOS REMEDIOS","SINGAPUR","ESPA�OLES",1,0,1
" 11","LOS REMEDIOS","SINGAPUR","TOTAL POBLACION",1,0,1
" 11","LOS REMEDIOS","TURQUIA","ESPA�OLES",0,1,1
" 11","LOS REMEDIOS","TURQUIA","TOTAL POBLACION",0,1,1
" 11","LOS REMEDIOS","UCRANIA","EXTRANJEROS",0,1,1
" 11","LOS REMEDIOS","UCRANIA","TOTAL POBLACION",0,1,1
" 11","LOS REMEDIOS","URUGUAY","EXTRANJEROS",0,1,1
" 11","LOS REMEDIOS","URUGUAY","TOTAL POBLACION",0,1,1
" 11","LOS REMEDIOS","VENEZUELA","ESPA�OLES",1,0,1
" 11","LOS REMEDIOS","VENEZUELA","EXTRANJEROS",3,7,10
" 11","LOS REMEDIOS","VENEZUELA","TOTAL POBLACION",4,7,11
"00","TOTAL MUNICIPIO","- TODOS -","ESPA�OLES",6538,6489,13027
"00","TOTAL MUNICIPIO","- TODOS -","EXTRANJEROS",4184,4112,8296
"00","TOTAL MUNICIPIO","- TODOS -","TOTAL POBLACION",10722,10601,21323
"00","TOTAL MUNICIPIO","AFGANISTAN","EXTRANJEROS",27,26,53
"00","TOTAL MUNICIPIO","AFGANISTAN","TOTAL POBLACION",27,26,53
"00","TOTAL MUNICIPIO","ALBANIA","EXTRANJEROS",7,3,10
"00","TOTAL MUNICIPIO","ALBANIA","TOTAL POBLACION",7,3,10
"00","TOTAL MUNICIPIO","ALEMANIA","ESPA�OLES",44,35,79
"00","TOTAL MUNICIPIO","ALEMANIA","EXTRANJEROS",28,43,71
"00","TOTAL MUNICIPIO","ALEMANIA","TOTAL POBLACION",72,78,150
"00","TOTAL MUNICIPIO","ANGOLA","EXTRANJEROS",0,1,1
"00","TOTAL MUNICIPIO","ANGOLA","TOTAL POBLACION",0,1,1
"00","TOTAL MUNICIPIO","APATRIDA","EXTRANJEROS",1,0,1
"00","TOTAL MUNICIPIO","APATRIDA","TOTAL POBLACION",1,0,1
"00","TOTAL MUNICIPIO","ARABIA SAUDITA","ESPA�OLES",3,0,3
"00","TOTAL MUNICIPIO","ARABIA SAUDITA","EXTRANJEROS",1,0,1
"00","TOTAL MUNICIPIO","ARABIA SAUDITA","TOTAL POBLACION",4,0,4
"00","TOTAL MUNICIPIO","ARGELIA","ESPA�OLES",1,0,1
"00","TOTAL MUNICIPIO","ARGELIA","EXTRANJEROS",37,13,50
"00","TOTAL MUNICIPIO","ARGELIA","TOTAL POBLACION",38,13,51
"00","TOTAL MUNICIPIO","ARGENTINA","ESPA�OLES",16,12,28
"00","TOTAL MUNICIPIO","ARGENTINA","EXTRANJEROS",77,68,145
"00","TOTAL MUNICIPIO","ARGENTINA","TOTAL POBLACION",93,80,173
"00","TOTAL MUNICIPIO","ARMENIA","EXTRANJEROS",0,2,2
"00","TOTAL MUNICIPIO","ARMENIA","TOTAL POBLACION",0,2,2
"00","TOTAL MUNICIPIO","AUSTRALIA","ESPA�OLES",3,2,5
"00","TOTAL MUNICIPIO","AUSTRALIA","EXTRANJEROS",5,5,10
"00","TOTAL MUNICIPIO","AUSTRALIA","TOTAL POBLACION",8,7,15
"00","TOTAL MUNICIPIO","AUSTRIA","ESPA�OLES",3,1,4
"00","TOTAL MUNICIPIO","AUSTRIA","EXTRANJEROS",0,7,7
"00","TOTAL MUNICIPIO","AUSTRIA","TOTAL POBLACION",3,8,11
"00","TOTAL MUNICIPIO","AZERBAIYAN","EXTRANJEROS",1,0,1
"00","TOTAL MUNICIPIO","AZERBAIYAN","TOTAL POBLACION",1,0,1
"00","TOTAL MUNICIPIO","BANGLA-DESH","EXTRANJEROS",2,0,2
"00","TOTAL MUNICIPIO","BANGLA-DESH","TOTAL POBLACION",2,0,2
"00","TOTAL MUNICIPIO","BELGICA","ESPA�OLES",19,13,32
"00","TOTAL MUNICIPIO","BELGICA","EXTRANJEROS",8,17,25
"00","TOTAL MUNICIPIO","BELGICA","TOTAL POBLACION",27,30,57
"00","TOTAL MUNICIPIO","BIELORUSIA","EXTRANJEROS",2,5,7
"00","TOTAL MUNICIPIO","BIELORUSIA","TOTAL POBLACION",2,5,7
"00","TOTAL MUNICIPIO","BOLIVIA","ESPA�OLES",6,12,18
"00","TOTAL MUNICIPIO","BOLIVIA","EXTRANJEROS",19,22,41
"00","TOTAL MUNICIPIO","BOLIVIA","TOTAL POBLACION",25,34,59
"00","TOTAL MUNICIPIO","BOSNIA-HERZEGOVINA","EXTRANJEROS",0,1,1
"00","TOTAL MUNICIPIO","BOSNIA-HERZEGOVINA","TOTAL POBLACION",0,1,1
"00","TOTAL MUNICIPIO","BRASIL","ESPA�OLES",4,0,4
"00","TOTAL MUNICIPIO","BRASIL","EXTRANJEROS",42,56,98
"00","TOTAL MUNICIPIO","BRASIL","TOTAL POBLACION",46,56,102
"00","TOTAL MUNICIPIO","BULGARIA","EXTRANJEROS",1,1,2
"00","TOTAL MUNICIPIO","BULGARIA","TOTAL POBLACION",1,1,2
"00","TOTAL MUNICIPIO","CABO VERDE","EXTRANJEROS",1,0,1
"00","TOTAL MUNICIPIO","CABO VERDE","TOTAL POBLACION",1,0,1
"00","TOTAL MUNICIPIO","CAMERUN","ESPA�OLES",0,1,1
"00","TOTAL MUNICIPIO","CAMERUN","EXTRANJEROS",15,2,17
"00","TOTAL MUNICIPIO","CAMERUN","TOTAL POBLACION",15,3,18
"00","TOTAL MUNICIPIO","CANADA","ESPA�OLES",7,4,11
"00","TOTAL MUNICIPIO","CANADA","EXTRANJEROS",7,7,14
"00","TOTAL MUNICIPIO","CANADA","TOTAL POBLACION",14,11,25
"00","TOTAL MUNICIPIO","CHILE","ESPA�OLES",14,17,31
"00","TOTAL MUNICIPIO","CHILE","EXTRANJEROS",33,34,67
"00","TOTAL MUNICIPIO","CHILE","TOTAL POBLACION",47,51,98
"00","TOTAL MUNICIPIO","CHINA","ESPA�OLES",6,0,6
"00","TOTAL MUNICIPIO","CHINA","EXTRANJEROS",35,36,71
"00","TOTAL MUNICIPIO","CHINA","TOTAL POBLACION",41,36,77
"00","TOTAL MUNICIPIO","CHIPRE","ESPA�OLES",2,2,4
"00","TOTAL MUNICIPIO","CHIPRE","EXTRANJEROS",1,0,1
"00","TOTAL MUNICIPIO","CHIPRE","TOTAL POBLACION",3,2,5
"00","TOTAL MUNICIPIO","COLOMBIA","ESPA�OLES",14,18,32
"00","TOTAL MUNICIPIO","COLOMBIA","EXTRANJEROS",235,293,528
"00","TOTAL MUNICIPIO","COLOMBIA","TOTAL POBLACION",249,311,560
"00","TOTAL MUNICIPIO","COSTA DE MARFIL","EXTRANJEROS",25,8,33
"00","TOTAL MUNICIPIO","COSTA DE MARFIL","TOTAL POBLACION",25,8,33
"00","TOTAL MUNICIPIO","COSTA RICA","EXTRANJEROS",3,3,6
"00","TOTAL MUNICIPIO","COSTA RICA","TOTAL POBLACION",3,3,6
"00","TOTAL MUNICIPIO","CROACIA","EXTRANJEROS",1,1,2
"00","TOTAL MUNICIPIO","CROACIA","TOTAL POBLACION",1,1,2
"00","TOTAL MUNICIPIO","CUBA","ESPA�OLES",18,10,28
"00","TOTAL MUNICIPIO","CUBA","EXTRANJEROS",50,57,107
"00","TOTAL MUNICIPIO","CUBA","TOTAL POBLACION",68,67,135
"00","TOTAL MUNICIPIO","DINAMARCA","ESPA�OLES",0,2,2
"00","TOTAL MUNICIPIO","DINAMARCA","EXTRANJEROS",5,3,8
"00","TOTAL MUNICIPIO","DINAMARCA","TOTAL POBLACION",5,5,10
"00","TOTAL MUNICIPIO","ECUADOR","ESPA�OLES",17,9,26
"00","TOTAL MUNICIPIO","ECUADOR","EXTRANJEROS",30,38,68
"00","TOTAL MUNICIPIO","ECUADOR","TOTAL POBLACION",47,47,94
"00","TOTAL MUNICIPIO","EGIPTO","ESPA�OLES",1,0,1
"00","TOTAL MUNICIPIO","EGIPTO","EXTRANJEROS",3,0,3
"00","TOTAL MUNICIPIO","EGIPTO","TOTAL POBLACION",4,0,4
"00","TOTAL MUNICIPIO","EL SALVADOR","ESPA�OLES",0,2,2
"00","TOTAL MUNICIPIO","EL SALVADOR","EXTRANJEROS",39,56,95
"00","TOTAL MUNICIPIO","EL SALVADOR","TOTAL POBLACION",39,58,97
"00","TOTAL MUNICIPIO","EMIRATOS ARABES UNIDOS","ESPA�OLES",9,0,9
"00","TOTAL MUNICIPIO","EMIRATOS ARABES UNIDOS","TOTAL POBLACION",9,0,9
"00","TOTAL MUNICIPIO","ESLOVAQUIA","EXTRANJEROS",0,1,1
"00","TOTAL MUNICIPIO","ESLOVAQUIA","TOTAL POBLACION",0,1,1
"00","TOTAL MUNICIPIO","ESPA�A","ESPA�OLES",6098,6083,12181
"00","TOTAL MUNICIPIO","ESPA�A","EXTRANJEROS",1547,1615,3162
"00","TOTAL MUNICIPIO","ESPA�A","TOTAL POBLACION",7645,7698,15343
"00","TOTAL MUNICIPIO","ESTADOS UNIDOS DE AMERICA","ESPA�OLES",22,28,50
"00","TOTAL MUNICIPIO","ESTADOS UNIDOS DE AMERICA","EXTRANJEROS",57,107,164
"00","TOTAL MUNICIPIO","ESTADOS UNIDOS DE AMERICA","TOTAL POBLACION",79,135,214
"00","TOTAL MUNICIPIO","ESTONIA","EXTRANJEROS",0,1,1
"00","TOTAL MUNICIPIO","ESTONIA","TOTAL POBLACION",0,1,1
"00","TOTAL MUNICIPIO","FILIPINAS","EXTRANJEROS",4,6,10
"00","TOTAL MUNICIPIO","FILIPINAS","TOTAL POBLACION",4,6,10
"00","TOTAL MUNICIPIO","FINLANDIA","EXTRANJEROS",1,1,2
"00","TOTAL MUNICIPIO","FINLANDIA","TOTAL POBLACION",1,1,2
"00","TOTAL MUNICIPIO","FRANCIA","ESPA�OLES",16,19,35
"00","TOTAL MUNICIPIO","FRANCIA","EXTRANJEROS",74,108,182
"00","TOTAL MUNICIPIO","FRANCIA","TOTAL POBLACION",90,127,217
"00","TOTAL MUNICIPIO","GABON","EXTRANJEROS",0,1,1
"00","TOTAL MUNICIPIO","GABON","TOTAL POBLACION",0,1,1
"00","TOTAL MUNICIPIO","GAMBIA","EXTRANJEROS",35,0,35
"00","TOTAL MUNICIPIO","GAMBIA","TOTAL POBLACION",35,0,35
"00","TOTAL MUNICIPIO","GEORGIA","EXTRANJEROS",6,2,8
"00","TOTAL MUNICIPIO","GEORGIA","TOTAL POBLACION",6,2,8
"00","TOTAL MUNICIPIO","GHANA","EXTRANJEROS",7,3,10
"00","TOTAL MUNICIPIO","GHANA","TOTAL POBLACION",7,3,10
"00","TOTAL MUNICIPIO","GRECIA","EXTRANJEROS",3,3,6
"00","TOTAL MUNICIPIO","GRECIA","TOTAL POBLACION",3,3,6
"00","TOTAL MUNICIPIO","GUATEMALA","ESPA�OLES",1,2,3
"00","TOTAL MUNICIPIO","GUATEMALA","EXTRANJEROS",19,22,41
"00","TOTAL MUNICIPIO","GUATEMALA","TOTAL POBLACION",20,24,44
"00","TOTAL MUNICIPIO","GUINEA","EXTRANJEROS",14,1,15
"00","TOTAL MUNICIPIO","GUINEA","TOTAL POBLACION",14,1,15
"00","TOTAL MUNICIPIO","GUINEA BISSAU","EXTRANJEROS",1,2,3
"00","TOTAL MUNICIPIO","GUINEA BISSAU","TOTAL POBLACION",1,2,3
"00","TOTAL MUNICIPIO","GUINEA ECUATORIAL","ESPA�OLES",1,1,2
"00","TOTAL MUNICIPIO","GUINEA ECUATORIAL","EXTRANJEROS",0,8,8
"00","TOTAL MUNICIPIO","GUINEA ECUATORIAL","TOTAL POBLACION",1,9,10
"00","TOTAL MUNICIPIO","GUYANA","EXTRANJEROS",1,0,1
"00","TOTAL MUNICIPIO","GUYANA","TOTAL POBLACION",1,0,1
"00","TOTAL MUNICIPIO","HAITI","EXTRANJEROS",1,0,1
"00","TOTAL MUNICIPIO","HAITI","TOTAL POBLACION",1,0,1
"00","TOTAL MUNICIPIO","HONDURAS","ESPA�OLES",2,2,4
"00","TOTAL MUNICIPIO","HONDURAS","EXTRANJEROS",45,75,120
"00","TOTAL MUNICIPIO","HONDURAS","TOTAL POBLACION",47,77,124
"00","TOTAL MUNICIPIO","HUNGRIA","EXTRANJEROS",1,3,4
"00","TOTAL MUNICIPIO","HUNGRIA","TOTAL POBLACION",1,3,4
"00","TOTAL MUNICIPIO","INDIA","ESPA�OLES",1,0,1
"00","TOTAL MUNICIPIO","INDIA","EXTRANJEROS",10,8,18
"00","TOTAL MUNICIPIO","INDIA","TOTAL POBLACION",11,8,19
"00","TOTAL MUNICIPIO","INDONESIA","ESPA�OLES",1,2,3
"00","TOTAL MUNICIPIO","INDONESIA","TOTAL POBLACION",1,2,3
"00","TOTAL MUNICIPIO","IRAK","EXTRANJEROS",1,0,1
"00","TOTAL MUNICIPIO","IRAK","TOTAL POBLACION",1,0,1
"00","TOTAL MUNICIPIO","IRAN","EXTRANJEROS",3,6,9
"00","TOTAL MUNICIPIO","IRAN","TOTAL POBLACION",3,6,9
"00","TOTAL MUNICIPIO","IRLANDA","ESPA�OLES",12,11,23
"00","TOTAL MUNICIPIO","IRLANDA","EXTRANJEROS",10,6,16
"00","TOTAL MUNICIPIO","IRLANDA","TOTAL POBLACION",22,17,39
"00","TOTAL MUNICIPIO","ISRAEL","ESPA�OLES",1,0,1
"00","TOTAL MUNICIPIO","ISRAEL","EXTRANJEROS",0,1,1
"00","TOTAL MUNICIPIO","ISRAEL","TOTAL POBLACION",1,1,2
"00","TOTAL MUNICIPIO","ITALIA","ESPA�OLES",8,5,13
"00","TOTAL MUNICIPIO","ITALIA","EXTRANJEROS",95,94,189
"00","TOTAL MUNICIPIO","ITALIA","TOTAL POBLACION",103,99,202
"00","TOTAL MUNICIPIO","JAPON","ESPA�OLES",2,1,3
"00","TOTAL MUNICIPIO","JAPON","EXTRANJEROS",3,4,7
"00","TOTAL MUNICIPIO","JAPON","TOTAL POBLACION",5,5,10
"00","TOTAL MUNICIPIO","JORDANIA","EXTRANJEROS",1,1,2
"00","TOTAL MUNICIPIO","JORDANIA","TOTAL POBLACION",1,1,2
"00","TOTAL MUNICIPIO","KAZAJSTAN","EXTRANJEROS",0,1,1
"00","TOTAL MUNICIPIO","KAZAJSTAN","TOTAL POBLACION",0,1,1
"00","TOTAL MUNICIPIO","KENIA","EXTRANJEROS",1,1,2
"00","TOTAL MUNICIPIO","KENIA","TOTAL POBLACION",1,1,2
"00","TOTAL MUNICIPIO","LETONIA","EXTRANJEROS",0,2,2
"00","TOTAL MUNICIPIO","LETONIA","TOTAL POBLACION",0,2,2
"00","TOTAL MUNICIPIO","LIBANO","ESPA�OLES",1,0,1
"00","TOTAL MUNICIPIO","LIBANO","EXTRANJEROS",0,1,1
"00","TOTAL MUNICIPIO","LIBANO","TOTAL POBLACION",1,1,2
"00","TOTAL MUNICIPIO","LIBIA","EXTRANJEROS",1,0,1
"00","TOTAL MUNICIPIO","LIBIA","TOTAL POBLACION",1,0,1
"00","TOTAL MUNICIPIO","LITUANIA","EXTRANJEROS",1,0,1
"00","TOTAL MUNICIPIO","LITUANIA","TOTAL POBLACION",1,0,1
"00","TOTAL MUNICIPIO","LUXEMBURGO","ESPA�OLES",2,2,4
"00","TOTAL MUNICIPIO","LUXEMBURGO","EXTRANJEROS",1,0,1
"00","TOTAL MUNICIPIO","LUXEMBURGO","TOTAL POBLACION",3,2,5
"00","TOTAL MUNICIPIO","MACEDONIA","EXTRANJEROS",0,1,1
"00","TOTAL MUNICIPIO","MACEDONIA","TOTAL POBLACION",0,1,1
"00","TOTAL MUNICIPIO","MADAGASCAR","EXTRANJEROS",0,1,1
"00","TOTAL MUNICIPIO","MADAGASCAR","TOTAL POBLACION",0,1,1
"00","TOTAL MUNICIPIO","MALASIA","ESPA�OLES",2,1,3
"00","TOTAL MUNICIPIO","MALASIA","EXTRANJEROS",0,4,4
"00","TOTAL MUNICIPIO","MALASIA","TOTAL POBLACION",2,5,7
"00","TOTAL MUNICIPIO","MALI","ESPA�OLES",0,1,1
"00","TOTAL MUNICIPIO","MALI","EXTRANJEROS",207,1,208
"00","TOTAL MUNICIPIO","MALI","TOTAL POBLACION",207,2,209
"00","TOTAL MUNICIPIO","MARRUECOS","ESPA�OLES",8,9,17
"00","TOTAL MUNICIPIO","MARRUECOS","EXTRANJEROS",355,180,535
"00","TOTAL MUNICIPIO","MARRUECOS","TOTAL POBLACION",363,189,552
"00","TOTAL MUNICIPIO","MAURITANIA","EXTRANJEROS",11,3,14
"00","TOTAL MUNICIPIO","MAURITANIA","TOTAL POBLACION",11,3,14
"00","TOTAL MUNICIPIO","MEXICO","ESPA�OLES",16,22,38
"00","TOTAL MUNICIPIO","MEXICO","EXTRANJEROS",30,52,82
"00","TOTAL MUNICIPIO","MEXICO","TOTAL POBLACION",46,74,120
"00","TOTAL MUNICIPIO","MOLDAVIA","EXTRANJEROS",0,1,1
"00","TOTAL MUNICIPIO","MOLDAVIA","TOTAL POBLACION",0,1,1
"00","TOTAL MUNICIPIO","MONACO","EXTRANJEROS",1,0,1
"00","TOTAL MUNICIPIO","MONACO","TOTAL POBLACION",1,0,1
"00","TOTAL MUNICIPIO","NICARAGUA","ESPA�OLES",2,3,5
"00","TOTAL MUNICIPIO","NICARAGUA","EXTRANJEROS",227,321,548
"00","TOTAL MUNICIPIO","NICARAGUA","TOTAL POBLACION",229,324,553
"00","TOTAL MUNICIPIO","NIGERIA","ESPA�OLES",2,3,5
"00","TOTAL MUNICIPIO","NIGERIA","EXTRANJEROS",26,5,31
"00","TOTAL MUNICIPIO","NIGERIA","TOTAL POBLACION",28,8,36
"00","TOTAL MUNICIPIO","NORUEGA","ESPA�OLES",2,0,2
"00","TOTAL MUNICIPIO","NORUEGA","EXTRANJEROS",1,1,2
"00","TOTAL MUNICIPIO","NORUEGA","TOTAL POBLACION",3,1,4
"00","TOTAL MUNICIPIO","NUEVA ZELANDA","EXTRANJEROS",1,0,1
"00","TOTAL MUNICIPIO","NUEVA ZELANDA","TOTAL POBLACION",1,0,1
"00","TOTAL MUNICIPIO","OMAN","ESPA�OLES",2,0,2
"00","TOTAL MUNICIPIO","OMAN","TOTAL POBLACION",2,0,2
"00","TOTAL MUNICIPIO","OTROS PAISES SIN RELACION DIPLOMATICA","ESPA�OLES",0,1,1
"00","TOTAL MUNICIPIO","OTROS PAISES SIN RELACION DIPLOMATICA","TOTAL POBLACION",0,1,1
"00","TOTAL MUNICIPIO","PAISES BAJOS","ESPA�OLES",11,17,28
"00","TOTAL MUNICIPIO","PAISES BAJOS","EXTRANJEROS",15,23,38
"00","TOTAL MUNICIPIO","PAISES BAJOS","TOTAL POBLACION",26,40,66
"00","TOTAL MUNICIPIO","PAKISTAN","EXTRANJEROS",18,3,21
"00","TOTAL MUNICIPIO","PAKISTAN","TOTAL POBLACION",18,3,21
"00","TOTAL MUNICIPIO","PALESTINA. ESTADO OBSERVADOR, NO MIEMBRO DE NACIONES UNIDAS","EXTRANJEROS",4,2,6
"00","TOTAL MUNICIPIO","PALESTINA. ESTADO OBSERVADOR, NO MIEMBRO DE NACIONES UNIDAS","TOTAL POBLACION",4,2,6
"00","TOTAL MUNICIPIO","PANAMA","ESPA�OLES",3,4,7
"00","TOTAL MUNICIPIO","PANAMA","EXTRANJEROS",8,7,15
"00","TOTAL MUNICIPIO","PANAMA","TOTAL POBLACION",11,11,22
"00","TOTAL MUNICIPIO","PARAGUAY","ESPA�OLES",2,2,4
"00","TOTAL MUNICIPIO","PARAGUAY","EXTRANJEROS",24,56,80
"00","TOTAL MUNICIPIO","PARAGUAY","TOTAL POBLACION",26,58,84
"00","TOTAL MUNICIPIO","PERU","ESPA�OLES",18,19,37
"00","TOTAL MUNICIPIO","PERU","EXTRANJEROS",90,156,246
"00","TOTAL MUNICIPIO","PERU","TOTAL POBLACION",108,175,283
"00","TOTAL MUNICIPIO","POLONIA","ESPA�OLES",3,2,5
"00","TOTAL MUNICIPIO","POLONIA","EXTRANJEROS",5,7,12
"00","TOTAL MUNICIPIO","POLONIA","TOTAL POBLACION",8,9,17
"00","TOTAL MUNICIPIO","PORTUGAL","ESPA�OLES",2,4,6
"00","TOTAL MUNICIPIO","PORTUGAL","EXTRANJEROS",30,22,52
"00","TOTAL MUNICIPIO","PORTUGAL","TOTAL POBLACION",32,26,58
"00","TOTAL MUNICIPIO","PRINCIPADO DE ANDORRA","ESPA�OLES",2,1,3
"00","TOTAL MUNICIPIO","PRINCIPADO DE ANDORRA","EXTRANJEROS",1,0,1
"00","TOTAL MUNICIPIO","PRINCIPADO DE ANDORRA","TOTAL POBLACION",3,1,4
"00","TOTAL MUNICIPIO","QATAR","ESPA�OLES",3,4,7
"00","TOTAL MUNICIPIO","QATAR","TOTAL POBLACION",3,4,7
"00","TOTAL MUNICIPIO","REINO UNIDO","ESPA�OLES",63,59,122
"00","TOTAL MUNICIPIO","REINO UNIDO","EXTRANJEROS",72,81,153
"00","TOTAL MUNICIPIO","REINO UNIDO","TOTAL POBLACION",135,140,275
"00","TOTAL MUNICIPIO","REPUBLICA CENTROAFRICANA","EXTRANJEROS",1,0,1
"00","TOTAL MUNICIPIO","REPUBLICA CENTROAFRICANA","TOTAL POBLACION",1,0,1
"00","TOTAL MUNICIPIO","REPUBLICA CHECA","ESPA�OLES",4,0,4
"00","TOTAL MUNICIPIO","REPUBLICA CHECA","EXTRANJEROS",0,1,1
"00","TOTAL MUNICIPIO","REPUBLICA CHECA","TOTAL POBLACION",4,1,5
"00","TOTAL MUNICIPIO","REPUBLICA DE COREA","EXTRANJEROS",3,2,5
"00","TOTAL MUNICIPIO","REPUBLICA DE COREA","TOTAL POBLACION",3,2,5
"00","TOTAL MUNICIPIO","REPUBLICA DOMINICANA","ESPA�OLES",7,6,13
"00","TOTAL MUNICIPIO","REPUBLICA DOMINICANA","EXTRANJEROS",28,27,55
"00","TOTAL MUNICIPIO","REPUBLICA DOMINICANA","TOTAL POBLACION",35,33,68
"00","TOTAL MUNICIPIO","REPUBLICA SUDAFRICANA","ESPA�OLES",0,2,2
"00","TOTAL MUNICIPIO","REPUBLICA SUDAFRICANA","EXTRANJEROS",0,2,2
"00","TOTAL MUNICIPIO","REPUBLICA SUDAFRICANA","TOTAL POBLACION",0,4,4
"00","TOTAL MUNICIPIO","RUMANIA","ESPA�OLES",1,1,2
"00","TOTAL MUNICIPIO","RUMANIA","EXTRANJEROS",32,30,62
"00","TOTAL MUNICIPIO","RUMANIA","TOTAL POBLACION",33,31,64
"00","TOTAL MUNICIPIO","RUSIA","EXTRANJEROS",15,28,43
"00","TOTAL MUNICIPIO","RUSIA","TOTAL POBLACION",15,28,43
"00","TOTAL MUNICIPIO","SANTO TOME Y PRINCIPE","EXTRANJEROS",1,0,1
"00","TOTAL MUNICIPIO","SANTO TOME Y PRINCIPE","TOTAL POBLACION",1,0,1
"00","TOTAL MUNICIPIO","SENEGAL","ESPA�OLES",2,1,3
"00","TOTAL MUNICIPIO","SENEGAL","EXTRANJEROS",141,10,151
"00","TOTAL MUNICIPIO","SENEGAL","TOTAL POBLACION",143,11,154
"00","TOTAL MUNICIPIO","SERBIA","EXTRANJEROS",1,1,2
"00","TOTAL MUNICIPIO","SERBIA","TOTAL POBLACION",1,1,2
"00","TOTAL MUNICIPIO","SIERRA LEONA","EXTRANJEROS",2,0,2
"00","TOTAL MUNICIPIO","SIERRA LEONA","TOTAL POBLACION",2,0,2
"00","TOTAL MUNICIPIO","SINGAPUR","ESPA�OLES",1,0,1
"00","TOTAL MUNICIPIO","SINGAPUR","EXTRANJEROS",0,1,1
"00","TOTAL MUNICIPIO","SINGAPUR","TOTAL POBLACION",1,1,2
"00","TOTAL MUNICIPIO","SIRIA","EXTRANJEROS",2,4,6
"00","TOTAL MUNICIPIO","SIRIA","TOTAL POBLACION",2,4,6
"00","TOTAL MUNICIPIO","SOMALIA","EXTRANJEROS",0,1,1
"00","TOTAL MUNICIPIO","SOMALIA","TOTAL POBLACION",0,1,1
"00","TOTAL MUNICIPIO","SUDAN","EXTRANJEROS",2,0,2
"00","TOTAL MUNICIPIO","SUDAN","TOTAL POBLACION",2,0,2
"00","TOTAL MUNICIPIO","SUECIA","ESPA�OLES",6,4,10
"00","TOTAL MUNICIPIO","SUECIA","EXTRANJEROS",5,0,5
"00","TOTAL MUNICIPIO","SUECIA","TOTAL POBLACION",11,4,15
"00","TOTAL MUNICIPIO","SUIZA","ESPA�OLES",8,8,16
"00","TOTAL MUNICIPIO","SUIZA","EXTRANJEROS",1,2,3
"00","TOTAL MUNICIPIO","SUIZA","TOTAL POBLACION",9,10,19
"00","TOTAL MUNICIPIO","TAILANDIA","ESPA�OLES",3,0,3
"00","TOTAL MUNICIPIO","TAILANDIA","TOTAL POBLACION",3,0,3
"00","TOTAL MUNICIPIO","TRINIDAD-TOBAGO","EXTRANJEROS",1,4,5
"00","TOTAL MUNICIPIO","TRINIDAD-TOBAGO","TOTAL POBLACION",1,4,5
"00","TOTAL MUNICIPIO","TUNEZ","EXTRANJEROS",4,2,6
"00","TOTAL MUNICIPIO","TUNEZ","TOTAL POBLACION",4,2,6
"00","TOTAL MUNICIPIO","TURQUIA","ESPA�OLES",2,3,5
"00","TOTAL MUNICIPIO","TURQUIA","EXTRANJEROS",8,6,14
"00","TOTAL MUNICIPIO","TURQUIA","TOTAL POBLACION",10,9,19
"00","TOTAL MUNICIPIO","UCRANIA","EXTRANJEROS",15,25,40
"00","TOTAL MUNICIPIO","UCRANIA","TOTAL POBLACION",15,25,40
"00","TOTAL MUNICIPIO","URUGUAY","ESPA�OLES",0,3,3
"00","TOTAL MUNICIPIO","URUGUAY","EXTRANJEROS",5,6,11
"00","TOTAL MUNICIPIO","URUGUAY","TOTAL POBLACION",5,9,14
"00","TOTAL MUNICIPIO","VENEZUELA","ESPA�OLES",7,13,20
"00","TOTAL MUNICIPIO","VENEZUELA","EXTRANJEROS",107,141,248
"00","TOTAL MUNICIPIO","VENEZUELA","TOTAL POBLACION",114,154,268
"00","TOTAL MUNICIPIO","ZIMBABWE","ESPA�OLES",1,0,1
"00","TOTAL MUNICIPIO","ZIMBABWE","TOTAL POBLACION",1,0,1
