"CD","ND","DESTINO","NACION","HOMBRES","MUJERES","TOTAL"
" 01","CASCO ANTIGUO","- FUERA DE LA PROVINCIA DE SEVILLA","ESPAÑOLES",473,467,940
" 01","CASCO ANTIGUO","- FUERA DE LA PROVINCIA DE SEVILLA","EXTRANJEROS",63,63,126
" 01","CASCO ANTIGUO","- FUERA DE LA PROVINCIA DE SEVILLA","NO CONSTA",1,0,1
" 01","CASCO ANTIGUO","- FUERA DE LA PROVINCIA DE SEVILLA","TOTAL POBLACION",537,530,1067
" 01","CASCO ANTIGUO","- PROVINCIA DE SEVILLA","ESPAÑOLES",340,323,663
" 01","CASCO ANTIGUO","- PROVINCIA DE SEVILLA","EXTRANJEROS",32,49,81
" 01","CASCO ANTIGUO","- PROVINCIA DE SEVILLA","TOTAL POBLACION",372,372,744
" 01","CASCO ANTIGUO","AGUADULCE","ESPAÑOLES",0,1,1
" 01","CASCO ANTIGUO","AGUADULCE","TOTAL POBLACION",0,1,1
" 01","CASCO ANTIGUO","ALANIS","ESPAÑOLES",1,1,2
" 01","CASCO ANTIGUO","ALANIS","TOTAL POBLACION",1,1,2
" 01","CASCO ANTIGUO","ALBAIDA DEL ALJARAFE","ESPAÑOLES",0,1,1
" 01","CASCO ANTIGUO","ALBAIDA DEL ALJARAFE","TOTAL POBLACION",0,1,1
" 01","CASCO ANTIGUO","ALCALA DE GUADAIRA","ESPAÑOLES",12,9,21
" 01","CASCO ANTIGUO","ALCALA DE GUADAIRA","EXTRANJEROS",0,3,3
" 01","CASCO ANTIGUO","ALCALA DE GUADAIRA","TOTAL POBLACION",12,12,24
" 01","CASCO ANTIGUO","ALCALA DEL RIO","ESPAÑOLES",3,3,6
" 01","CASCO ANTIGUO","ALCALA DEL RIO","TOTAL POBLACION",3,3,6
" 01","CASCO ANTIGUO","ALGABA (LA)","ESPAÑOLES",11,9,20
" 01","CASCO ANTIGUO","ALGABA (LA)","TOTAL POBLACION",11,9,20
" 01","CASCO ANTIGUO","ALGAMITAS","ESPAÑOLES",0,1,1
" 01","CASCO ANTIGUO","ALGAMITAS","TOTAL POBLACION",0,1,1
" 01","CASCO ANTIGUO","ALMENSILLA","ESPAÑOLES",0,2,2
" 01","CASCO ANTIGUO","ALMENSILLA","TOTAL POBLACION",0,2,2
" 01","CASCO ANTIGUO","ARAHAL (EL)","ESPAÑOLES",2,2,4
" 01","CASCO ANTIGUO","ARAHAL (EL)","TOTAL POBLACION",2,2,4
" 01","CASCO ANTIGUO","AZNALCAZAR","ESPAÑOLES",2,5,7
" 01","CASCO ANTIGUO","AZNALCAZAR","TOTAL POBLACION",2,5,7
" 01","CASCO ANTIGUO","AZNALCOLLAR","ESPAÑOLES",1,0,1
" 01","CASCO ANTIGUO","AZNALCOLLAR","TOTAL POBLACION",1,0,1
" 01","CASCO ANTIGUO","BENACAZON","ESPAÑOLES",2,0,2
" 01","CASCO ANTIGUO","BENACAZON","EXTRANJEROS",0,1,1
" 01","CASCO ANTIGUO","BENACAZON","TOTAL POBLACION",2,1,3
" 01","CASCO ANTIGUO","BOLLULLOS DE LA MITACION","ESPAÑOLES",5,4,9
" 01","CASCO ANTIGUO","BOLLULLOS DE LA MITACION","TOTAL POBLACION",5,4,9
" 01","CASCO ANTIGUO","BORMUJOS","ESPAÑOLES",10,11,21
" 01","CASCO ANTIGUO","BORMUJOS","EXTRANJEROS",1,0,1
" 01","CASCO ANTIGUO","BORMUJOS","TOTAL POBLACION",11,11,22
" 01","CASCO ANTIGUO","BRENES","ESPAÑOLES",0,1,1
" 01","CASCO ANTIGUO","BRENES","TOTAL POBLACION",0,1,1
" 01","CASCO ANTIGUO","BURGUILLOS","ESPAÑOLES",3,3,6
" 01","CASCO ANTIGUO","BURGUILLOS","TOTAL POBLACION",3,3,6
" 01","CASCO ANTIGUO","CABEZAS DE SAN JUAN (LAS)","ESPAÑOLES",2,0,2
" 01","CASCO ANTIGUO","CABEZAS DE SAN JUAN (LAS)","TOTAL POBLACION",2,0,2
" 01","CASCO ANTIGUO","CAMAS","ESPAÑOLES",34,24,58
" 01","CASCO ANTIGUO","CAMAS","EXTRANJEROS",5,5,10
" 01","CASCO ANTIGUO","CAMAS","TOTAL POBLACION",39,29,68
" 01","CASCO ANTIGUO","CARMONA","ESPAÑOLES",5,7,12
" 01","CASCO ANTIGUO","CARMONA","EXTRANJEROS",0,5,5
" 01","CASCO ANTIGUO","CARMONA","TOTAL POBLACION",5,12,17
" 01","CASCO ANTIGUO","CARRION DE LOS CESPEDES","ESPAÑOLES",1,0,1
" 01","CASCO ANTIGUO","CARRION DE LOS CESPEDES","TOTAL POBLACION",1,0,1
" 01","CASCO ANTIGUO","CASTILBLANCO DE LOS ARROYOS","ESPAÑOLES",6,3,9
" 01","CASCO ANTIGUO","CASTILBLANCO DE LOS ARROYOS","TOTAL POBLACION",6,3,9
" 01","CASCO ANTIGUO","CASTILLEJA DE GUZMAN","ESPAÑOLES",4,3,7
" 01","CASCO ANTIGUO","CASTILLEJA DE GUZMAN","EXTRANJEROS",1,0,1
" 01","CASCO ANTIGUO","CASTILLEJA DE GUZMAN","TOTAL POBLACION",5,3,8
" 01","CASCO ANTIGUO","CASTILLEJA DE LA CUESTA","ESPAÑOLES",10,13,23
" 01","CASCO ANTIGUO","CASTILLEJA DE LA CUESTA","EXTRANJEROS",2,1,3
" 01","CASCO ANTIGUO","CASTILLEJA DE LA CUESTA","TOTAL POBLACION",12,14,26
" 01","CASCO ANTIGUO","CASTILLO DE LAS GUARDAS (EL)","ESPAÑOLES",1,0,1
" 01","CASCO ANTIGUO","CASTILLO DE LAS GUARDAS (EL)","TOTAL POBLACION",1,0,1
" 01","CASCO ANTIGUO","CONSTANTINA","ESPAÑOLES",2,0,2
" 01","CASCO ANTIGUO","CONSTANTINA","TOTAL POBLACION",2,0,2
" 01","CASCO ANTIGUO","CORIA DEL RIO","ESPAÑOLES",6,3,9
" 01","CASCO ANTIGUO","CORIA DEL RIO","EXTRANJEROS",0,1,1
" 01","CASCO ANTIGUO","CORIA DEL RIO","TOTAL POBLACION",6,4,10
" 01","CASCO ANTIGUO","DOS HERMANAS","ESPAÑOLES",27,14,41
" 01","CASCO ANTIGUO","DOS HERMANAS","EXTRANJEROS",4,4,8
" 01","CASCO ANTIGUO","DOS HERMANAS","TOTAL POBLACION",31,18,49
" 01","CASCO ANTIGUO","ECIJA","ESPAÑOLES",2,2,4
" 01","CASCO ANTIGUO","ECIJA","TOTAL POBLACION",2,2,4
" 01","CASCO ANTIGUO","ESPARTINAS","ESPAÑOLES",10,15,25
" 01","CASCO ANTIGUO","ESPARTINAS","EXTRANJEROS",2,4,6
" 01","CASCO ANTIGUO","ESPARTINAS","TOTAL POBLACION",12,19,31
" 01","CASCO ANTIGUO","ESTEPA","ESPAÑOLES",1,0,1
" 01","CASCO ANTIGUO","ESTEPA","TOTAL POBLACION",1,0,1
" 01","CASCO ANTIGUO","FUENTES DE ANDALUCIA","ESPAÑOLES",2,0,2
" 01","CASCO ANTIGUO","FUENTES DE ANDALUCIA","TOTAL POBLACION",2,0,2
" 01","CASCO ANTIGUO","GARROBO (EL)","ESPAÑOLES",0,2,2
" 01","CASCO ANTIGUO","GARROBO (EL)","TOTAL POBLACION",0,2,2
" 01","CASCO ANTIGUO","GELVES","ESPAÑOLES",7,9,16
" 01","CASCO ANTIGUO","GELVES","EXTRANJEROS",2,1,3
" 01","CASCO ANTIGUO","GELVES","TOTAL POBLACION",9,10,19
" 01","CASCO ANTIGUO","GERENA","ESPAÑOLES",3,4,7
" 01","CASCO ANTIGUO","GERENA","TOTAL POBLACION",3,4,7
" 01","CASCO ANTIGUO","GINES","ESPAÑOLES",6,13,19
" 01","CASCO ANTIGUO","GINES","TOTAL POBLACION",6,13,19
" 01","CASCO ANTIGUO","GUADALCANAL","ESPAÑOLES",1,0,1
" 01","CASCO ANTIGUO","GUADALCANAL","TOTAL POBLACION",1,0,1
" 01","CASCO ANTIGUO","GUILLENA","ESPAÑOLES",10,6,16
" 01","CASCO ANTIGUO","GUILLENA","EXTRANJEROS",2,2,4
" 01","CASCO ANTIGUO","GUILLENA","TOTAL POBLACION",12,8,20
" 01","CASCO ANTIGUO","HERRERA","ESPAÑOLES",0,1,1
" 01","CASCO ANTIGUO","HERRERA","TOTAL POBLACION",0,1,1
" 01","CASCO ANTIGUO","HUEVAR DEL ALJARAFE","ESPAÑOLES",1,0,1
" 01","CASCO ANTIGUO","HUEVAR DEL ALJARAFE","TOTAL POBLACION",1,0,1
" 01","CASCO ANTIGUO","ISLA MAYOR","ESPAÑOLES",0,1,1
" 01","CASCO ANTIGUO","ISLA MAYOR","TOTAL POBLACION",0,1,1
" 01","CASCO ANTIGUO","LEBRIJA","ESPAÑOLES",2,2,4
" 01","CASCO ANTIGUO","LEBRIJA","TOTAL POBLACION",2,2,4
" 01","CASCO ANTIGUO","LORA DEL RIO","ESPAÑOLES",1,1,2
" 01","CASCO ANTIGUO","LORA DEL RIO","TOTAL POBLACION",1,1,2
" 01","CASCO ANTIGUO","MAIRENA DEL ALCOR","ESPAÑOLES",5,6,11
" 01","CASCO ANTIGUO","MAIRENA DEL ALCOR","TOTAL POBLACION",5,6,11
" 01","CASCO ANTIGUO","MAIRENA DEL ALJARAFE","ESPAÑOLES",41,43,84
" 01","CASCO ANTIGUO","MAIRENA DEL ALJARAFE","EXTRANJEROS",3,4,7
" 01","CASCO ANTIGUO","MAIRENA DEL ALJARAFE","TOTAL POBLACION",44,47,91
" 01","CASCO ANTIGUO","MARCHENA","ESPAÑOLES",1,4,5
" 01","CASCO ANTIGUO","MARCHENA","TOTAL POBLACION",1,4,5
" 01","CASCO ANTIGUO","MORON DE LA FRONTERA","ESPAÑOLES",0,1,1
" 01","CASCO ANTIGUO","MORON DE LA FRONTERA","EXTRANJEROS",2,1,3
" 01","CASCO ANTIGUO","MORON DE LA FRONTERA","TOTAL POBLACION",2,2,4
" 01","CASCO ANTIGUO","NAVAS DE LA CONCEPCION (LAS)","ESPAÑOLES",0,2,2
" 01","CASCO ANTIGUO","NAVAS DE LA CONCEPCION (LAS)","TOTAL POBLACION",0,2,2
" 01","CASCO ANTIGUO","OLIVARES","ESPAÑOLES",0,4,4
" 01","CASCO ANTIGUO","OLIVARES","TOTAL POBLACION",0,4,4
" 01","CASCO ANTIGUO","OSUNA","ESPAÑOLES",1,0,1
" 01","CASCO ANTIGUO","OSUNA","TOTAL POBLACION",1,0,1
" 01","CASCO ANTIGUO","PALACIOS Y VILLAFRANCA (LOS)","ESPAÑOLES",2,1,3
" 01","CASCO ANTIGUO","PALACIOS Y VILLAFRANCA (LOS)","TOTAL POBLACION",2,1,3
" 01","CASCO ANTIGUO","PALOMARES DEL RIO","ESPAÑOLES",4,3,7
" 01","CASCO ANTIGUO","PALOMARES DEL RIO","TOTAL POBLACION",4,3,7
" 01","CASCO ANTIGUO","PILAS","ESPAÑOLES",3,2,5
" 01","CASCO ANTIGUO","PILAS","TOTAL POBLACION",3,2,5
" 01","CASCO ANTIGUO","PUEBLA DE LOS INFANTES (LA)","ESPAÑOLES",1,1,2
" 01","CASCO ANTIGUO","PUEBLA DE LOS INFANTES (LA)","TOTAL POBLACION",1,1,2
" 01","CASCO ANTIGUO","PUEBLA DEL RIO (LA)","ESPAÑOLES",2,0,2
" 01","CASCO ANTIGUO","PUEBLA DEL RIO (LA)","TOTAL POBLACION",2,0,2
" 01","CASCO ANTIGUO","REAL DE LA JARA (EL)","ESPAÑOLES",1,0,1
" 01","CASCO ANTIGUO","REAL DE LA JARA (EL)","TOTAL POBLACION",1,0,1
" 01","CASCO ANTIGUO","RINCONADA (LA)","ESPAÑOLES",9,6,15
" 01","CASCO ANTIGUO","RINCONADA (LA)","EXTRANJEROS",0,1,1
" 01","CASCO ANTIGUO","RINCONADA (LA)","TOTAL POBLACION",9,7,16
" 01","CASCO ANTIGUO","SALTERAS","ESPAÑOLES",2,2,4
" 01","CASCO ANTIGUO","SALTERAS","TOTAL POBLACION",2,2,4
" 01","CASCO ANTIGUO","SAN JUAN DE AZNALFARACHE","ESPAÑOLES",9,9,18
" 01","CASCO ANTIGUO","SAN JUAN DE AZNALFARACHE","EXTRANJEROS",0,3,3
" 01","CASCO ANTIGUO","SAN JUAN DE AZNALFARACHE","TOTAL POBLACION",9,12,21
" 01","CASCO ANTIGUO","SANLUCAR LA MAYOR","ESPAÑOLES",9,9,18
" 01","CASCO ANTIGUO","SANLUCAR LA MAYOR","TOTAL POBLACION",9,9,18
" 01","CASCO ANTIGUO","SANTIPONCE","ESPAÑOLES",1,0,1
" 01","CASCO ANTIGUO","SANTIPONCE","EXTRANJEROS",0,3,3
" 01","CASCO ANTIGUO","SANTIPONCE","TOTAL POBLACION",1,3,4
" 01","CASCO ANTIGUO","TOCINA","ESPAÑOLES",2,1,3
" 01","CASCO ANTIGUO","TOCINA","EXTRANJEROS",0,1,1
" 01","CASCO ANTIGUO","TOCINA","TOTAL POBLACION",2,2,4
" 01","CASCO ANTIGUO","TOMARES","ESPAÑOLES",30,24,54
" 01","CASCO ANTIGUO","TOMARES","EXTRANJEROS",3,2,5
" 01","CASCO ANTIGUO","TOMARES","TOTAL POBLACION",33,26,59
" 01","CASCO ANTIGUO","UMBRETE","ESPAÑOLES",5,5,10
" 01","CASCO ANTIGUO","UMBRETE","TOTAL POBLACION",5,5,10
" 01","CASCO ANTIGUO","UTRERA","ESPAÑOLES",6,6,12
" 01","CASCO ANTIGUO","UTRERA","EXTRANJEROS",2,3,5
" 01","CASCO ANTIGUO","UTRERA","TOTAL POBLACION",8,9,17
" 01","CASCO ANTIGUO","VALENCINA DE LA CONCEPCION","ESPAÑOLES",4,10,14
" 01","CASCO ANTIGUO","VALENCINA DE LA CONCEPCION","EXTRANJEROS",3,3,6
" 01","CASCO ANTIGUO","VALENCINA DE LA CONCEPCION","TOTAL POBLACION",7,13,20
" 01","CASCO ANTIGUO","VILLAMANRIQUE DE LA CONDESA","ESPAÑOLES",0,1,1
" 01","CASCO ANTIGUO","VILLAMANRIQUE DE LA CONDESA","TOTAL POBLACION",0,1,1
" 01","CASCO ANTIGUO","VILLANUEVA DEL ARISCAL","ESPAÑOLES",2,3,5
" 01","CASCO ANTIGUO","VILLANUEVA DEL ARISCAL","TOTAL POBLACION",2,3,5
" 01","CASCO ANTIGUO","VILLANUEVA DEL RIO Y MINAS","ESPAÑOLES",0,1,1
" 01","CASCO ANTIGUO","VILLANUEVA DEL RIO Y MINAS","TOTAL POBLACION",0,1,1
" 01","CASCO ANTIGUO","VILLAVERDE DEL RIO","ESPAÑOLES",3,3,6
" 01","CASCO ANTIGUO","VILLAVERDE DEL RIO","EXTRANJEROS",0,1,1
" 01","CASCO ANTIGUO","VILLAVERDE DEL RIO","TOTAL POBLACION",3,4,7
" 01","CASCO ANTIGUO","VISO DEL ALCOR (EL)","ESPAÑOLES",1,0,1
" 01","CASCO ANTIGUO","VISO DEL ALCOR (EL)","TOTAL POBLACION",1,0,1
" 02","MACARENA","- FUERA DE LA PROVINCIA DE SEVILLA","ESPAÑOLES",427,434,861
" 02","MACARENA","- FUERA DE LA PROVINCIA DE SEVILLA","EXTRANJEROS",159,125,284
" 02","MACARENA","- FUERA DE LA PROVINCIA DE SEVILLA","TOTAL POBLACION",586,559,1145
" 02","MACARENA","- PROVINCIA DE SEVILLA","ESPAÑOLES",406,433,839
" 02","MACARENA","- PROVINCIA DE SEVILLA","EXTRANJEROS",50,72,122
" 02","MACARENA","- PROVINCIA DE SEVILLA","TOTAL POBLACION",456,505,961
" 02","MACARENA","ALANIS","ESPAÑOLES",1,0,1
" 02","MACARENA","ALANIS","TOTAL POBLACION",1,0,1
" 02","MACARENA","ALCALA DE GUADAIRA","ESPAÑOLES",24,32,56
" 02","MACARENA","ALCALA DE GUADAIRA","EXTRANJEROS",3,5,8
" 02","MACARENA","ALCALA DE GUADAIRA","TOTAL POBLACION",27,37,64
" 02","MACARENA","ALCALA DEL RIO","ESPAÑOLES",11,10,21
" 02","MACARENA","ALCALA DEL RIO","TOTAL POBLACION",11,10,21
" 02","MACARENA","ALCOLEA DEL RIO","ESPAÑOLES",1,0,1
" 02","MACARENA","ALCOLEA DEL RIO","TOTAL POBLACION",1,0,1
" 02","MACARENA","ALGABA (LA)","ESPAÑOLES",12,15,27
" 02","MACARENA","ALGABA (LA)","EXTRANJEROS",1,1,2
" 02","MACARENA","ALGABA (LA)","TOTAL POBLACION",13,16,29
" 02","MACARENA","ALMADEN DE LA PLATA","ESPAÑOLES",2,3,5
" 02","MACARENA","ALMADEN DE LA PLATA","TOTAL POBLACION",2,3,5
" 02","MACARENA","ALMENSILLA","ESPAÑOLES",1,2,3
" 02","MACARENA","ALMENSILLA","EXTRANJEROS",1,0,1
" 02","MACARENA","ALMENSILLA","TOTAL POBLACION",2,2,4
" 02","MACARENA","AZNALCAZAR","ESPAÑOLES",0,1,1
" 02","MACARENA","AZNALCAZAR","TOTAL POBLACION",0,1,1
" 02","MACARENA","BENACAZON","ESPAÑOLES",1,0,1
" 02","MACARENA","BENACAZON","EXTRANJEROS",2,1,3
" 02","MACARENA","BENACAZON","TOTAL POBLACION",3,1,4
" 02","MACARENA","BOLLULLOS DE LA MITACION","ESPAÑOLES",4,4,8
" 02","MACARENA","BOLLULLOS DE LA MITACION","EXTRANJEROS",1,2,3
" 02","MACARENA","BOLLULLOS DE LA MITACION","TOTAL POBLACION",5,6,11
" 02","MACARENA","BORMUJOS","ESPAÑOLES",14,11,25
" 02","MACARENA","BORMUJOS","EXTRANJEROS",0,1,1
" 02","MACARENA","BORMUJOS","TOTAL POBLACION",14,12,26
" 02","MACARENA","BRENES","ESPAÑOLES",6,8,14
" 02","MACARENA","BRENES","EXTRANJEROS",1,0,1
" 02","MACARENA","BRENES","TOTAL POBLACION",7,8,15
" 02","MACARENA","BURGUILLOS","ESPAÑOLES",7,8,15
" 02","MACARENA","BURGUILLOS","TOTAL POBLACION",7,8,15
" 02","MACARENA","CABEZAS DE SAN JUAN (LAS)","ESPAÑOLES",2,3,5
" 02","MACARENA","CABEZAS DE SAN JUAN (LAS)","EXTRANJEROS",0,2,2
" 02","MACARENA","CABEZAS DE SAN JUAN (LAS)","TOTAL POBLACION",2,5,7
" 02","MACARENA","CAMAS","ESPAÑOLES",21,15,36
" 02","MACARENA","CAMAS","EXTRANJEROS",7,8,15
" 02","MACARENA","CAMAS","TOTAL POBLACION",28,23,51
" 02","MACARENA","CAMPANA (LA)","ESPAÑOLES",4,3,7
" 02","MACARENA","CAMPANA (LA)","TOTAL POBLACION",4,3,7
" 02","MACARENA","CANTILLANA","ESPAÑOLES",1,3,4
" 02","MACARENA","CANTILLANA","EXTRANJEROS",0,1,1
" 02","MACARENA","CANTILLANA","TOTAL POBLACION",1,4,5
" 02","MACARENA","CAÑADA ROSAL","ESPAÑOLES",2,1,3
" 02","MACARENA","CAÑADA ROSAL","TOTAL POBLACION",2,1,3
" 02","MACARENA","CARMONA","ESPAÑOLES",8,10,18
" 02","MACARENA","CARMONA","EXTRANJEROS",0,1,1
" 02","MACARENA","CARMONA","TOTAL POBLACION",8,11,19
" 02","MACARENA","CARRION DE LOS CESPEDES","ESPAÑOLES",3,1,4
" 02","MACARENA","CARRION DE LOS CESPEDES","EXTRANJEROS",0,1,1
" 02","MACARENA","CARRION DE LOS CESPEDES","TOTAL POBLACION",3,2,5
" 02","MACARENA","CASTILBLANCO DE LOS ARROYOS","ESPAÑOLES",4,2,6
" 02","MACARENA","CASTILBLANCO DE LOS ARROYOS","TOTAL POBLACION",4,2,6
" 02","MACARENA","CASTILLEJA DE GUZMAN","EXTRANJEROS",1,0,1
" 02","MACARENA","CASTILLEJA DE GUZMAN","TOTAL POBLACION",1,0,1
" 02","MACARENA","CASTILLEJA DE LA CUESTA","ESPAÑOLES",12,17,29
" 02","MACARENA","CASTILLEJA DE LA CUESTA","EXTRANJEROS",3,3,6
" 02","MACARENA","CASTILLEJA DE LA CUESTA","TOTAL POBLACION",15,20,35
" 02","MACARENA","CASTILLO DE LAS GUARDAS (EL)","ESPAÑOLES",1,1,2
" 02","MACARENA","CASTILLO DE LAS GUARDAS (EL)","TOTAL POBLACION",1,1,2
" 02","MACARENA","CONSTANTINA","ESPAÑOLES",2,2,4
" 02","MACARENA","CONSTANTINA","TOTAL POBLACION",2,2,4
" 02","MACARENA","CORIA DEL RIO","ESPAÑOLES",8,16,24
" 02","MACARENA","CORIA DEL RIO","TOTAL POBLACION",8,16,24
" 02","MACARENA","CORONIL (EL)","ESPAÑOLES",0,1,1
" 02","MACARENA","CORONIL (EL)","TOTAL POBLACION",0,1,1
" 02","MACARENA","DOS HERMANAS","ESPAÑOLES",43,33,76
" 02","MACARENA","DOS HERMANAS","EXTRANJEROS",5,5,10
" 02","MACARENA","DOS HERMANAS","TOTAL POBLACION",48,38,86
" 02","MACARENA","ECIJA","ESPAÑOLES",1,4,5
" 02","MACARENA","ECIJA","EXTRANJEROS",1,2,3
" 02","MACARENA","ECIJA","TOTAL POBLACION",2,6,8
" 02","MACARENA","ESPARTINAS","ESPAÑOLES",13,15,28
" 02","MACARENA","ESPARTINAS","EXTRANJEROS",0,1,1
" 02","MACARENA","ESPARTINAS","TOTAL POBLACION",13,16,29
" 02","MACARENA","ESTEPA","ESPAÑOLES",1,0,1
" 02","MACARENA","ESTEPA","EXTRANJEROS",1,0,1
" 02","MACARENA","ESTEPA","TOTAL POBLACION",2,0,2
" 02","MACARENA","GARROBO (EL)","EXTRANJEROS",1,2,3
" 02","MACARENA","GARROBO (EL)","TOTAL POBLACION",1,2,3
" 02","MACARENA","GELVES","ESPAÑOLES",5,6,11
" 02","MACARENA","GELVES","TOTAL POBLACION",5,6,11
" 02","MACARENA","GERENA","ESPAÑOLES",3,5,8
" 02","MACARENA","GERENA","EXTRANJEROS",1,0,1
" 02","MACARENA","GERENA","TOTAL POBLACION",4,5,9
" 02","MACARENA","GINES","ESPAÑOLES",9,7,16
" 02","MACARENA","GINES","TOTAL POBLACION",9,7,16
" 02","MACARENA","GUADALCANAL","ESPAÑOLES",1,0,1
" 02","MACARENA","GUADALCANAL","TOTAL POBLACION",1,0,1
" 02","MACARENA","GUILLENA","ESPAÑOLES",13,8,21
" 02","MACARENA","GUILLENA","TOTAL POBLACION",13,8,21
" 02","MACARENA","HERRERA","ESPAÑOLES",1,0,1
" 02","MACARENA","HERRERA","TOTAL POBLACION",1,0,1
" 02","MACARENA","HUEVAR DEL ALJARAFE","ESPAÑOLES",2,1,3
" 02","MACARENA","HUEVAR DEL ALJARAFE","TOTAL POBLACION",2,1,3
" 02","MACARENA","ISLA MAYOR","ESPAÑOLES",0,1,1
" 02","MACARENA","ISLA MAYOR","TOTAL POBLACION",0,1,1
" 02","MACARENA","LEBRIJA","ESPAÑOLES",2,2,4
" 02","MACARENA","LEBRIJA","EXTRANJEROS",1,0,1
" 02","MACARENA","LEBRIJA","TOTAL POBLACION",3,2,5
" 02","MACARENA","LORA DEL RIO","ESPAÑOLES",5,5,10
" 02","MACARENA","LORA DEL RIO","TOTAL POBLACION",5,5,10
" 02","MACARENA","LUISIANA (LA)","ESPAÑOLES",1,1,2
" 02","MACARENA","LUISIANA (LA)","TOTAL POBLACION",1,1,2
" 02","MACARENA","MADROÑO (EL)","ESPAÑOLES",0,1,1
" 02","MACARENA","MADROÑO (EL)","TOTAL POBLACION",0,1,1
" 02","MACARENA","MAIRENA DEL ALCOR","ESPAÑOLES",5,9,14
" 02","MACARENA","MAIRENA DEL ALCOR","EXTRANJEROS",2,0,2
" 02","MACARENA","MAIRENA DEL ALCOR","TOTAL POBLACION",7,9,16
" 02","MACARENA","MAIRENA DEL ALJARAFE","ESPAÑOLES",31,42,73
" 02","MACARENA","MAIRENA DEL ALJARAFE","EXTRANJEROS",8,7,15
" 02","MACARENA","MAIRENA DEL ALJARAFE","TOTAL POBLACION",39,49,88
" 02","MACARENA","MARCHENA","ESPAÑOLES",1,0,1
" 02","MACARENA","MARCHENA","TOTAL POBLACION",1,0,1
" 02","MACARENA","MORON DE LA FRONTERA","ESPAÑOLES",1,1,2
" 02","MACARENA","MORON DE LA FRONTERA","TOTAL POBLACION",1,1,2
" 02","MACARENA","OLIVARES","ESPAÑOLES",3,1,4
" 02","MACARENA","OLIVARES","TOTAL POBLACION",3,1,4
" 02","MACARENA","OSUNA","ESPAÑOLES",1,0,1
" 02","MACARENA","OSUNA","TOTAL POBLACION",1,0,1
" 02","MACARENA","PALACIOS Y VILLAFRANCA (LOS)","ESPAÑOLES",5,2,7
" 02","MACARENA","PALACIOS Y VILLAFRANCA (LOS)","EXTRANJEROS",0,1,1
" 02","MACARENA","PALACIOS Y VILLAFRANCA (LOS)","TOTAL POBLACION",5,3,8
" 02","MACARENA","PALOMARES DEL RIO","ESPAÑOLES",1,3,4
" 02","MACARENA","PALOMARES DEL RIO","EXTRANJEROS",0,1,1
" 02","MACARENA","PALOMARES DEL RIO","TOTAL POBLACION",1,4,5
" 02","MACARENA","PARADAS","ESPAÑOLES",0,1,1
" 02","MACARENA","PARADAS","TOTAL POBLACION",0,1,1
" 02","MACARENA","PEDROSO (EL)","ESPAÑOLES",2,1,3
" 02","MACARENA","PEDROSO (EL)","TOTAL POBLACION",2,1,3
" 02","MACARENA","PEÑAFLOR","ESPAÑOLES",0,3,3
" 02","MACARENA","PEÑAFLOR","TOTAL POBLACION",0,3,3
" 02","MACARENA","PILAS","ESPAÑOLES",2,3,5
" 02","MACARENA","PILAS","EXTRANJEROS",0,1,1
" 02","MACARENA","PILAS","TOTAL POBLACION",2,4,6
" 02","MACARENA","PRUNA","ESPAÑOLES",1,1,2
" 02","MACARENA","PRUNA","TOTAL POBLACION",1,1,2
" 02","MACARENA","PUEBLA DE CAZALLA (LA)","ESPAÑOLES",1,0,1
" 02","MACARENA","PUEBLA DE CAZALLA (LA)","TOTAL POBLACION",1,0,1
" 02","MACARENA","PUEBLA DE LOS INFANTES (LA)","ESPAÑOLES",2,2,4
" 02","MACARENA","PUEBLA DE LOS INFANTES (LA)","EXTRANJEROS",0,1,1
" 02","MACARENA","PUEBLA DE LOS INFANTES (LA)","TOTAL POBLACION",2,3,5
" 02","MACARENA","PUEBLA DEL RIO (LA)","ESPAÑOLES",3,1,4
" 02","MACARENA","PUEBLA DEL RIO (LA)","EXTRANJEROS",2,1,3
" 02","MACARENA","PUEBLA DEL RIO (LA)","TOTAL POBLACION",5,2,7
" 02","MACARENA","REAL DE LA JARA (EL)","ESPAÑOLES",1,0,1
" 02","MACARENA","REAL DE LA JARA (EL)","TOTAL POBLACION",1,0,1
" 02","MACARENA","RINCONADA (LA)","ESPAÑOLES",23,30,53
" 02","MACARENA","RINCONADA (LA)","EXTRANJEROS",0,5,5
" 02","MACARENA","RINCONADA (LA)","TOTAL POBLACION",23,35,58
" 02","MACARENA","RONQUILLO (EL)","ESPAÑOLES",3,2,5
" 02","MACARENA","RONQUILLO (EL)","TOTAL POBLACION",3,2,5
" 02","MACARENA","SALTERAS","ESPAÑOLES",5,7,12
" 02","MACARENA","SALTERAS","EXTRANJEROS",1,1,2
" 02","MACARENA","SALTERAS","TOTAL POBLACION",6,8,14
" 02","MACARENA","SAN JUAN DE AZNALFARACHE","ESPAÑOLES",11,8,19
" 02","MACARENA","SAN JUAN DE AZNALFARACHE","EXTRANJEROS",3,9,12
" 02","MACARENA","SAN JUAN DE AZNALFARACHE","TOTAL POBLACION",14,17,31
" 02","MACARENA","SANLUCAR LA MAYOR","ESPAÑOLES",7,7,14
" 02","MACARENA","SANLUCAR LA MAYOR","EXTRANJEROS",1,2,3
" 02","MACARENA","SANLUCAR LA MAYOR","TOTAL POBLACION",8,9,17
" 02","MACARENA","SANTIPONCE","ESPAÑOLES",9,13,22
" 02","MACARENA","SANTIPONCE","EXTRANJEROS",2,1,3
" 02","MACARENA","SANTIPONCE","TOTAL POBLACION",11,14,25
" 02","MACARENA","TOCINA","ESPAÑOLES",3,2,5
" 02","MACARENA","TOCINA","TOTAL POBLACION",3,2,5
" 02","MACARENA","TOMARES","ESPAÑOLES",6,5,11
" 02","MACARENA","TOMARES","EXTRANJEROS",0,3,3
" 02","MACARENA","TOMARES","TOTAL POBLACION",6,8,14
" 02","MACARENA","UMBRETE","ESPAÑOLES",6,8,14
" 02","MACARENA","UMBRETE","EXTRANJEROS",1,1,2
" 02","MACARENA","UMBRETE","TOTAL POBLACION",7,9,16
" 02","MACARENA","UTRERA","ESPAÑOLES",3,7,10
" 02","MACARENA","UTRERA","EXTRANJEROS",0,1,1
" 02","MACARENA","UTRERA","TOTAL POBLACION",3,8,11
" 02","MACARENA","VALENCINA DE LA CONCEPCION","ESPAÑOLES",7,5,12
" 02","MACARENA","VALENCINA DE LA CONCEPCION","EXTRANJEROS",0,1,1
" 02","MACARENA","VALENCINA DE LA CONCEPCION","TOTAL POBLACION",7,6,13
" 02","MACARENA","VILLAMANRIQUE DE LA CONDESA","ESPAÑOLES",1,0,1
" 02","MACARENA","VILLAMANRIQUE DE LA CONDESA","TOTAL POBLACION",1,0,1
" 02","MACARENA","VILLANUEVA DE SAN JUAN","ESPAÑOLES",3,1,4
" 02","MACARENA","VILLANUEVA DE SAN JUAN","TOTAL POBLACION",3,1,4
" 02","MACARENA","VILLANUEVA DEL ARISCAL","ESPAÑOLES",2,4,6
" 02","MACARENA","VILLANUEVA DEL ARISCAL","TOTAL POBLACION",2,4,6
" 02","MACARENA","VILLANUEVA DEL RIO Y MINAS","ESPAÑOLES",3,3,6
" 02","MACARENA","VILLANUEVA DEL RIO Y MINAS","TOTAL POBLACION",3,3,6
" 02","MACARENA","VISO DEL ALCOR (EL)","ESPAÑOLES",2,3,5
" 02","MACARENA","VISO DEL ALCOR (EL)","TOTAL POBLACION",2,3,5
" 03","NERVION","- FUERA DE LA PROVINCIA DE SEVILLA","ESPAÑOLES",324,322,646
" 03","NERVION","- FUERA DE LA PROVINCIA DE SEVILLA","EXTRANJEROS",35,45,80
" 03","NERVION","- FUERA DE LA PROVINCIA DE SEVILLA","TOTAL POBLACION",359,367,726
" 03","NERVION","- PROVINCIA DE SEVILLA","ESPAÑOLES",193,238,431
" 03","NERVION","- PROVINCIA DE SEVILLA","EXTRANJEROS",20,17,37
" 03","NERVION","- PROVINCIA DE SEVILLA","TOTAL POBLACION",213,255,468
" 03","NERVION","ALCALA DE GUADAIRA","ESPAÑOLES",14,25,39
" 03","NERVION","ALCALA DE GUADAIRA","EXTRANJEROS",4,2,6
" 03","NERVION","ALCALA DE GUADAIRA","TOTAL POBLACION",18,27,45
" 03","NERVION","ALCALA DEL RIO","ESPAÑOLES",0,2,2
" 03","NERVION","ALCALA DEL RIO","TOTAL POBLACION",0,2,2
" 03","NERVION","ALCOLEA DEL RIO","ESPAÑOLES",0,1,1
" 03","NERVION","ALCOLEA DEL RIO","TOTAL POBLACION",0,1,1
" 03","NERVION","ALGABA (LA)","ESPAÑOLES",2,3,5
" 03","NERVION","ALGABA (LA)","EXTRANJEROS",1,0,1
" 03","NERVION","ALGABA (LA)","TOTAL POBLACION",3,3,6
" 03","NERVION","ALMADEN DE LA PLATA","ESPAÑOLES",0,1,1
" 03","NERVION","ALMADEN DE LA PLATA","TOTAL POBLACION",0,1,1
" 03","NERVION","ALMENSILLA","ESPAÑOLES",0,1,1
" 03","NERVION","ALMENSILLA","TOTAL POBLACION",0,1,1
" 03","NERVION","ARAHAL (EL)","ESPAÑOLES",1,4,5
" 03","NERVION","ARAHAL (EL)","TOTAL POBLACION",1,4,5
" 03","NERVION","AZNALCAZAR","ESPAÑOLES",2,1,3
" 03","NERVION","AZNALCAZAR","TOTAL POBLACION",2,1,3
" 03","NERVION","AZNALCOLLAR","ESPAÑOLES",4,1,5
" 03","NERVION","AZNALCOLLAR","TOTAL POBLACION",4,1,5
" 03","NERVION","BOLLULLOS DE LA MITACION","ESPAÑOLES",7,9,16
" 03","NERVION","BOLLULLOS DE LA MITACION","EXTRANJEROS",1,2,3
" 03","NERVION","BOLLULLOS DE LA MITACION","TOTAL POBLACION",8,11,19
" 03","NERVION","BORMUJOS","ESPAÑOLES",9,9,18
" 03","NERVION","BORMUJOS","TOTAL POBLACION",9,9,18
" 03","NERVION","BRENES","ESPAÑOLES",1,3,4
" 03","NERVION","BRENES","TOTAL POBLACION",1,3,4
" 03","NERVION","BURGUILLOS","ESPAÑOLES",2,1,3
" 03","NERVION","BURGUILLOS","TOTAL POBLACION",2,1,3
" 03","NERVION","CAMAS","ESPAÑOLES",9,8,17
" 03","NERVION","CAMAS","EXTRANJEROS",1,1,2
" 03","NERVION","CAMAS","TOTAL POBLACION",10,9,19
" 03","NERVION","CAMPANA (LA)","ESPAÑOLES",0,1,1
" 03","NERVION","CAMPANA (LA)","EXTRANJEROS",3,1,4
" 03","NERVION","CAMPANA (LA)","TOTAL POBLACION",3,2,5
" 03","NERVION","CANTILLANA","ESPAÑOLES",1,0,1
" 03","NERVION","CANTILLANA","TOTAL POBLACION",1,0,1
" 03","NERVION","CARMONA","ESPAÑOLES",2,3,5
" 03","NERVION","CARMONA","EXTRANJEROS",1,0,1
" 03","NERVION","CARMONA","TOTAL POBLACION",3,3,6
" 03","NERVION","CARRION DE LOS CESPEDES","ESPAÑOLES",1,0,1
" 03","NERVION","CARRION DE LOS CESPEDES","TOTAL POBLACION",1,0,1
" 03","NERVION","CASARICHE","ESPAÑOLES",1,0,1
" 03","NERVION","CASARICHE","TOTAL POBLACION",1,0,1
" 03","NERVION","CASTILBLANCO DE LOS ARROYOS","ESPAÑOLES",2,2,4
" 03","NERVION","CASTILBLANCO DE LOS ARROYOS","TOTAL POBLACION",2,2,4
" 03","NERVION","CASTILLEJA DE GUZMAN","ESPAÑOLES",1,1,2
" 03","NERVION","CASTILLEJA DE GUZMAN","TOTAL POBLACION",1,1,2
" 03","NERVION","CASTILLEJA DE LA CUESTA","ESPAÑOLES",3,5,8
" 03","NERVION","CASTILLEJA DE LA CUESTA","TOTAL POBLACION",3,5,8
" 03","NERVION","CAZALLA DE LA SIERRA","ESPAÑOLES",1,0,1
" 03","NERVION","CAZALLA DE LA SIERRA","TOTAL POBLACION",1,0,1
" 03","NERVION","CONSTANTINA","ESPAÑOLES",0,1,1
" 03","NERVION","CONSTANTINA","TOTAL POBLACION",0,1,1
" 03","NERVION","CORIA DEL RIO","ESPAÑOLES",2,3,5
" 03","NERVION","CORIA DEL RIO","EXTRANJEROS",0,1,1
" 03","NERVION","CORIA DEL RIO","TOTAL POBLACION",2,4,6
" 03","NERVION","CORIPE","ESPAÑOLES",1,0,1
" 03","NERVION","CORIPE","TOTAL POBLACION",1,0,1
" 03","NERVION","DOS HERMANAS","ESPAÑOLES",26,39,65
" 03","NERVION","DOS HERMANAS","EXTRANJEROS",4,3,7
" 03","NERVION","DOS HERMANAS","TOTAL POBLACION",30,42,72
" 03","NERVION","ECIJA","ESPAÑOLES",3,0,3
" 03","NERVION","ECIJA","TOTAL POBLACION",3,0,3
" 03","NERVION","ESPARTINAS","ESPAÑOLES",2,9,11
" 03","NERVION","ESPARTINAS","TOTAL POBLACION",2,9,11
" 03","NERVION","ESTEPA","ESPAÑOLES",2,2,4
" 03","NERVION","ESTEPA","TOTAL POBLACION",2,2,4
" 03","NERVION","GELVES","ESPAÑOLES",5,3,8
" 03","NERVION","GELVES","EXTRANJEROS",0,1,1
" 03","NERVION","GELVES","TOTAL POBLACION",5,4,9
" 03","NERVION","GERENA","ESPAÑOLES",2,0,2
" 03","NERVION","GERENA","TOTAL POBLACION",2,0,2
" 03","NERVION","GINES","ESPAÑOLES",5,4,9
" 03","NERVION","GINES","EXTRANJEROS",1,2,3
" 03","NERVION","GINES","TOTAL POBLACION",6,6,12
" 03","NERVION","GUILLENA","ESPAÑOLES",4,1,5
" 03","NERVION","GUILLENA","TOTAL POBLACION",4,1,5
" 03","NERVION","HERRERA","ESPAÑOLES",1,1,2
" 03","NERVION","HERRERA","TOTAL POBLACION",1,1,2
" 03","NERVION","HUEVAR DEL ALJARAFE","ESPAÑOLES",1,3,4
" 03","NERVION","HUEVAR DEL ALJARAFE","TOTAL POBLACION",1,3,4
" 03","NERVION","LANTEJUELA (LA)","ESPAÑOLES",1,0,1
" 03","NERVION","LANTEJUELA (LA)","TOTAL POBLACION",1,0,1
" 03","NERVION","LEBRIJA","ESPAÑOLES",0,1,1
" 03","NERVION","LEBRIJA","TOTAL POBLACION",0,1,1
" 03","NERVION","LORA DEL RIO","ESPAÑOLES",0,1,1
" 03","NERVION","LORA DEL RIO","TOTAL POBLACION",0,1,1
" 03","NERVION","LUISIANA (LA)","ESPAÑOLES",1,0,1
" 03","NERVION","LUISIANA (LA)","TOTAL POBLACION",1,0,1
" 03","NERVION","MAIRENA DEL ALCOR","ESPAÑOLES",3,8,11
" 03","NERVION","MAIRENA DEL ALCOR","EXTRANJEROS",1,0,1
" 03","NERVION","MAIRENA DEL ALCOR","TOTAL POBLACION",4,8,12
" 03","NERVION","MAIRENA DEL ALJARAFE","ESPAÑOLES",23,23,46
" 03","NERVION","MAIRENA DEL ALJARAFE","EXTRANJEROS",1,2,3
" 03","NERVION","MAIRENA DEL ALJARAFE","TOTAL POBLACION",24,25,49
" 03","NERVION","MARCHENA","ESPAÑOLES",1,0,1
" 03","NERVION","MARCHENA","TOTAL POBLACION",1,0,1
" 03","NERVION","MOLARES (LOS)","ESPAÑOLES",1,0,1
" 03","NERVION","MOLARES (LOS)","TOTAL POBLACION",1,0,1
" 03","NERVION","MORON DE LA FRONTERA","ESPAÑOLES",2,4,6
" 03","NERVION","MORON DE LA FRONTERA","TOTAL POBLACION",2,4,6
" 03","NERVION","OLIVARES","ESPAÑOLES",1,2,3
" 03","NERVION","OLIVARES","TOTAL POBLACION",1,2,3
" 03","NERVION","OSUNA","ESPAÑOLES",1,0,1
" 03","NERVION","OSUNA","TOTAL POBLACION",1,0,1
" 03","NERVION","PALACIOS Y VILLAFRANCA (LOS)","ESPAÑOLES",0,3,3
" 03","NERVION","PALACIOS Y VILLAFRANCA (LOS)","TOTAL POBLACION",0,3,3
" 03","NERVION","PEÑAFLOR","ESPAÑOLES",2,1,3
" 03","NERVION","PEÑAFLOR","TOTAL POBLACION",2,1,3
" 03","NERVION","PILAS","ESPAÑOLES",2,1,3
" 03","NERVION","PILAS","EXTRANJEROS",1,0,1
" 03","NERVION","PILAS","TOTAL POBLACION",3,1,4
" 03","NERVION","PUEBLA DEL RIO (LA)","ESPAÑOLES",1,0,1
" 03","NERVION","PUEBLA DEL RIO (LA)","TOTAL POBLACION",1,0,1
" 03","NERVION","RINCONADA (LA)","ESPAÑOLES",4,3,7
" 03","NERVION","RINCONADA (LA)","TOTAL POBLACION",4,3,7
" 03","NERVION","RUBIO (EL)","ESPAÑOLES",0,1,1
" 03","NERVION","RUBIO (EL)","TOTAL POBLACION",0,1,1
" 03","NERVION","SALTERAS","ESPAÑOLES",1,1,2
" 03","NERVION","SALTERAS","TOTAL POBLACION",1,1,2
" 03","NERVION","SAN JUAN DE AZNALFARACHE","ESPAÑOLES",1,3,4
" 03","NERVION","SAN JUAN DE AZNALFARACHE","EXTRANJEROS",1,1,2
" 03","NERVION","SAN JUAN DE AZNALFARACHE","TOTAL POBLACION",2,4,6
" 03","NERVION","SANLUCAR LA MAYOR","ESPAÑOLES",3,2,5
" 03","NERVION","SANLUCAR LA MAYOR","TOTAL POBLACION",3,2,5
" 03","NERVION","SANTIPONCE","ESPAÑOLES",0,1,1
" 03","NERVION","SANTIPONCE","TOTAL POBLACION",0,1,1
" 03","NERVION","TOCINA","ESPAÑOLES",1,5,6
" 03","NERVION","TOCINA","TOTAL POBLACION",1,5,6
" 03","NERVION","TOMARES","ESPAÑOLES",14,17,31
" 03","NERVION","TOMARES","TOTAL POBLACION",14,17,31
" 03","NERVION","UMBRETE","ESPAÑOLES",0,3,3
" 03","NERVION","UMBRETE","TOTAL POBLACION",0,3,3
" 03","NERVION","UTRERA","ESPAÑOLES",2,1,3
" 03","NERVION","UTRERA","TOTAL POBLACION",2,1,3
" 03","NERVION","VALENCINA DE LA CONCEPCION","ESPAÑOLES",6,4,10
" 03","NERVION","VALENCINA DE LA CONCEPCION","EXTRANJEROS",0,1,1
" 03","NERVION","VALENCINA DE LA CONCEPCION","TOTAL POBLACION",6,5,11
" 03","NERVION","VILLANUEVA DEL ARISCAL","ESPAÑOLES",2,5,7
" 03","NERVION","VILLANUEVA DEL ARISCAL","TOTAL POBLACION",2,5,7
" 03","NERVION","VILLAVERDE DEL RIO","ESPAÑOLES",1,1,2
" 03","NERVION","VILLAVERDE DEL RIO","TOTAL POBLACION",1,1,2
" 03","NERVION","VISO DEL ALCOR (EL)","ESPAÑOLES",2,0,2
" 03","NERVION","VISO DEL ALCOR (EL)","TOTAL POBLACION",2,0,2
" 04","CERRO-AMATE","- FUERA DE LA PROVINCIA DE SEVILLA","ESPAÑOLES",363,340,703
" 04","CERRO-AMATE","- FUERA DE LA PROVINCIA DE SEVILLA","EXTRANJEROS",148,114,262
" 04","CERRO-AMATE","- FUERA DE LA PROVINCIA DE SEVILLA","TOTAL POBLACION",511,454,965
" 04","CERRO-AMATE","- PROVINCIA DE SEVILLA","ESPAÑOLES",501,526,1027
" 04","CERRO-AMATE","- PROVINCIA DE SEVILLA","EXTRANJEROS",49,61,110
" 04","CERRO-AMATE","- PROVINCIA DE SEVILLA","TOTAL POBLACION",550,587,1137
" 04","CERRO-AMATE","ALANIS","ESPAÑOLES",1,0,1
" 04","CERRO-AMATE","ALANIS","TOTAL POBLACION",1,0,1
" 04","CERRO-AMATE","ALBAIDA DEL ALJARAFE","ESPAÑOLES",0,2,2
" 04","CERRO-AMATE","ALBAIDA DEL ALJARAFE","TOTAL POBLACION",0,2,2
" 04","CERRO-AMATE","ALCALA DE GUADAIRA","ESPAÑOLES",62,67,129
" 04","CERRO-AMATE","ALCALA DE GUADAIRA","EXTRANJEROS",3,7,10
" 04","CERRO-AMATE","ALCALA DE GUADAIRA","TOTAL POBLACION",65,74,139
" 04","CERRO-AMATE","ALCALA DEL RIO","ESPAÑOLES",7,11,18
" 04","CERRO-AMATE","ALCALA DEL RIO","TOTAL POBLACION",7,11,18
" 04","CERRO-AMATE","ALGABA (LA)","ESPAÑOLES",10,10,20
" 04","CERRO-AMATE","ALGABA (LA)","EXTRANJEROS",2,0,2
" 04","CERRO-AMATE","ALGABA (LA)","TOTAL POBLACION",12,10,22
" 04","CERRO-AMATE","ALMADEN DE LA PLATA","ESPAÑOLES",0,4,4
" 04","CERRO-AMATE","ALMADEN DE LA PLATA","TOTAL POBLACION",0,4,4
" 04","CERRO-AMATE","ARAHAL (EL)","ESPAÑOLES",2,3,5
" 04","CERRO-AMATE","ARAHAL (EL)","TOTAL POBLACION",2,3,5
" 04","CERRO-AMATE","AZNALCAZAR","ESPAÑOLES",1,1,2
" 04","CERRO-AMATE","AZNALCAZAR","EXTRANJEROS",0,1,1
" 04","CERRO-AMATE","AZNALCAZAR","TOTAL POBLACION",1,2,3
" 04","CERRO-AMATE","AZNALCOLLAR","ESPAÑOLES",3,2,5
" 04","CERRO-AMATE","AZNALCOLLAR","EXTRANJEROS",0,1,1
" 04","CERRO-AMATE","AZNALCOLLAR","TOTAL POBLACION",3,3,6
" 04","CERRO-AMATE","BENACAZON","ESPAÑOLES",5,1,6
" 04","CERRO-AMATE","BENACAZON","TOTAL POBLACION",5,1,6
" 04","CERRO-AMATE","BOLLULLOS DE LA MITACION","ESPAÑOLES",4,5,9
" 04","CERRO-AMATE","BOLLULLOS DE LA MITACION","TOTAL POBLACION",4,5,9
" 04","CERRO-AMATE","BORMUJOS","ESPAÑOLES",14,10,24
" 04","CERRO-AMATE","BORMUJOS","EXTRANJEROS",2,2,4
" 04","CERRO-AMATE","BORMUJOS","TOTAL POBLACION",16,12,28
" 04","CERRO-AMATE","BRENES","ESPAÑOLES",2,0,2
" 04","CERRO-AMATE","BRENES","EXTRANJEROS",3,0,3
" 04","CERRO-AMATE","BRENES","TOTAL POBLACION",5,0,5
" 04","CERRO-AMATE","BURGUILLOS","ESPAÑOLES",4,6,10
" 04","CERRO-AMATE","BURGUILLOS","EXTRANJEROS",1,1,2
" 04","CERRO-AMATE","BURGUILLOS","TOTAL POBLACION",5,7,12
" 04","CERRO-AMATE","CABEZAS DE SAN JUAN (LAS)","ESPAÑOLES",2,1,3
" 04","CERRO-AMATE","CABEZAS DE SAN JUAN (LAS)","TOTAL POBLACION",2,1,3
" 04","CERRO-AMATE","CAMAS","ESPAÑOLES",19,14,33
" 04","CERRO-AMATE","CAMAS","EXTRANJEROS",4,4,8
" 04","CERRO-AMATE","CAMAS","TOTAL POBLACION",23,18,41
" 04","CERRO-AMATE","CAMPANA (LA)","ESPAÑOLES",2,0,2
" 04","CERRO-AMATE","CAMPANA (LA)","TOTAL POBLACION",2,0,2
" 04","CERRO-AMATE","CANTILLANA","ESPAÑOLES",5,5,10
" 04","CERRO-AMATE","CANTILLANA","TOTAL POBLACION",5,5,10
" 04","CERRO-AMATE","CARMONA","ESPAÑOLES",15,23,38
" 04","CERRO-AMATE","CARMONA","TOTAL POBLACION",15,23,38
" 04","CERRO-AMATE","CARRION DE LOS CESPEDES","ESPAÑOLES",1,2,3
" 04","CERRO-AMATE","CARRION DE LOS CESPEDES","TOTAL POBLACION",1,2,3
" 04","CERRO-AMATE","CASTILBLANCO DE LOS ARROYOS","ESPAÑOLES",7,8,15
" 04","CERRO-AMATE","CASTILBLANCO DE LOS ARROYOS","EXTRANJEROS",0,1,1
" 04","CERRO-AMATE","CASTILBLANCO DE LOS ARROYOS","TOTAL POBLACION",7,9,16
" 04","CERRO-AMATE","CASTILLEJA DE GUZMAN","ESPAÑOLES",5,1,6
" 04","CERRO-AMATE","CASTILLEJA DE GUZMAN","TOTAL POBLACION",5,1,6
" 04","CERRO-AMATE","CASTILLEJA DE LA CUESTA","ESPAÑOLES",7,10,17
" 04","CERRO-AMATE","CASTILLEJA DE LA CUESTA","EXTRANJEROS",1,1,2
" 04","CERRO-AMATE","CASTILLEJA DE LA CUESTA","TOTAL POBLACION",8,11,19
" 04","CERRO-AMATE","CASTILLO DE LAS GUARDAS (EL)","EXTRANJEROS",1,0,1
" 04","CERRO-AMATE","CASTILLO DE LAS GUARDAS (EL)","TOTAL POBLACION",1,0,1
" 04","CERRO-AMATE","CAZALLA DE LA SIERRA","ESPAÑOLES",1,0,1
" 04","CERRO-AMATE","CAZALLA DE LA SIERRA","TOTAL POBLACION",1,0,1
" 04","CERRO-AMATE","CONSTANTINA","ESPAÑOLES",0,1,1
" 04","CERRO-AMATE","CONSTANTINA","TOTAL POBLACION",0,1,1
" 04","CERRO-AMATE","CORIA DEL RIO","ESPAÑOLES",20,10,30
" 04","CERRO-AMATE","CORIA DEL RIO","EXTRANJEROS",3,1,4
" 04","CERRO-AMATE","CORIA DEL RIO","TOTAL POBLACION",23,11,34
" 04","CERRO-AMATE","CORONIL (EL)","ESPAÑOLES",0,1,1
" 04","CERRO-AMATE","CORONIL (EL)","TOTAL POBLACION",0,1,1
" 04","CERRO-AMATE","CUERVO DE SEVILLA (EL)","EXTRANJEROS",0,1,1
" 04","CERRO-AMATE","CUERVO DE SEVILLA (EL)","TOTAL POBLACION",0,1,1
" 04","CERRO-AMATE","DOS HERMANAS","ESPAÑOLES",102,118,220
" 04","CERRO-AMATE","DOS HERMANAS","EXTRANJEROS",11,10,21
" 04","CERRO-AMATE","DOS HERMANAS","TOTAL POBLACION",113,128,241
" 04","CERRO-AMATE","ECIJA","ESPAÑOLES",3,5,8
" 04","CERRO-AMATE","ECIJA","TOTAL POBLACION",3,5,8
" 04","CERRO-AMATE","ESPARTINAS","ESPAÑOLES",3,11,14
" 04","CERRO-AMATE","ESPARTINAS","EXTRANJEROS",0,2,2
" 04","CERRO-AMATE","ESPARTINAS","TOTAL POBLACION",3,13,16
" 04","CERRO-AMATE","ESTEPA","ESPAÑOLES",1,0,1
" 04","CERRO-AMATE","ESTEPA","TOTAL POBLACION",1,0,1
" 04","CERRO-AMATE","FUENTES DE ANDALUCIA","ESPAÑOLES",2,2,4
" 04","CERRO-AMATE","FUENTES DE ANDALUCIA","TOTAL POBLACION",2,2,4
" 04","CERRO-AMATE","GARROBO (EL)","ESPAÑOLES",0,2,2
" 04","CERRO-AMATE","GARROBO (EL)","TOTAL POBLACION",0,2,2
" 04","CERRO-AMATE","GELVES","ESPAÑOLES",1,4,5
" 04","CERRO-AMATE","GELVES","EXTRANJEROS",0,1,1
" 04","CERRO-AMATE","GELVES","TOTAL POBLACION",1,5,6
" 04","CERRO-AMATE","GERENA","ESPAÑOLES",4,8,12
" 04","CERRO-AMATE","GERENA","TOTAL POBLACION",4,8,12
" 04","CERRO-AMATE","GINES","ESPAÑOLES",3,3,6
" 04","CERRO-AMATE","GINES","EXTRANJEROS",1,1,2
" 04","CERRO-AMATE","GINES","TOTAL POBLACION",4,4,8
" 04","CERRO-AMATE","GUADALCANAL","ESPAÑOLES",0,1,1
" 04","CERRO-AMATE","GUADALCANAL","TOTAL POBLACION",0,1,1
" 04","CERRO-AMATE","GUILLENA","ESPAÑOLES",3,1,4
" 04","CERRO-AMATE","GUILLENA","TOTAL POBLACION",3,1,4
" 04","CERRO-AMATE","HUEVAR DEL ALJARAFE","ESPAÑOLES",5,1,6
" 04","CERRO-AMATE","HUEVAR DEL ALJARAFE","TOTAL POBLACION",5,1,6
" 04","CERRO-AMATE","LEBRIJA","ESPAÑOLES",6,2,8
" 04","CERRO-AMATE","LEBRIJA","TOTAL POBLACION",6,2,8
" 04","CERRO-AMATE","LORA DEL RIO","ESPAÑOLES",2,1,3
" 04","CERRO-AMATE","LORA DEL RIO","TOTAL POBLACION",2,1,3
" 04","CERRO-AMATE","MAIRENA DEL ALCOR","ESPAÑOLES",20,25,45
" 04","CERRO-AMATE","MAIRENA DEL ALCOR","TOTAL POBLACION",20,25,45
" 04","CERRO-AMATE","MAIRENA DEL ALJARAFE","ESPAÑOLES",21,28,49
" 04","CERRO-AMATE","MAIRENA DEL ALJARAFE","EXTRANJEROS",4,3,7
" 04","CERRO-AMATE","MAIRENA DEL ALJARAFE","TOTAL POBLACION",25,31,56
" 04","CERRO-AMATE","MARCHENA","ESPAÑOLES",4,2,6
" 04","CERRO-AMATE","MARCHENA","TOTAL POBLACION",4,2,6
" 04","CERRO-AMATE","MARTIN DE LA JARA","ESPAÑOLES",0,1,1
" 04","CERRO-AMATE","MARTIN DE LA JARA","TOTAL POBLACION",0,1,1
" 04","CERRO-AMATE","MOLARES (LOS)","ESPAÑOLES",1,1,2
" 04","CERRO-AMATE","MOLARES (LOS)","TOTAL POBLACION",1,1,2
" 04","CERRO-AMATE","MONTELLANO","ESPAÑOLES",3,3,6
" 04","CERRO-AMATE","MONTELLANO","EXTRANJEROS",1,0,1
" 04","CERRO-AMATE","MONTELLANO","TOTAL POBLACION",4,3,7
" 04","CERRO-AMATE","MORON DE LA FRONTERA","ESPAÑOLES",5,5,10
" 04","CERRO-AMATE","MORON DE LA FRONTERA","EXTRANJEROS",2,1,3
" 04","CERRO-AMATE","MORON DE LA FRONTERA","TOTAL POBLACION",7,6,13
" 04","CERRO-AMATE","NAVAS DE LA CONCEPCION (LAS)","ESPAÑOLES",0,1,1
" 04","CERRO-AMATE","NAVAS DE LA CONCEPCION (LAS)","TOTAL POBLACION",0,1,1
" 04","CERRO-AMATE","OLIVARES","ESPAÑOLES",4,4,8
" 04","CERRO-AMATE","OLIVARES","EXTRANJEROS",0,2,2
" 04","CERRO-AMATE","OLIVARES","TOTAL POBLACION",4,6,10
" 04","CERRO-AMATE","OSUNA","ESPAÑOLES",0,2,2
" 04","CERRO-AMATE","OSUNA","TOTAL POBLACION",0,2,2
" 04","CERRO-AMATE","PALACIOS Y VILLAFRANCA (LOS)","ESPAÑOLES",9,7,16
" 04","CERRO-AMATE","PALACIOS Y VILLAFRANCA (LOS)","EXTRANJEROS",0,2,2
" 04","CERRO-AMATE","PALACIOS Y VILLAFRANCA (LOS)","TOTAL POBLACION",9,9,18
" 04","CERRO-AMATE","PALOMARES DEL RIO","ESPAÑOLES",2,6,8
" 04","CERRO-AMATE","PALOMARES DEL RIO","EXTRANJEROS",0,1,1
" 04","CERRO-AMATE","PALOMARES DEL RIO","TOTAL POBLACION",2,7,9
" 04","CERRO-AMATE","PARADAS","ESPAÑOLES",2,1,3
" 04","CERRO-AMATE","PARADAS","TOTAL POBLACION",2,1,3
" 04","CERRO-AMATE","PILAS","ESPAÑOLES",4,3,7
" 04","CERRO-AMATE","PILAS","EXTRANJEROS",3,2,5
" 04","CERRO-AMATE","PILAS","TOTAL POBLACION",7,5,12
" 04","CERRO-AMATE","PUEBLA DE CAZALLA (LA)","ESPAÑOLES",2,1,3
" 04","CERRO-AMATE","PUEBLA DE CAZALLA (LA)","TOTAL POBLACION",2,1,3
" 04","CERRO-AMATE","PUEBLA DE LOS INFANTES (LA)","ESPAÑOLES",1,0,1
" 04","CERRO-AMATE","PUEBLA DE LOS INFANTES (LA)","TOTAL POBLACION",1,0,1
" 04","CERRO-AMATE","PUEBLA DEL RIO (LA)","ESPAÑOLES",5,2,7
" 04","CERRO-AMATE","PUEBLA DEL RIO (LA)","TOTAL POBLACION",5,2,7
" 04","CERRO-AMATE","REAL DE LA JARA (EL)","ESPAÑOLES",1,0,1
" 04","CERRO-AMATE","REAL DE LA JARA (EL)","TOTAL POBLACION",1,0,1
" 04","CERRO-AMATE","RINCONADA (LA)","ESPAÑOLES",19,18,37
" 04","CERRO-AMATE","RINCONADA (LA)","EXTRANJEROS",1,0,1
" 04","CERRO-AMATE","RINCONADA (LA)","TOTAL POBLACION",20,18,38
" 04","CERRO-AMATE","RONQUILLO (EL)","ESPAÑOLES",1,4,5
" 04","CERRO-AMATE","RONQUILLO (EL)","TOTAL POBLACION",1,4,5
" 04","CERRO-AMATE","RUBIO (EL)","ESPAÑOLES",1,0,1
" 04","CERRO-AMATE","RUBIO (EL)","TOTAL POBLACION",1,0,1
" 04","CERRO-AMATE","SALTERAS","ESPAÑOLES",1,4,5
" 04","CERRO-AMATE","SALTERAS","TOTAL POBLACION",1,4,5
" 04","CERRO-AMATE","SAN JUAN DE AZNALFARACHE","ESPAÑOLES",13,9,22
" 04","CERRO-AMATE","SAN JUAN DE AZNALFARACHE","EXTRANJEROS",3,9,12
" 04","CERRO-AMATE","SAN JUAN DE AZNALFARACHE","TOTAL POBLACION",16,18,34
" 04","CERRO-AMATE","SANLUCAR LA MAYOR","ESPAÑOLES",6,7,13
" 04","CERRO-AMATE","SANLUCAR LA MAYOR","EXTRANJEROS",1,1,2
" 04","CERRO-AMATE","SANLUCAR LA MAYOR","TOTAL POBLACION",7,8,15
" 04","CERRO-AMATE","SANTIPONCE","ESPAÑOLES",2,4,6
" 04","CERRO-AMATE","SANTIPONCE","EXTRANJEROS",0,1,1
" 04","CERRO-AMATE","SANTIPONCE","TOTAL POBLACION",2,5,7
" 04","CERRO-AMATE","TOCINA","ESPAÑOLES",2,3,5
" 04","CERRO-AMATE","TOCINA","TOTAL POBLACION",2,3,5
" 04","CERRO-AMATE","TOMARES","ESPAÑOLES",8,5,13
" 04","CERRO-AMATE","TOMARES","TOTAL POBLACION",8,5,13
" 04","CERRO-AMATE","UMBRETE","ESPAÑOLES",4,4,8
" 04","CERRO-AMATE","UMBRETE","TOTAL POBLACION",4,4,8
" 04","CERRO-AMATE","UTRERA","ESPAÑOLES",18,15,33
" 04","CERRO-AMATE","UTRERA","EXTRANJEROS",0,2,2
" 04","CERRO-AMATE","UTRERA","TOTAL POBLACION",18,17,35
" 04","CERRO-AMATE","VALENCINA DE LA CONCEPCION","ESPAÑOLES",2,0,2
" 04","CERRO-AMATE","VALENCINA DE LA CONCEPCION","EXTRANJEROS",0,1,1
" 04","CERRO-AMATE","VALENCINA DE LA CONCEPCION","TOTAL POBLACION",2,1,3
" 04","CERRO-AMATE","VILLAMANRIQUE DE LA CONDESA","ESPAÑOLES",1,0,1
" 04","CERRO-AMATE","VILLAMANRIQUE DE LA CONDESA","TOTAL POBLACION",1,0,1
" 04","CERRO-AMATE","VILLANUEVA DE SAN JUAN","ESPAÑOLES",0,1,1
" 04","CERRO-AMATE","VILLANUEVA DE SAN JUAN","TOTAL POBLACION",0,1,1
" 04","CERRO-AMATE","VILLANUEVA DEL ARISCAL","ESPAÑOLES",2,1,3
" 04","CERRO-AMATE","VILLANUEVA DEL ARISCAL","TOTAL POBLACION",2,1,3
" 04","CERRO-AMATE","VILLAVERDE DEL RIO","ESPAÑOLES",0,1,1
" 04","CERRO-AMATE","VILLAVERDE DEL RIO","TOTAL POBLACION",0,1,1
" 04","CERRO-AMATE","VISO DEL ALCOR (EL)","ESPAÑOLES",3,1,4
" 04","CERRO-AMATE","VISO DEL ALCOR (EL)","EXTRANJEROS",2,2,4
" 04","CERRO-AMATE","VISO DEL ALCOR (EL)","TOTAL POBLACION",5,3,8
" 05","SUR","- FUERA DE LA PROVINCIA DE SEVILLA","ESPAÑOLES",436,457,893
" 05","SUR","- FUERA DE LA PROVINCIA DE SEVILLA","EXTRANJEROS",85,98,183
" 05","SUR","- FUERA DE LA PROVINCIA DE SEVILLA","TOTAL POBLACION",521,555,1076
" 05","SUR","- PROVINCIA DE SEVILLA","ESPAÑOLES",379,411,790
" 05","SUR","- PROVINCIA DE SEVILLA","EXTRANJEROS",26,46,72
" 05","SUR","- PROVINCIA DE SEVILLA","TOTAL POBLACION",405,457,862
" 05","SUR","ALCALA DE GUADAIRA","ESPAÑOLES",37,47,84
" 05","SUR","ALCALA DE GUADAIRA","EXTRANJEROS",6,5,11
" 05","SUR","ALCALA DE GUADAIRA","TOTAL POBLACION",43,52,95
" 05","SUR","ALCALA DEL RIO","ESPAÑOLES",3,8,11
" 05","SUR","ALCALA DEL RIO","EXTRANJEROS",0,1,1
" 05","SUR","ALCALA DEL RIO","TOTAL POBLACION",3,9,12
" 05","SUR","ALGABA (LA)","ESPAÑOLES",0,2,2
" 05","SUR","ALGABA (LA)","TOTAL POBLACION",0,2,2
" 05","SUR","ALGAMITAS","ESPAÑOLES",1,0,1
" 05","SUR","ALGAMITAS","TOTAL POBLACION",1,0,1
" 05","SUR","ALMENSILLA","ESPAÑOLES",5,6,11
" 05","SUR","ALMENSILLA","TOTAL POBLACION",5,6,11
" 05","SUR","ARAHAL (EL)","ESPAÑOLES",1,2,3
" 05","SUR","ARAHAL (EL)","TOTAL POBLACION",1,2,3
" 05","SUR","AZNALCAZAR","ESPAÑOLES",1,2,3
" 05","SUR","AZNALCAZAR","TOTAL POBLACION",1,2,3
" 05","SUR","AZNALCOLLAR","ESPAÑOLES",3,2,5
" 05","SUR","AZNALCOLLAR","TOTAL POBLACION",3,2,5
" 05","SUR","BENACAZON","ESPAÑOLES",0,2,2
" 05","SUR","BENACAZON","TOTAL POBLACION",0,2,2
" 05","SUR","BOLLULLOS DE LA MITACION","ESPAÑOLES",12,6,18
" 05","SUR","BOLLULLOS DE LA MITACION","TOTAL POBLACION",12,6,18
" 05","SUR","BORMUJOS","ESPAÑOLES",12,14,26
" 05","SUR","BORMUJOS","EXTRANJEROS",0,3,3
" 05","SUR","BORMUJOS","TOTAL POBLACION",12,17,29
" 05","SUR","BRENES","ESPAÑOLES",2,3,5
" 05","SUR","BRENES","TOTAL POBLACION",2,3,5
" 05","SUR","BURGUILLOS","ESPAÑOLES",1,2,3
" 05","SUR","BURGUILLOS","TOTAL POBLACION",1,2,3
" 05","SUR","CAMAS","ESPAÑOLES",11,19,30
" 05","SUR","CAMAS","EXTRANJEROS",2,4,6
" 05","SUR","CAMAS","TOTAL POBLACION",13,23,36
" 05","SUR","CAMPANA (LA)","ESPAÑOLES",1,2,3
" 05","SUR","CAMPANA (LA)","TOTAL POBLACION",1,2,3
" 05","SUR","CANTILLANA","ESPAÑOLES",1,1,2
" 05","SUR","CANTILLANA","TOTAL POBLACION",1,1,2
" 05","SUR","CARMONA","ESPAÑOLES",10,9,19
" 05","SUR","CARMONA","EXTRANJEROS",0,2,2
" 05","SUR","CARMONA","TOTAL POBLACION",10,11,21
" 05","SUR","CARRION DE LOS CESPEDES","ESPAÑOLES",1,0,1
" 05","SUR","CARRION DE LOS CESPEDES","TOTAL POBLACION",1,0,1
" 05","SUR","CASTILBLANCO DE LOS ARROYOS","ESPAÑOLES",2,1,3
" 05","SUR","CASTILBLANCO DE LOS ARROYOS","TOTAL POBLACION",2,1,3
" 05","SUR","CASTILLEJA DE GUZMAN","ESPAÑOLES",1,1,2
" 05","SUR","CASTILLEJA DE GUZMAN","TOTAL POBLACION",1,1,2
" 05","SUR","CASTILLEJA DE LA CUESTA","ESPAÑOLES",7,12,19
" 05","SUR","CASTILLEJA DE LA CUESTA","TOTAL POBLACION",7,12,19
" 05","SUR","CAZALLA DE LA SIERRA","ESPAÑOLES",0,1,1
" 05","SUR","CAZALLA DE LA SIERRA","TOTAL POBLACION",0,1,1
" 05","SUR","CONSTANTINA","ESPAÑOLES",3,2,5
" 05","SUR","CONSTANTINA","TOTAL POBLACION",3,2,5
" 05","SUR","CORIA DEL RIO","ESPAÑOLES",7,9,16
" 05","SUR","CORIA DEL RIO","TOTAL POBLACION",7,9,16
" 05","SUR","CORONIL (EL)","ESPAÑOLES",1,1,2
" 05","SUR","CORONIL (EL)","TOTAL POBLACION",1,1,2
" 05","SUR","DOS HERMANAS","ESPAÑOLES",87,80,167
" 05","SUR","DOS HERMANAS","EXTRANJEROS",7,5,12
" 05","SUR","DOS HERMANAS","TOTAL POBLACION",94,85,179
" 05","SUR","ECIJA","ESPAÑOLES",4,3,7
" 05","SUR","ECIJA","EXTRANJEROS",1,1,2
" 05","SUR","ECIJA","TOTAL POBLACION",5,4,9
" 05","SUR","ESPARTINAS","ESPAÑOLES",6,4,10
" 05","SUR","ESPARTINAS","EXTRANJEROS",0,2,2
" 05","SUR","ESPARTINAS","TOTAL POBLACION",6,6,12
" 05","SUR","ESTEPA","ESPAÑOLES",1,2,3
" 05","SUR","ESTEPA","TOTAL POBLACION",1,2,3
" 05","SUR","FUENTES DE ANDALUCIA","ESPAÑOLES",1,0,1
" 05","SUR","FUENTES DE ANDALUCIA","TOTAL POBLACION",1,0,1
" 05","SUR","GELVES","ESPAÑOLES",11,9,20
" 05","SUR","GELVES","TOTAL POBLACION",11,9,20
" 05","SUR","GERENA","ESPAÑOLES",0,1,1
" 05","SUR","GERENA","TOTAL POBLACION",0,1,1
" 05","SUR","GILENA","ESPAÑOLES",1,0,1
" 05","SUR","GILENA","TOTAL POBLACION",1,0,1
" 05","SUR","GINES","ESPAÑOLES",7,5,12
" 05","SUR","GINES","EXTRANJEROS",2,3,5
" 05","SUR","GINES","TOTAL POBLACION",9,8,17
" 05","SUR","GUILLENA","ESPAÑOLES",2,4,6
" 05","SUR","GUILLENA","TOTAL POBLACION",2,4,6
" 05","SUR","HUEVAR DEL ALJARAFE","ESPAÑOLES",2,0,2
" 05","SUR","HUEVAR DEL ALJARAFE","EXTRANJEROS",0,1,1
" 05","SUR","HUEVAR DEL ALJARAFE","TOTAL POBLACION",2,1,3
" 05","SUR","ISLA MAYOR","ESPAÑOLES",0,2,2
" 05","SUR","ISLA MAYOR","TOTAL POBLACION",0,2,2
" 05","SUR","LANTEJUELA (LA)","ESPAÑOLES",0,1,1
" 05","SUR","LANTEJUELA (LA)","TOTAL POBLACION",0,1,1
" 05","SUR","LEBRIJA","EXTRANJEROS",0,1,1
" 05","SUR","LEBRIJA","TOTAL POBLACION",0,1,1
" 05","SUR","LORA DEL RIO","ESPAÑOLES",2,2,4
" 05","SUR","LORA DEL RIO","TOTAL POBLACION",2,2,4
" 05","SUR","MAIRENA DEL ALCOR","ESPAÑOLES",12,9,21
" 05","SUR","MAIRENA DEL ALCOR","EXTRANJEROS",1,3,4
" 05","SUR","MAIRENA DEL ALCOR","TOTAL POBLACION",13,12,25
" 05","SUR","MAIRENA DEL ALJARAFE","ESPAÑOLES",23,32,55
" 05","SUR","MAIRENA DEL ALJARAFE","EXTRANJEROS",2,0,2
" 05","SUR","MAIRENA DEL ALJARAFE","TOTAL POBLACION",25,32,57
" 05","SUR","MARCHENA","ESPAÑOLES",1,2,3
" 05","SUR","MARCHENA","TOTAL POBLACION",1,2,3
" 05","SUR","MONTELLANO","ESPAÑOLES",1,1,2
" 05","SUR","MONTELLANO","TOTAL POBLACION",1,1,2
" 05","SUR","MORON DE LA FRONTERA","ESPAÑOLES",0,2,2
" 05","SUR","MORON DE LA FRONTERA","TOTAL POBLACION",0,2,2
" 05","SUR","OLIVARES","ESPAÑOLES",1,3,4
" 05","SUR","OLIVARES","TOTAL POBLACION",1,3,4
" 05","SUR","OSUNA","ESPAÑOLES",1,0,1
" 05","SUR","OSUNA","TOTAL POBLACION",1,0,1
" 05","SUR","PALACIOS Y VILLAFRANCA (LOS)","ESPAÑOLES",5,5,10
" 05","SUR","PALACIOS Y VILLAFRANCA (LOS)","EXTRANJEROS",1,1,2
" 05","SUR","PALACIOS Y VILLAFRANCA (LOS)","TOTAL POBLACION",6,6,12
" 05","SUR","PALOMARES DEL RIO","ESPAÑOLES",2,2,4
" 05","SUR","PALOMARES DEL RIO","TOTAL POBLACION",2,2,4
" 05","SUR","PARADAS","ESPAÑOLES",1,0,1
" 05","SUR","PARADAS","TOTAL POBLACION",1,0,1
" 05","SUR","PEÑAFLOR","ESPAÑOLES",0,1,1
" 05","SUR","PEÑAFLOR","TOTAL POBLACION",0,1,1
" 05","SUR","PILAS","ESPAÑOLES",3,2,5
" 05","SUR","PILAS","EXTRANJEROS",1,2,3
" 05","SUR","PILAS","TOTAL POBLACION",4,4,8
" 05","SUR","PUEBLA DE CAZALLA (LA)","ESPAÑOLES",1,3,4
" 05","SUR","PUEBLA DE CAZALLA (LA)","TOTAL POBLACION",1,3,4
" 05","SUR","REAL DE LA JARA (EL)","ESPAÑOLES",0,2,2
" 05","SUR","REAL DE LA JARA (EL)","TOTAL POBLACION",0,2,2
" 05","SUR","RINCONADA (LA)","ESPAÑOLES",15,9,24
" 05","SUR","RINCONADA (LA)","EXTRANJEROS",1,0,1
" 05","SUR","RINCONADA (LA)","TOTAL POBLACION",16,9,25
" 05","SUR","RONQUILLO (EL)","ESPAÑOLES",0,2,2
" 05","SUR","RONQUILLO (EL)","TOTAL POBLACION",0,2,2
" 05","SUR","SALTERAS","ESPAÑOLES",4,4,8
" 05","SUR","SALTERAS","TOTAL POBLACION",4,4,8
" 05","SUR","SAN JUAN DE AZNALFARACHE","ESPAÑOLES",15,19,34
" 05","SUR","SAN JUAN DE AZNALFARACHE","EXTRANJEROS",1,4,5
" 05","SUR","SAN JUAN DE AZNALFARACHE","TOTAL POBLACION",16,23,39
" 05","SUR","SANLUCAR LA MAYOR","ESPAÑOLES",4,4,8
" 05","SUR","SANLUCAR LA MAYOR","EXTRANJEROS",0,2,2
" 05","SUR","SANLUCAR LA MAYOR","TOTAL POBLACION",4,6,10
" 05","SUR","SANTIPONCE","ESPAÑOLES",0,1,1
" 05","SUR","SANTIPONCE","TOTAL POBLACION",0,1,1
" 05","SUR","TOCINA","ESPAÑOLES",6,2,8
" 05","SUR","TOCINA","TOTAL POBLACION",6,2,8
" 05","SUR","TOMARES","ESPAÑOLES",11,12,23
" 05","SUR","TOMARES","EXTRANJEROS",0,1,1
" 05","SUR","TOMARES","TOTAL POBLACION",11,13,24
" 05","SUR","UMBRETE","ESPAÑOLES",1,6,7
" 05","SUR","UMBRETE","TOTAL POBLACION",1,6,7
" 05","SUR","UTRERA","ESPAÑOLES",11,8,19
" 05","SUR","UTRERA","EXTRANJEROS",0,2,2
" 05","SUR","UTRERA","TOTAL POBLACION",11,10,21
" 05","SUR","VALENCINA DE LA CONCEPCION","ESPAÑOLES",1,2,3
" 05","SUR","VALENCINA DE LA CONCEPCION","EXTRANJEROS",0,1,1
" 05","SUR","VALENCINA DE LA CONCEPCION","TOTAL POBLACION",1,3,4
" 05","SUR","VILLAMANRIQUE DE LA CONDESA","ESPAÑOLES",1,1,2
" 05","SUR","VILLAMANRIQUE DE LA CONDESA","TOTAL POBLACION",1,1,2
" 05","SUR","VILLANUEVA DEL ARISCAL","ESPAÑOLES",6,3,9
" 05","SUR","VILLANUEVA DEL ARISCAL","TOTAL POBLACION",6,3,9
" 05","SUR","VILLANUEVA DEL RIO Y MINAS","ESPAÑOLES",4,4,8
" 05","SUR","VILLANUEVA DEL RIO Y MINAS","TOTAL POBLACION",4,4,8
" 05","SUR","VILLAVERDE DEL RIO","ESPAÑOLES",0,1,1
" 05","SUR","VILLAVERDE DEL RIO","EXTRANJEROS",0,1,1
" 05","SUR","VILLAVERDE DEL RIO","TOTAL POBLACION",0,2,2
" 05","SUR","VISO DEL ALCOR (EL)","ESPAÑOLES",2,2,4
" 05","SUR","VISO DEL ALCOR (EL)","EXTRANJEROS",1,1,2
" 05","SUR","VISO DEL ALCOR (EL)","TOTAL POBLACION",3,3,6
" 06","TRIANA","- FUERA DE LA PROVINCIA DE SEVILLA","ESPAÑOLES",269,293,562
" 06","TRIANA","- FUERA DE LA PROVINCIA DE SEVILLA","EXTRANJEROS",40,57,97
" 06","TRIANA","- FUERA DE LA PROVINCIA DE SEVILLA","TOTAL POBLACION",309,350,659
" 06","TRIANA","- PROVINCIA DE SEVILLA","ESPAÑOLES",327,349,676
" 06","TRIANA","- PROVINCIA DE SEVILLA","EXTRANJEROS",28,41,69
" 06","TRIANA","- PROVINCIA DE SEVILLA","TOTAL POBLACION",355,390,745
" 06","TRIANA","ALCALA DE GUADAIRA","ESPAÑOLES",6,9,15
" 06","TRIANA","ALCALA DE GUADAIRA","EXTRANJEROS",0,2,2
" 06","TRIANA","ALCALA DE GUADAIRA","TOTAL POBLACION",6,11,17
" 06","TRIANA","ALCALA DEL RIO","ESPAÑOLES",4,4,8
" 06","TRIANA","ALCALA DEL RIO","EXTRANJEROS",2,1,3
" 06","TRIANA","ALCALA DEL RIO","TOTAL POBLACION",6,5,11
" 06","TRIANA","ALCOLEA DEL RIO","ESPAÑOLES",1,1,2
" 06","TRIANA","ALCOLEA DEL RIO","TOTAL POBLACION",1,1,2
" 06","TRIANA","ALGABA (LA)","ESPAÑOLES",8,4,12
" 06","TRIANA","ALGABA (LA)","TOTAL POBLACION",8,4,12
" 06","TRIANA","ALMENSILLA","ESPAÑOLES",3,4,7
" 06","TRIANA","ALMENSILLA","TOTAL POBLACION",3,4,7
" 06","TRIANA","ARAHAL (EL)","ESPAÑOLES",1,4,5
" 06","TRIANA","ARAHAL (EL)","TOTAL POBLACION",1,4,5
" 06","TRIANA","AZNALCAZAR","ESPAÑOLES",1,2,3
" 06","TRIANA","AZNALCAZAR","TOTAL POBLACION",1,2,3
" 06","TRIANA","AZNALCOLLAR","ESPAÑOLES",3,3,6
" 06","TRIANA","AZNALCOLLAR","TOTAL POBLACION",3,3,6
" 06","TRIANA","BENACAZON","ESPAÑOLES",1,2,3
" 06","TRIANA","BENACAZON","EXTRANJEROS",1,0,1
" 06","TRIANA","BENACAZON","TOTAL POBLACION",2,2,4
" 06","TRIANA","BOLLULLOS DE LA MITACION","ESPAÑOLES",5,4,9
" 06","TRIANA","BOLLULLOS DE LA MITACION","TOTAL POBLACION",5,4,9
" 06","TRIANA","BORMUJOS","ESPAÑOLES",18,15,33
" 06","TRIANA","BORMUJOS","EXTRANJEROS",1,3,4
" 06","TRIANA","BORMUJOS","TOTAL POBLACION",19,18,37
" 06","TRIANA","BRENES","ESPAÑOLES",2,0,2
" 06","TRIANA","BRENES","EXTRANJEROS",0,4,4
" 06","TRIANA","BRENES","TOTAL POBLACION",2,4,6
" 06","TRIANA","CABEZAS DE SAN JUAN (LAS)","ESPAÑOLES",1,1,2
" 06","TRIANA","CABEZAS DE SAN JUAN (LAS)","TOTAL POBLACION",1,1,2
" 06","TRIANA","CAMAS","ESPAÑOLES",29,35,64
" 06","TRIANA","CAMAS","EXTRANJEROS",1,2,3
" 06","TRIANA","CAMAS","TOTAL POBLACION",30,37,67
" 06","TRIANA","CANTILLANA","ESPAÑOLES",1,1,2
" 06","TRIANA","CANTILLANA","TOTAL POBLACION",1,1,2
" 06","TRIANA","CARMONA","ESPAÑOLES",3,1,4
" 06","TRIANA","CARMONA","TOTAL POBLACION",3,1,4
" 06","TRIANA","CARRION DE LOS CESPEDES","ESPAÑOLES",1,2,3
" 06","TRIANA","CARRION DE LOS CESPEDES","TOTAL POBLACION",1,2,3
" 06","TRIANA","CASTILBLANCO DE LOS ARROYOS","ESPAÑOLES",1,2,3
" 06","TRIANA","CASTILBLANCO DE LOS ARROYOS","TOTAL POBLACION",1,2,3
" 06","TRIANA","CASTILLEJA DE GUZMAN","ESPAÑOLES",1,2,3
" 06","TRIANA","CASTILLEJA DE GUZMAN","TOTAL POBLACION",1,2,3
" 06","TRIANA","CASTILLEJA DE LA CUESTA","ESPAÑOLES",16,12,28
" 06","TRIANA","CASTILLEJA DE LA CUESTA","EXTRANJEROS",0,1,1
" 06","TRIANA","CASTILLEJA DE LA CUESTA","TOTAL POBLACION",16,13,29
" 06","TRIANA","CASTILLO DE LAS GUARDAS (EL)","ESPAÑOLES",1,0,1
" 06","TRIANA","CASTILLO DE LAS GUARDAS (EL)","TOTAL POBLACION",1,0,1
" 06","TRIANA","CAZALLA DE LA SIERRA","ESPAÑOLES",0,1,1
" 06","TRIANA","CAZALLA DE LA SIERRA","TOTAL POBLACION",0,1,1
" 06","TRIANA","CORIA DEL RIO","ESPAÑOLES",7,3,10
" 06","TRIANA","CORIA DEL RIO","EXTRANJEROS",0,1,1
" 06","TRIANA","CORIA DEL RIO","TOTAL POBLACION",7,4,11
" 06","TRIANA","DOS HERMANAS","ESPAÑOLES",20,40,60
" 06","TRIANA","DOS HERMANAS","EXTRANJEROS",3,6,9
" 06","TRIANA","DOS HERMANAS","TOTAL POBLACION",23,46,69
" 06","TRIANA","ESPARTINAS","ESPAÑOLES",13,11,24
" 06","TRIANA","ESPARTINAS","TOTAL POBLACION",13,11,24
" 06","TRIANA","GELVES","ESPAÑOLES",8,8,16
" 06","TRIANA","GELVES","TOTAL POBLACION",8,8,16
" 06","TRIANA","GERENA","ESPAÑOLES",3,3,6
" 06","TRIANA","GERENA","TOTAL POBLACION",3,3,6
" 06","TRIANA","GINES","ESPAÑOLES",6,9,15
" 06","TRIANA","GINES","EXTRANJEROS",1,0,1
" 06","TRIANA","GINES","TOTAL POBLACION",7,9,16
" 06","TRIANA","GUILLENA","ESPAÑOLES",4,2,6
" 06","TRIANA","GUILLENA","TOTAL POBLACION",4,2,6
" 06","TRIANA","HUEVAR DEL ALJARAFE","ESPAÑOLES",7,8,15
" 06","TRIANA","HUEVAR DEL ALJARAFE","EXTRANJEROS",0,1,1
" 06","TRIANA","HUEVAR DEL ALJARAFE","TOTAL POBLACION",7,9,16
" 06","TRIANA","LEBRIJA","ESPAÑOLES",1,2,3
" 06","TRIANA","LEBRIJA","TOTAL POBLACION",1,2,3
" 06","TRIANA","LORA DEL RIO","ESPAÑOLES",0,1,1
" 06","TRIANA","LORA DEL RIO","TOTAL POBLACION",0,1,1
" 06","TRIANA","MAIRENA DEL ALCOR","ESPAÑOLES",1,1,2
" 06","TRIANA","MAIRENA DEL ALCOR","TOTAL POBLACION",1,1,2
" 06","TRIANA","MAIRENA DEL ALJARAFE","ESPAÑOLES",39,43,82
" 06","TRIANA","MAIRENA DEL ALJARAFE","EXTRANJEROS",1,9,10
" 06","TRIANA","MAIRENA DEL ALJARAFE","TOTAL POBLACION",40,52,92
" 06","TRIANA","MARCHENA","ESPAÑOLES",2,3,5
" 06","TRIANA","MARCHENA","TOTAL POBLACION",2,3,5
" 06","TRIANA","OSUNA","ESPAÑOLES",2,3,5
" 06","TRIANA","OSUNA","TOTAL POBLACION",2,3,5
" 06","TRIANA","PALACIOS Y VILLAFRANCA (LOS)","ESPAÑOLES",1,2,3
" 06","TRIANA","PALACIOS Y VILLAFRANCA (LOS)","TOTAL POBLACION",1,2,3
" 06","TRIANA","PALOMARES DEL RIO","ESPAÑOLES",2,8,10
" 06","TRIANA","PALOMARES DEL RIO","TOTAL POBLACION",2,8,10
" 06","TRIANA","PILAS","ESPAÑOLES",4,3,7
" 06","TRIANA","PILAS","TOTAL POBLACION",4,3,7
" 06","TRIANA","PRUNA","ESPAÑOLES",1,0,1
" 06","TRIANA","PRUNA","TOTAL POBLACION",1,0,1
" 06","TRIANA","PUEBLA DEL RIO (LA)","ESPAÑOLES",2,3,5
" 06","TRIANA","PUEBLA DEL RIO (LA)","TOTAL POBLACION",2,3,5
" 06","TRIANA","REAL DE LA JARA (EL)","ESPAÑOLES",0,1,1
" 06","TRIANA","REAL DE LA JARA (EL)","TOTAL POBLACION",0,1,1
" 06","TRIANA","RINCONADA (LA)","ESPAÑOLES",6,6,12
" 06","TRIANA","RINCONADA (LA)","TOTAL POBLACION",6,6,12
" 06","TRIANA","SALTERAS","ESPAÑOLES",2,3,5
" 06","TRIANA","SALTERAS","TOTAL POBLACION",2,3,5
" 06","TRIANA","SAN JUAN DE AZNALFARACHE","ESPAÑOLES",21,16,37
" 06","TRIANA","SAN JUAN DE AZNALFARACHE","EXTRANJEROS",6,4,10
" 06","TRIANA","SAN JUAN DE AZNALFARACHE","TOTAL POBLACION",27,20,47
" 06","TRIANA","SANLUCAR LA MAYOR","ESPAÑOLES",6,7,13
" 06","TRIANA","SANLUCAR LA MAYOR","EXTRANJEROS",1,0,1
" 06","TRIANA","SANLUCAR LA MAYOR","TOTAL POBLACION",7,7,14
" 06","TRIANA","SANTIPONCE","ESPAÑOLES",3,2,5
" 06","TRIANA","SANTIPONCE","EXTRANJEROS",3,1,4
" 06","TRIANA","SANTIPONCE","TOTAL POBLACION",6,3,9
" 06","TRIANA","TOCINA","ESPAÑOLES",0,1,1
" 06","TRIANA","TOCINA","TOTAL POBLACION",0,1,1
" 06","TRIANA","TOMARES","ESPAÑOLES",33,26,59
" 06","TRIANA","TOMARES","EXTRANJEROS",7,3,10
" 06","TRIANA","TOMARES","TOTAL POBLACION",40,29,69
" 06","TRIANA","UMBRETE","ESPAÑOLES",7,8,15
" 06","TRIANA","UMBRETE","TOTAL POBLACION",7,8,15
" 06","TRIANA","UTRERA","ESPAÑOLES",5,7,12
" 06","TRIANA","UTRERA","EXTRANJEROS",1,0,1
" 06","TRIANA","UTRERA","TOTAL POBLACION",6,7,13
" 06","TRIANA","VALENCINA DE LA CONCEPCION","ESPAÑOLES",8,6,14
" 06","TRIANA","VALENCINA DE LA CONCEPCION","EXTRANJEROS",0,2,2
" 06","TRIANA","VALENCINA DE LA CONCEPCION","TOTAL POBLACION",8,8,16
" 06","TRIANA","VILLANUEVA DEL ARISCAL","ESPAÑOLES",6,0,6
" 06","TRIANA","VILLANUEVA DEL ARISCAL","EXTRANJEROS",0,1,1
" 06","TRIANA","VILLANUEVA DEL ARISCAL","TOTAL POBLACION",6,1,7
" 06","TRIANA","VILLAVERDE DEL RIO","ESPAÑOLES",0,2,2
" 06","TRIANA","VILLAVERDE DEL RIO","TOTAL POBLACION",0,2,2
" 06","TRIANA","VISO DEL ALCOR (EL)","ESPAÑOLES",0,2,2
" 06","TRIANA","VISO DEL ALCOR (EL)","TOTAL POBLACION",0,2,2
" 07","NORTE","- FUERA DE LA PROVINCIA DE SEVILLA","ESPAÑOLES",266,261,527
" 07","NORTE","- FUERA DE LA PROVINCIA DE SEVILLA","EXTRANJEROS",49,33,82
" 07","NORTE","- FUERA DE LA PROVINCIA DE SEVILLA","NO CONSTA",1,0,1
" 07","NORTE","- FUERA DE LA PROVINCIA DE SEVILLA","TOTAL POBLACION",316,294,610
" 07","NORTE","- PROVINCIA DE SEVILLA","ESPAÑOLES",440,395,835
" 07","NORTE","- PROVINCIA DE SEVILLA","EXTRANJEROS",22,29,51
" 07","NORTE","- PROVINCIA DE SEVILLA","TOTAL POBLACION",462,424,886
" 07","NORTE","ALBAIDA DEL ALJARAFE","ESPAÑOLES",0,4,4
" 07","NORTE","ALBAIDA DEL ALJARAFE","TOTAL POBLACION",0,4,4
" 07","NORTE","ALCALA DE GUADAIRA","ESPAÑOLES",20,18,38
" 07","NORTE","ALCALA DE GUADAIRA","EXTRANJEROS",4,2,6
" 07","NORTE","ALCALA DE GUADAIRA","TOTAL POBLACION",24,20,44
" 07","NORTE","ALCALA DEL RIO","ESPAÑOLES",11,15,26
" 07","NORTE","ALCALA DEL RIO","TOTAL POBLACION",11,15,26
" 07","NORTE","ALCOLEA DEL RIO","ESPAÑOLES",1,2,3
" 07","NORTE","ALCOLEA DEL RIO","TOTAL POBLACION",1,2,3
" 07","NORTE","ALGABA (LA)","ESPAÑOLES",30,18,48
" 07","NORTE","ALGABA (LA)","EXTRANJEROS",0,1,1
" 07","NORTE","ALGABA (LA)","TOTAL POBLACION",30,19,49
" 07","NORTE","ALMADEN DE LA PLATA","ESPAÑOLES",1,0,1
" 07","NORTE","ALMADEN DE LA PLATA","TOTAL POBLACION",1,0,1
" 07","NORTE","ALMENSILLA","ESPAÑOLES",4,4,8
" 07","NORTE","ALMENSILLA","TOTAL POBLACION",4,4,8
" 07","NORTE","ARAHAL (EL)","ESPAÑOLES",2,0,2
" 07","NORTE","ARAHAL (EL)","TOTAL POBLACION",2,0,2
" 07","NORTE","AZNALCAZAR","ESPAÑOLES",0,2,2
" 07","NORTE","AZNALCAZAR","TOTAL POBLACION",0,2,2
" 07","NORTE","AZNALCOLLAR","ESPAÑOLES",3,2,5
" 07","NORTE","AZNALCOLLAR","TOTAL POBLACION",3,2,5
" 07","NORTE","BENACAZON","ESPAÑOLES",1,1,2
" 07","NORTE","BENACAZON","EXTRANJEROS",0,1,1
" 07","NORTE","BENACAZON","TOTAL POBLACION",1,2,3
" 07","NORTE","BOLLULLOS DE LA MITACION","ESPAÑOLES",6,10,16
" 07","NORTE","BOLLULLOS DE LA MITACION","EXTRANJEROS",0,1,1
" 07","NORTE","BOLLULLOS DE LA MITACION","TOTAL POBLACION",6,11,17
" 07","NORTE","BORMUJOS","ESPAÑOLES",14,9,23
" 07","NORTE","BORMUJOS","EXTRANJEROS",2,1,3
" 07","NORTE","BORMUJOS","TOTAL POBLACION",16,10,26
" 07","NORTE","BRENES","ESPAÑOLES",7,3,10
" 07","NORTE","BRENES","EXTRANJEROS",0,2,2
" 07","NORTE","BRENES","TOTAL POBLACION",7,5,12
" 07","NORTE","BURGUILLOS","ESPAÑOLES",9,8,17
" 07","NORTE","BURGUILLOS","TOTAL POBLACION",9,8,17
" 07","NORTE","CAMAS","ESPAÑOLES",21,18,39
" 07","NORTE","CAMAS","EXTRANJEROS",1,2,3
" 07","NORTE","CAMAS","TOTAL POBLACION",22,20,42
" 07","NORTE","CAMPANA (LA)","ESPAÑOLES",1,0,1
" 07","NORTE","CAMPANA (LA)","TOTAL POBLACION",1,0,1
" 07","NORTE","CANTILLANA","ESPAÑOLES",6,3,9
" 07","NORTE","CANTILLANA","TOTAL POBLACION",6,3,9
" 07","NORTE","CARMONA","ESPAÑOLES",20,13,33
" 07","NORTE","CARMONA","TOTAL POBLACION",20,13,33
" 07","NORTE","CASTILBLANCO DE LOS ARROYOS","ESPAÑOLES",9,5,14
" 07","NORTE","CASTILBLANCO DE LOS ARROYOS","TOTAL POBLACION",9,5,14
" 07","NORTE","CASTILLEJA DE LA CUESTA","ESPAÑOLES",11,12,23
" 07","NORTE","CASTILLEJA DE LA CUESTA","TOTAL POBLACION",11,12,23
" 07","NORTE","CASTILLEJA DEL CAMPO","ESPAÑOLES",1,0,1
" 07","NORTE","CASTILLEJA DEL CAMPO","TOTAL POBLACION",1,0,1
" 07","NORTE","CASTILLO DE LAS GUARDAS (EL)","ESPAÑOLES",2,0,2
" 07","NORTE","CASTILLO DE LAS GUARDAS (EL)","EXTRANJEROS",0,1,1
" 07","NORTE","CASTILLO DE LAS GUARDAS (EL)","TOTAL POBLACION",2,1,3
" 07","NORTE","CAZALLA DE LA SIERRA","ESPAÑOLES",4,6,10
" 07","NORTE","CAZALLA DE LA SIERRA","TOTAL POBLACION",4,6,10
" 07","NORTE","CORIA DEL RIO","ESPAÑOLES",14,11,25
" 07","NORTE","CORIA DEL RIO","TOTAL POBLACION",14,11,25
" 07","NORTE","CORONIL (EL)","ESPAÑOLES",0,1,1
" 07","NORTE","CORONIL (EL)","TOTAL POBLACION",0,1,1
" 07","NORTE","DOS HERMANAS","ESPAÑOLES",27,30,57
" 07","NORTE","DOS HERMANAS","EXTRANJEROS",1,3,4
" 07","NORTE","DOS HERMANAS","TOTAL POBLACION",28,33,61
" 07","NORTE","ESPARTINAS","ESPAÑOLES",21,18,39
" 07","NORTE","ESPARTINAS","EXTRANJEROS",1,1,2
" 07","NORTE","ESPARTINAS","TOTAL POBLACION",22,19,41
" 07","NORTE","FUENTES DE ANDALUCIA","ESPAÑOLES",2,1,3
" 07","NORTE","FUENTES DE ANDALUCIA","TOTAL POBLACION",2,1,3
" 07","NORTE","GELVES","ESPAÑOLES",2,0,2
" 07","NORTE","GELVES","EXTRANJEROS",1,2,3
" 07","NORTE","GELVES","TOTAL POBLACION",3,2,5
" 07","NORTE","GERENA","ESPAÑOLES",7,5,12
" 07","NORTE","GERENA","TOTAL POBLACION",7,5,12
" 07","NORTE","GINES","ESPAÑOLES",2,4,6
" 07","NORTE","GINES","TOTAL POBLACION",2,4,6
" 07","NORTE","GUILLENA","ESPAÑOLES",5,16,21
" 07","NORTE","GUILLENA","EXTRANJEROS",0,1,1
" 07","NORTE","GUILLENA","TOTAL POBLACION",5,17,22
" 07","NORTE","HUEVAR DEL ALJARAFE","ESPAÑOLES",1,1,2
" 07","NORTE","HUEVAR DEL ALJARAFE","TOTAL POBLACION",1,1,2
" 07","NORTE","ISLA MAYOR","ESPAÑOLES",1,0,1
" 07","NORTE","ISLA MAYOR","TOTAL POBLACION",1,0,1
" 07","NORTE","LANTEJUELA (LA)","ESPAÑOLES",0,1,1
" 07","NORTE","LANTEJUELA (LA)","TOTAL POBLACION",0,1,1
" 07","NORTE","LEBRIJA","ESPAÑOLES",2,0,2
" 07","NORTE","LEBRIJA","TOTAL POBLACION",2,0,2
" 07","NORTE","MAIRENA DEL ALCOR","ESPAÑOLES",11,10,21
" 07","NORTE","MAIRENA DEL ALCOR","TOTAL POBLACION",11,10,21
" 07","NORTE","MAIRENA DEL ALJARAFE","ESPAÑOLES",23,24,47
" 07","NORTE","MAIRENA DEL ALJARAFE","EXTRANJEROS",2,1,3
" 07","NORTE","MAIRENA DEL ALJARAFE","TOTAL POBLACION",25,25,50
" 07","NORTE","MONTELLANO","ESPAÑOLES",1,0,1
" 07","NORTE","MONTELLANO","TOTAL POBLACION",1,0,1
" 07","NORTE","MORON DE LA FRONTERA","ESPAÑOLES",1,0,1
" 07","NORTE","MORON DE LA FRONTERA","TOTAL POBLACION",1,0,1
" 07","NORTE","OLIVARES","ESPAÑOLES",2,1,3
" 07","NORTE","OLIVARES","TOTAL POBLACION",2,1,3
" 07","NORTE","OSUNA","ESPAÑOLES",2,1,3
" 07","NORTE","OSUNA","TOTAL POBLACION",2,1,3
" 07","NORTE","PALACIOS Y VILLAFRANCA (LOS)","ESPAÑOLES",3,1,4
" 07","NORTE","PALACIOS Y VILLAFRANCA (LOS)","TOTAL POBLACION",3,1,4
" 07","NORTE","PALOMARES DEL RIO","ESPAÑOLES",3,4,7
" 07","NORTE","PALOMARES DEL RIO","TOTAL POBLACION",3,4,7
" 07","NORTE","PARADAS","ESPAÑOLES",0,1,1
" 07","NORTE","PARADAS","TOTAL POBLACION",0,1,1
" 07","NORTE","PEDRERA","ESPAÑOLES",1,0,1
" 07","NORTE","PEDRERA","TOTAL POBLACION",1,0,1
" 07","NORTE","PEDROSO (EL)","ESPAÑOLES",1,1,2
" 07","NORTE","PEDROSO (EL)","TOTAL POBLACION",1,1,2
" 07","NORTE","PEÑAFLOR","ESPAÑOLES",1,3,4
" 07","NORTE","PEÑAFLOR","TOTAL POBLACION",1,3,4
" 07","NORTE","PILAS","ESPAÑOLES",1,0,1
" 07","NORTE","PILAS","EXTRANJEROS",0,2,2
" 07","NORTE","PILAS","TOTAL POBLACION",1,2,3
" 07","NORTE","PUEBLA DE CAZALLA (LA)","ESPAÑOLES",2,0,2
" 07","NORTE","PUEBLA DE CAZALLA (LA)","TOTAL POBLACION",2,0,2
" 07","NORTE","PUEBLA DEL RIO (LA)","ESPAÑOLES",1,1,2
" 07","NORTE","PUEBLA DEL RIO (LA)","TOTAL POBLACION",1,1,2
" 07","NORTE","RINCONADA (LA)","ESPAÑOLES",62,56,118
" 07","NORTE","RINCONADA (LA)","EXTRANJEROS",2,2,4
" 07","NORTE","RINCONADA (LA)","TOTAL POBLACION",64,58,122
" 07","NORTE","RONQUILLO (EL)","ESPAÑOLES",2,1,3
" 07","NORTE","RONQUILLO (EL)","TOTAL POBLACION",2,1,3
" 07","NORTE","SALTERAS","ESPAÑOLES",3,6,9
" 07","NORTE","SALTERAS","TOTAL POBLACION",3,6,9
" 07","NORTE","SAN JUAN DE AZNALFARACHE","ESPAÑOLES",10,7,17
" 07","NORTE","SAN JUAN DE AZNALFARACHE","EXTRANJEROS",3,0,3
" 07","NORTE","SAN JUAN DE AZNALFARACHE","TOTAL POBLACION",13,7,20
" 07","NORTE","SANLUCAR LA MAYOR","ESPAÑOLES",2,2,4
" 07","NORTE","SANLUCAR LA MAYOR","EXTRANJEROS",1,0,1
" 07","NORTE","SANLUCAR LA MAYOR","TOTAL POBLACION",3,2,5
" 07","NORTE","SANTIPONCE","ESPAÑOLES",4,7,11
" 07","NORTE","SANTIPONCE","EXTRANJEROS",1,1,2
" 07","NORTE","SANTIPONCE","TOTAL POBLACION",5,8,13
" 07","NORTE","TOCINA","ESPAÑOLES",4,3,7
" 07","NORTE","TOCINA","EXTRANJEROS",0,2,2
" 07","NORTE","TOCINA","TOTAL POBLACION",4,5,9
" 07","NORTE","TOMARES","ESPAÑOLES",9,6,15
" 07","NORTE","TOMARES","EXTRANJEROS",1,2,3
" 07","NORTE","TOMARES","TOTAL POBLACION",10,8,18
" 07","NORTE","UMBRETE","ESPAÑOLES",7,6,13
" 07","NORTE","UMBRETE","TOTAL POBLACION",7,6,13
" 07","NORTE","UTRERA","ESPAÑOLES",7,6,13
" 07","NORTE","UTRERA","EXTRANJEROS",1,1,2
" 07","NORTE","UTRERA","TOTAL POBLACION",8,7,15
" 07","NORTE","VALENCINA DE LA CONCEPCION","ESPAÑOLES",3,2,5
" 07","NORTE","VALENCINA DE LA CONCEPCION","TOTAL POBLACION",3,2,5
" 07","NORTE","VILLAMANRIQUE DE LA CONDESA","ESPAÑOLES",2,0,2
" 07","NORTE","VILLAMANRIQUE DE LA CONDESA","TOTAL POBLACION",2,0,2
" 07","NORTE","VILLANUEVA DEL ARISCAL","ESPAÑOLES",1,0,1
" 07","NORTE","VILLANUEVA DEL ARISCAL","TOTAL POBLACION",1,0,1
" 07","NORTE","VILLANUEVA DEL RIO Y MINAS","ESPAÑOLES",1,2,3
" 07","NORTE","VILLANUEVA DEL RIO Y MINAS","TOTAL POBLACION",1,2,3
" 07","NORTE","VILLAVERDE DEL RIO","ESPAÑOLES",2,3,5
" 07","NORTE","VILLAVERDE DEL RIO","TOTAL POBLACION",2,3,5
" 07","NORTE","VISO DEL ALCOR (EL)","EXTRANJEROS",1,0,1
" 07","NORTE","VISO DEL ALCOR (EL)","TOTAL POBLACION",1,0,1
" 08","S. PABLO-STA. JUSTA","- FUERA DE LA PROVINCIA DE SEVILLA","ESPAÑOLES",313,284,597
" 08","S. PABLO-STA. JUSTA","- FUERA DE LA PROVINCIA DE SEVILLA","EXTRANJEROS",51,50,101
" 08","S. PABLO-STA. JUSTA","- FUERA DE LA PROVINCIA DE SEVILLA","TOTAL POBLACION",364,334,698
" 08","S. PABLO-STA. JUSTA","- PROVINCIA DE SEVILLA","ESPAÑOLES",305,285,590
" 08","S. PABLO-STA. JUSTA","- PROVINCIA DE SEVILLA","EXTRANJEROS",12,29,41
" 08","S. PABLO-STA. JUSTA","- PROVINCIA DE SEVILLA","NO CONSTA",1,0,1
" 08","S. PABLO-STA. JUSTA","- PROVINCIA DE SEVILLA","TOTAL POBLACION",318,314,632
" 08","S. PABLO-STA. JUSTA","ALANIS","ESPAÑOLES",0,1,1
" 08","S. PABLO-STA. JUSTA","ALANIS","TOTAL POBLACION",0,1,1
" 08","S. PABLO-STA. JUSTA","ALBAIDA DEL ALJARAFE","ESPAÑOLES",1,0,1
" 08","S. PABLO-STA. JUSTA","ALBAIDA DEL ALJARAFE","TOTAL POBLACION",1,0,1
" 08","S. PABLO-STA. JUSTA","ALCALA DE GUADAIRA","ESPAÑOLES",26,18,44
" 08","S. PABLO-STA. JUSTA","ALCALA DE GUADAIRA","EXTRANJEROS",1,0,1
" 08","S. PABLO-STA. JUSTA","ALCALA DE GUADAIRA","TOTAL POBLACION",27,18,45
" 08","S. PABLO-STA. JUSTA","ALCALA DEL RIO","ESPAÑOLES",5,6,11
" 08","S. PABLO-STA. JUSTA","ALCALA DEL RIO","TOTAL POBLACION",5,6,11
" 08","S. PABLO-STA. JUSTA","ALCOLEA DEL RIO","ESPAÑOLES",1,0,1
" 08","S. PABLO-STA. JUSTA","ALCOLEA DEL RIO","TOTAL POBLACION",1,0,1
" 08","S. PABLO-STA. JUSTA","ALGABA (LA)","ESPAÑOLES",9,6,15
" 08","S. PABLO-STA. JUSTA","ALGABA (LA)","TOTAL POBLACION",9,6,15
" 08","S. PABLO-STA. JUSTA","ALMADEN DE LA PLATA","ESPAÑOLES",0,1,1
" 08","S. PABLO-STA. JUSTA","ALMADEN DE LA PLATA","TOTAL POBLACION",0,1,1
" 08","S. PABLO-STA. JUSTA","ALMENSILLA","ESPAÑOLES",1,0,1
" 08","S. PABLO-STA. JUSTA","ALMENSILLA","TOTAL POBLACION",1,0,1
" 08","S. PABLO-STA. JUSTA","ARAHAL (EL)","ESPAÑOLES",1,2,3
" 08","S. PABLO-STA. JUSTA","ARAHAL (EL)","TOTAL POBLACION",1,2,3
" 08","S. PABLO-STA. JUSTA","AZNALCAZAR","ESPAÑOLES",0,3,3
" 08","S. PABLO-STA. JUSTA","AZNALCAZAR","TOTAL POBLACION",0,3,3
" 08","S. PABLO-STA. JUSTA","AZNALCOLLAR","ESPAÑOLES",3,2,5
" 08","S. PABLO-STA. JUSTA","AZNALCOLLAR","TOTAL POBLACION",3,2,5
" 08","S. PABLO-STA. JUSTA","BENACAZON","ESPAÑOLES",0,2,2
" 08","S. PABLO-STA. JUSTA","BENACAZON","TOTAL POBLACION",0,2,2
" 08","S. PABLO-STA. JUSTA","BOLLULLOS DE LA MITACION","ESPAÑOLES",3,9,12
" 08","S. PABLO-STA. JUSTA","BOLLULLOS DE LA MITACION","TOTAL POBLACION",3,9,12
" 08","S. PABLO-STA. JUSTA","BORMUJOS","ESPAÑOLES",21,17,38
" 08","S. PABLO-STA. JUSTA","BORMUJOS","EXTRANJEROS",0,4,4
" 08","S. PABLO-STA. JUSTA","BORMUJOS","TOTAL POBLACION",21,21,42
" 08","S. PABLO-STA. JUSTA","BRENES","ESPAÑOLES",1,0,1
" 08","S. PABLO-STA. JUSTA","BRENES","TOTAL POBLACION",1,0,1
" 08","S. PABLO-STA. JUSTA","BURGUILLOS","ESPAÑOLES",8,6,14
" 08","S. PABLO-STA. JUSTA","BURGUILLOS","TOTAL POBLACION",8,6,14
" 08","S. PABLO-STA. JUSTA","CABEZAS DE SAN JUAN (LAS)","ESPAÑOLES",0,2,2
" 08","S. PABLO-STA. JUSTA","CABEZAS DE SAN JUAN (LAS)","TOTAL POBLACION",0,2,2
" 08","S. PABLO-STA. JUSTA","CAMAS","ESPAÑOLES",26,13,39
" 08","S. PABLO-STA. JUSTA","CAMAS","EXTRANJEROS",1,2,3
" 08","S. PABLO-STA. JUSTA","CAMAS","TOTAL POBLACION",27,15,42
" 08","S. PABLO-STA. JUSTA","CAMPANA (LA)","ESPAÑOLES",1,1,2
" 08","S. PABLO-STA. JUSTA","CAMPANA (LA)","TOTAL POBLACION",1,1,2
" 08","S. PABLO-STA. JUSTA","CANTILLANA","ESPAÑOLES",0,1,1
" 08","S. PABLO-STA. JUSTA","CANTILLANA","TOTAL POBLACION",0,1,1
" 08","S. PABLO-STA. JUSTA","CARMONA","ESPAÑOLES",9,12,21
" 08","S. PABLO-STA. JUSTA","CARMONA","TOTAL POBLACION",9,12,21
" 08","S. PABLO-STA. JUSTA","CARRION DE LOS CESPEDES","ESPAÑOLES",2,1,3
" 08","S. PABLO-STA. JUSTA","CARRION DE LOS CESPEDES","TOTAL POBLACION",2,1,3
" 08","S. PABLO-STA. JUSTA","CASTILLEJA DE LA CUESTA","ESPAÑOLES",3,7,10
" 08","S. PABLO-STA. JUSTA","CASTILLEJA DE LA CUESTA","TOTAL POBLACION",3,7,10
" 08","S. PABLO-STA. JUSTA","CASTILLO DE LAS GUARDAS (EL)","ESPAÑOLES",2,2,4
" 08","S. PABLO-STA. JUSTA","CASTILLO DE LAS GUARDAS (EL)","TOTAL POBLACION",2,2,4
" 08","S. PABLO-STA. JUSTA","CAZALLA DE LA SIERRA","ESPAÑOLES",1,1,2
" 08","S. PABLO-STA. JUSTA","CAZALLA DE LA SIERRA","TOTAL POBLACION",1,1,2
" 08","S. PABLO-STA. JUSTA","CORIA DEL RIO","ESPAÑOLES",4,1,5
" 08","S. PABLO-STA. JUSTA","CORIA DEL RIO","EXTRANJEROS",1,0,1
" 08","S. PABLO-STA. JUSTA","CORIA DEL RIO","TOTAL POBLACION",5,1,6
" 08","S. PABLO-STA. JUSTA","DOS HERMANAS","ESPAÑOLES",30,27,57
" 08","S. PABLO-STA. JUSTA","DOS HERMANAS","EXTRANJEROS",0,4,4
" 08","S. PABLO-STA. JUSTA","DOS HERMANAS","TOTAL POBLACION",30,31,61
" 08","S. PABLO-STA. JUSTA","ECIJA","ESPAÑOLES",0,1,1
" 08","S. PABLO-STA. JUSTA","ECIJA","NO CONSTA",1,0,1
" 08","S. PABLO-STA. JUSTA","ECIJA","TOTAL POBLACION",1,1,2
" 08","S. PABLO-STA. JUSTA","ESPARTINAS","ESPAÑOLES",10,9,19
" 08","S. PABLO-STA. JUSTA","ESPARTINAS","EXTRANJEROS",2,2,4
" 08","S. PABLO-STA. JUSTA","ESPARTINAS","TOTAL POBLACION",12,11,23
" 08","S. PABLO-STA. JUSTA","ESTEPA","ESPAÑOLES",1,0,1
" 08","S. PABLO-STA. JUSTA","ESTEPA","EXTRANJEROS",1,0,1
" 08","S. PABLO-STA. JUSTA","ESTEPA","TOTAL POBLACION",2,0,2
" 08","S. PABLO-STA. JUSTA","GELVES","ESPAÑOLES",3,3,6
" 08","S. PABLO-STA. JUSTA","GELVES","TOTAL POBLACION",3,3,6
" 08","S. PABLO-STA. JUSTA","GERENA","ESPAÑOLES",4,2,6
" 08","S. PABLO-STA. JUSTA","GERENA","TOTAL POBLACION",4,2,6
" 08","S. PABLO-STA. JUSTA","GINES","ESPAÑOLES",6,6,12
" 08","S. PABLO-STA. JUSTA","GINES","EXTRANJEROS",0,1,1
" 08","S. PABLO-STA. JUSTA","GINES","TOTAL POBLACION",6,7,13
" 08","S. PABLO-STA. JUSTA","GUADALCANAL","ESPAÑOLES",0,1,1
" 08","S. PABLO-STA. JUSTA","GUADALCANAL","TOTAL POBLACION",0,1,1
" 08","S. PABLO-STA. JUSTA","GUILLENA","ESPAÑOLES",1,4,5
" 08","S. PABLO-STA. JUSTA","GUILLENA","TOTAL POBLACION",1,4,5
" 08","S. PABLO-STA. JUSTA","HERRERA","ESPAÑOLES",1,1,2
" 08","S. PABLO-STA. JUSTA","HERRERA","TOTAL POBLACION",1,1,2
" 08","S. PABLO-STA. JUSTA","HUEVAR DEL ALJARAFE","ESPAÑOLES",1,2,3
" 08","S. PABLO-STA. JUSTA","HUEVAR DEL ALJARAFE","TOTAL POBLACION",1,2,3
" 08","S. PABLO-STA. JUSTA","ISLA MAYOR","ESPAÑOLES",0,2,2
" 08","S. PABLO-STA. JUSTA","ISLA MAYOR","TOTAL POBLACION",0,2,2
" 08","S. PABLO-STA. JUSTA","LORA DEL RIO","ESPAÑOLES",2,2,4
" 08","S. PABLO-STA. JUSTA","LORA DEL RIO","TOTAL POBLACION",2,2,4
" 08","S. PABLO-STA. JUSTA","MAIRENA DEL ALCOR","ESPAÑOLES",5,7,12
" 08","S. PABLO-STA. JUSTA","MAIRENA DEL ALCOR","EXTRANJEROS",0,2,2
" 08","S. PABLO-STA. JUSTA","MAIRENA DEL ALCOR","TOTAL POBLACION",5,9,14
" 08","S. PABLO-STA. JUSTA","MAIRENA DEL ALJARAFE","ESPAÑOLES",21,16,37
" 08","S. PABLO-STA. JUSTA","MAIRENA DEL ALJARAFE","EXTRANJEROS",1,2,3
" 08","S. PABLO-STA. JUSTA","MAIRENA DEL ALJARAFE","TOTAL POBLACION",22,18,40
" 08","S. PABLO-STA. JUSTA","MARCHENA","EXTRANJEROS",0,1,1
" 08","S. PABLO-STA. JUSTA","MARCHENA","TOTAL POBLACION",0,1,1
" 08","S. PABLO-STA. JUSTA","MONTELLANO","ESPAÑOLES",1,3,4
" 08","S. PABLO-STA. JUSTA","MONTELLANO","TOTAL POBLACION",1,3,4
" 08","S. PABLO-STA. JUSTA","MORON DE LA FRONTERA","ESPAÑOLES",1,1,2
" 08","S. PABLO-STA. JUSTA","MORON DE LA FRONTERA","TOTAL POBLACION",1,1,2
" 08","S. PABLO-STA. JUSTA","OLIVARES","ESPAÑOLES",2,1,3
" 08","S. PABLO-STA. JUSTA","OLIVARES","TOTAL POBLACION",2,1,3
" 08","S. PABLO-STA. JUSTA","OSUNA","ESPAÑOLES",1,1,2
" 08","S. PABLO-STA. JUSTA","OSUNA","TOTAL POBLACION",1,1,2
" 08","S. PABLO-STA. JUSTA","PALACIOS Y VILLAFRANCA (LOS)","ESPAÑOLES",2,4,6
" 08","S. PABLO-STA. JUSTA","PALACIOS Y VILLAFRANCA (LOS)","EXTRANJEROS",0,1,1
" 08","S. PABLO-STA. JUSTA","PALACIOS Y VILLAFRANCA (LOS)","TOTAL POBLACION",2,5,7
" 08","S. PABLO-STA. JUSTA","PALOMARES DEL RIO","ESPAÑOLES",5,4,9
" 08","S. PABLO-STA. JUSTA","PALOMARES DEL RIO","TOTAL POBLACION",5,4,9
" 08","S. PABLO-STA. JUSTA","PARADAS","ESPAÑOLES",0,1,1
" 08","S. PABLO-STA. JUSTA","PARADAS","TOTAL POBLACION",0,1,1
" 08","S. PABLO-STA. JUSTA","PEÑAFLOR","ESPAÑOLES",0,1,1
" 08","S. PABLO-STA. JUSTA","PEÑAFLOR","TOTAL POBLACION",0,1,1
" 08","S. PABLO-STA. JUSTA","PILAS","ESPAÑOLES",2,3,5
" 08","S. PABLO-STA. JUSTA","PILAS","TOTAL POBLACION",2,3,5
" 08","S. PABLO-STA. JUSTA","PRUNA","ESPAÑOLES",0,2,2
" 08","S. PABLO-STA. JUSTA","PRUNA","TOTAL POBLACION",0,2,2
" 08","S. PABLO-STA. JUSTA","PUEBLA DE LOS INFANTES (LA)","ESPAÑOLES",0,2,2
" 08","S. PABLO-STA. JUSTA","PUEBLA DE LOS INFANTES (LA)","TOTAL POBLACION",0,2,2
" 08","S. PABLO-STA. JUSTA","PUEBLA DEL RIO (LA)","ESPAÑOLES",2,0,2
" 08","S. PABLO-STA. JUSTA","PUEBLA DEL RIO (LA)","TOTAL POBLACION",2,0,2
" 08","S. PABLO-STA. JUSTA","RINCONADA (LA)","ESPAÑOLES",15,17,32
" 08","S. PABLO-STA. JUSTA","RINCONADA (LA)","EXTRANJEROS",1,1,2
" 08","S. PABLO-STA. JUSTA","RINCONADA (LA)","TOTAL POBLACION",16,18,34
" 08","S. PABLO-STA. JUSTA","RONQUILLO (EL)","ESPAÑOLES",1,0,1
" 08","S. PABLO-STA. JUSTA","RONQUILLO (EL)","TOTAL POBLACION",1,0,1
" 08","S. PABLO-STA. JUSTA","SALTERAS","ESPAÑOLES",4,7,11
" 08","S. PABLO-STA. JUSTA","SALTERAS","TOTAL POBLACION",4,7,11
" 08","S. PABLO-STA. JUSTA","SAN JUAN DE AZNALFARACHE","ESPAÑOLES",15,13,28
" 08","S. PABLO-STA. JUSTA","SAN JUAN DE AZNALFARACHE","EXTRANJEROS",0,3,3
" 08","S. PABLO-STA. JUSTA","SAN JUAN DE AZNALFARACHE","TOTAL POBLACION",15,16,31
" 08","S. PABLO-STA. JUSTA","SANLUCAR LA MAYOR","ESPAÑOLES",3,1,4
" 08","S. PABLO-STA. JUSTA","SANLUCAR LA MAYOR","TOTAL POBLACION",3,1,4
" 08","S. PABLO-STA. JUSTA","SANTIPONCE","ESPAÑOLES",7,0,7
" 08","S. PABLO-STA. JUSTA","SANTIPONCE","EXTRANJEROS",1,1,2
" 08","S. PABLO-STA. JUSTA","SANTIPONCE","TOTAL POBLACION",8,1,9
" 08","S. PABLO-STA. JUSTA","SEVILLA","ESPAÑOLES",0,1,1
" 08","S. PABLO-STA. JUSTA","SEVILLA","TOTAL POBLACION",0,1,1
" 08","S. PABLO-STA. JUSTA","TOCINA","ESPAÑOLES",1,0,1
" 08","S. PABLO-STA. JUSTA","TOCINA","TOTAL POBLACION",1,0,1
" 08","S. PABLO-STA. JUSTA","TOMARES","ESPAÑOLES",9,9,18
" 08","S. PABLO-STA. JUSTA","TOMARES","EXTRANJEROS",0,2,2
" 08","S. PABLO-STA. JUSTA","TOMARES","TOTAL POBLACION",9,11,20
" 08","S. PABLO-STA. JUSTA","UMBRETE","ESPAÑOLES",1,2,3
" 08","S. PABLO-STA. JUSTA","UMBRETE","TOTAL POBLACION",1,2,3
" 08","S. PABLO-STA. JUSTA","UTRERA","ESPAÑOLES",6,4,10
" 08","S. PABLO-STA. JUSTA","UTRERA","EXTRANJEROS",2,2,4
" 08","S. PABLO-STA. JUSTA","UTRERA","TOTAL POBLACION",8,6,14
" 08","S. PABLO-STA. JUSTA","VALENCINA DE LA CONCEPCION","ESPAÑOLES",3,4,7
" 08","S. PABLO-STA. JUSTA","VALENCINA DE LA CONCEPCION","EXTRANJEROS",1,1,2
" 08","S. PABLO-STA. JUSTA","VALENCINA DE LA CONCEPCION","TOTAL POBLACION",4,5,9
" 08","S. PABLO-STA. JUSTA","VILLAMANRIQUE DE LA CONDESA","ESPAÑOLES",0,2,2
" 08","S. PABLO-STA. JUSTA","VILLAMANRIQUE DE LA CONDESA","TOTAL POBLACION",0,2,2
" 08","S. PABLO-STA. JUSTA","VILLANUEVA DEL ARISCAL","ESPAÑOLES",4,3,7
" 08","S. PABLO-STA. JUSTA","VILLANUEVA DEL ARISCAL","TOTAL POBLACION",4,3,7
" 08","S. PABLO-STA. JUSTA","VILLANUEVA DEL RIO Y MINAS","ESPAÑOLES",1,0,1
" 08","S. PABLO-STA. JUSTA","VILLANUEVA DEL RIO Y MINAS","TOTAL POBLACION",1,0,1
" 08","S. PABLO-STA. JUSTA","VILLAVERDE DEL RIO","ESPAÑOLES",5,2,7
" 08","S. PABLO-STA. JUSTA","VILLAVERDE DEL RIO","TOTAL POBLACION",5,2,7
" 08","S. PABLO-STA. JUSTA","VISO DEL ALCOR (EL)","ESPAÑOLES",1,0,1
" 08","S. PABLO-STA. JUSTA","VISO DEL ALCOR (EL)","TOTAL POBLACION",1,0,1
" 09","ESTE","- FUERA DE LA PROVINCIA DE SEVILLA","ESPAÑOLES",455,443,898
" 09","ESTE","- FUERA DE LA PROVINCIA DE SEVILLA","EXTRANJEROS",104,92,196
" 09","ESTE","- FUERA DE LA PROVINCIA DE SEVILLA","TOTAL POBLACION",559,535,1094
" 09","ESTE","- PROVINCIA DE SEVILLA","ESPAÑOLES",563,570,1133
" 09","ESTE","- PROVINCIA DE SEVILLA","EXTRANJEROS",26,23,49
" 09","ESTE","- PROVINCIA DE SEVILLA","TOTAL POBLACION",589,593,1182
" 09","ESTE","ALCALA DE GUADAIRA","ESPAÑOLES",99,104,203
" 09","ESTE","ALCALA DE GUADAIRA","EXTRANJEROS",1,1,2
" 09","ESTE","ALCALA DE GUADAIRA","TOTAL POBLACION",100,105,205
" 09","ESTE","ALCALA DEL RIO","ESPAÑOLES",15,12,27
" 09","ESTE","ALCALA DEL RIO","TOTAL POBLACION",15,12,27
" 09","ESTE","ALGABA (LA)","ESPAÑOLES",3,3,6
" 09","ESTE","ALGABA (LA)","TOTAL POBLACION",3,3,6
" 09","ESTE","ALGAMITAS","ESPAÑOLES",0,1,1
" 09","ESTE","ALGAMITAS","TOTAL POBLACION",0,1,1
" 09","ESTE","ALMADEN DE LA PLATA","ESPAÑOLES",4,0,4
" 09","ESTE","ALMADEN DE LA PLATA","TOTAL POBLACION",4,0,4
" 09","ESTE","ALMENSILLA","ESPAÑOLES",3,1,4
" 09","ESTE","ALMENSILLA","TOTAL POBLACION",3,1,4
" 09","ESTE","ARAHAL (EL)","ESPAÑOLES",3,5,8
" 09","ESTE","ARAHAL (EL)","TOTAL POBLACION",3,5,8
" 09","ESTE","AZNALCAZAR","ESPAÑOLES",0,1,1
" 09","ESTE","AZNALCAZAR","TOTAL POBLACION",0,1,1
" 09","ESTE","AZNALCOLLAR","ESPAÑOLES",1,0,1
" 09","ESTE","AZNALCOLLAR","TOTAL POBLACION",1,0,1
" 09","ESTE","BENACAZON","ESPAÑOLES",0,1,1
" 09","ESTE","BENACAZON","TOTAL POBLACION",0,1,1
" 09","ESTE","BOLLULLOS DE LA MITACION","ESPAÑOLES",5,5,10
" 09","ESTE","BOLLULLOS DE LA MITACION","EXTRANJEROS",0,1,1
" 09","ESTE","BOLLULLOS DE LA MITACION","TOTAL POBLACION",5,6,11
" 09","ESTE","BORMUJOS","ESPAÑOLES",9,4,13
" 09","ESTE","BORMUJOS","EXTRANJEROS",1,3,4
" 09","ESTE","BORMUJOS","TOTAL POBLACION",10,7,17
" 09","ESTE","BRENES","ESPAÑOLES",2,7,9
" 09","ESTE","BRENES","EXTRANJEROS",1,0,1
" 09","ESTE","BRENES","TOTAL POBLACION",3,7,10
" 09","ESTE","BURGUILLOS","ESPAÑOLES",3,0,3
" 09","ESTE","BURGUILLOS","EXTRANJEROS",2,0,2
" 09","ESTE","BURGUILLOS","TOTAL POBLACION",5,0,5
" 09","ESTE","CABEZAS DE SAN JUAN (LAS)","ESPAÑOLES",1,2,3
" 09","ESTE","CABEZAS DE SAN JUAN (LAS)","EXTRANJEROS",1,0,1
" 09","ESTE","CABEZAS DE SAN JUAN (LAS)","TOTAL POBLACION",2,2,4
" 09","ESTE","CAMAS","ESPAÑOLES",15,16,31
" 09","ESTE","CAMAS","EXTRANJEROS",1,1,2
" 09","ESTE","CAMAS","TOTAL POBLACION",16,17,33
" 09","ESTE","CAMPANA (LA)","ESPAÑOLES",1,0,1
" 09","ESTE","CAMPANA (LA)","TOTAL POBLACION",1,0,1
" 09","ESTE","CANTILLANA","ESPAÑOLES",3,7,10
" 09","ESTE","CANTILLANA","TOTAL POBLACION",3,7,10
" 09","ESTE","CAÑADA ROSAL","ESPAÑOLES",1,3,4
" 09","ESTE","CAÑADA ROSAL","TOTAL POBLACION",1,3,4
" 09","ESTE","CARMONA","ESPAÑOLES",24,26,50
" 09","ESTE","CARMONA","EXTRANJEROS",0,1,1
" 09","ESTE","CARMONA","TOTAL POBLACION",24,27,51
" 09","ESTE","CARRION DE LOS CESPEDES","ESPAÑOLES",2,2,4
" 09","ESTE","CARRION DE LOS CESPEDES","TOTAL POBLACION",2,2,4
" 09","ESTE","CASTILBLANCO DE LOS ARROYOS","ESPAÑOLES",1,1,2
" 09","ESTE","CASTILBLANCO DE LOS ARROYOS","TOTAL POBLACION",1,1,2
" 09","ESTE","CASTILLEJA DE GUZMAN","ESPAÑOLES",0,1,1
" 09","ESTE","CASTILLEJA DE GUZMAN","EXTRANJEROS",1,0,1
" 09","ESTE","CASTILLEJA DE GUZMAN","TOTAL POBLACION",1,1,2
" 09","ESTE","CASTILLEJA DE LA CUESTA","ESPAÑOLES",12,9,21
" 09","ESTE","CASTILLEJA DE LA CUESTA","EXTRANJEROS",0,2,2
" 09","ESTE","CASTILLEJA DE LA CUESTA","TOTAL POBLACION",12,11,23
" 09","ESTE","CONSTANTINA","ESPAÑOLES",3,4,7
" 09","ESTE","CONSTANTINA","TOTAL POBLACION",3,4,7
" 09","ESTE","CORIA DEL RIO","ESPAÑOLES",5,7,12
" 09","ESTE","CORIA DEL RIO","EXTRANJEROS",1,0,1
" 09","ESTE","CORIA DEL RIO","TOTAL POBLACION",6,7,13
" 09","ESTE","CORIPE","ESPAÑOLES",1,0,1
" 09","ESTE","CORIPE","TOTAL POBLACION",1,0,1
" 09","ESTE","DOS HERMANAS","ESPAÑOLES",78,84,162
" 09","ESTE","DOS HERMANAS","EXTRANJEROS",2,2,4
" 09","ESTE","DOS HERMANAS","TOTAL POBLACION",80,86,166
" 09","ESTE","ECIJA","ESPAÑOLES",2,0,2
" 09","ESTE","ECIJA","TOTAL POBLACION",2,0,2
" 09","ESTE","ESPARTINAS","ESPAÑOLES",18,12,30
" 09","ESTE","ESPARTINAS","TOTAL POBLACION",18,12,30
" 09","ESTE","FUENTES DE ANDALUCIA","ESPAÑOLES",6,4,10
" 09","ESTE","FUENTES DE ANDALUCIA","TOTAL POBLACION",6,4,10
" 09","ESTE","GELVES","ESPAÑOLES",7,6,13
" 09","ESTE","GELVES","TOTAL POBLACION",7,6,13
" 09","ESTE","GERENA","ESPAÑOLES",1,5,6
" 09","ESTE","GERENA","TOTAL POBLACION",1,5,6
" 09","ESTE","GILENA","ESPAÑOLES",1,1,2
" 09","ESTE","GILENA","TOTAL POBLACION",1,1,2
" 09","ESTE","GINES","ESPAÑOLES",4,6,10
" 09","ESTE","GINES","TOTAL POBLACION",4,6,10
" 09","ESTE","GUILLENA","ESPAÑOLES",7,3,10
" 09","ESTE","GUILLENA","TOTAL POBLACION",7,3,10
" 09","ESTE","HERRERA","ESPAÑOLES",1,0,1
" 09","ESTE","HERRERA","TOTAL POBLACION",1,0,1
" 09","ESTE","HUEVAR DEL ALJARAFE","ESPAÑOLES",1,3,4
" 09","ESTE","HUEVAR DEL ALJARAFE","TOTAL POBLACION",1,3,4
" 09","ESTE","LANTEJUELA (LA)","ESPAÑOLES",1,0,1
" 09","ESTE","LANTEJUELA (LA)","TOTAL POBLACION",1,0,1
" 09","ESTE","LEBRIJA","ESPAÑOLES",1,6,7
" 09","ESTE","LEBRIJA","TOTAL POBLACION",1,6,7
" 09","ESTE","LORA DEL RIO","EXTRANJEROS",1,0,1
" 09","ESTE","LORA DEL RIO","TOTAL POBLACION",1,0,1
" 09","ESTE","LUISIANA (LA)","ESPAÑOLES",2,2,4
" 09","ESTE","LUISIANA (LA)","TOTAL POBLACION",2,2,4
" 09","ESTE","MAIRENA DEL ALCOR","ESPAÑOLES",51,57,108
" 09","ESTE","MAIRENA DEL ALCOR","EXTRANJEROS",2,2,4
" 09","ESTE","MAIRENA DEL ALCOR","TOTAL POBLACION",53,59,112
" 09","ESTE","MAIRENA DEL ALJARAFE","ESPAÑOLES",37,36,73
" 09","ESTE","MAIRENA DEL ALJARAFE","EXTRANJEROS",3,0,3
" 09","ESTE","MAIRENA DEL ALJARAFE","TOTAL POBLACION",40,36,76
" 09","ESTE","MARCHENA","ESPAÑOLES",2,5,7
" 09","ESTE","MARCHENA","EXTRANJEROS",0,2,2
" 09","ESTE","MARCHENA","TOTAL POBLACION",2,7,9
" 09","ESTE","MONTELLANO","ESPAÑOLES",1,0,1
" 09","ESTE","MONTELLANO","TOTAL POBLACION",1,0,1
" 09","ESTE","MORON DE LA FRONTERA","ESPAÑOLES",2,0,2
" 09","ESTE","MORON DE LA FRONTERA","TOTAL POBLACION",2,0,2
" 09","ESTE","NAVAS DE LA CONCEPCION (LAS)","ESPAÑOLES",1,0,1
" 09","ESTE","NAVAS DE LA CONCEPCION (LAS)","TOTAL POBLACION",1,0,1
" 09","ESTE","OLIVARES","ESPAÑOLES",3,7,10
" 09","ESTE","OLIVARES","TOTAL POBLACION",3,7,10
" 09","ESTE","OSUNA","ESPAÑOLES",2,3,5
" 09","ESTE","OSUNA","TOTAL POBLACION",2,3,5
" 09","ESTE","PALACIOS Y VILLAFRANCA (LOS)","ESPAÑOLES",6,4,10
" 09","ESTE","PALACIOS Y VILLAFRANCA (LOS)","TOTAL POBLACION",6,4,10
" 09","ESTE","PALOMARES DEL RIO","ESPAÑOLES",7,10,17
" 09","ESTE","PALOMARES DEL RIO","TOTAL POBLACION",7,10,17
" 09","ESTE","PARADAS","ESPAÑOLES",0,2,2
" 09","ESTE","PARADAS","TOTAL POBLACION",0,2,2
" 09","ESTE","PEDROSO (EL)","ESPAÑOLES",2,1,3
" 09","ESTE","PEDROSO (EL)","TOTAL POBLACION",2,1,3
" 09","ESTE","PILAS","ESPAÑOLES",1,0,1
" 09","ESTE","PILAS","TOTAL POBLACION",1,0,1
" 09","ESTE","PUEBLA DE CAZALLA (LA)","ESPAÑOLES",4,5,9
" 09","ESTE","PUEBLA DE CAZALLA (LA)","EXTRANJEROS",0,1,1
" 09","ESTE","PUEBLA DE CAZALLA (LA)","TOTAL POBLACION",4,6,10
" 09","ESTE","PUEBLA DEL RIO (LA)","ESPAÑOLES",3,0,3
" 09","ESTE","PUEBLA DEL RIO (LA)","TOTAL POBLACION",3,0,3
" 09","ESTE","RINCONADA (LA)","ESPAÑOLES",25,34,59
" 09","ESTE","RINCONADA (LA)","EXTRANJEROS",4,2,6
" 09","ESTE","RINCONADA (LA)","TOTAL POBLACION",29,36,65
" 09","ESTE","RODA DE ANDALUCIA (LA)","ESPAÑOLES",0,1,1
" 09","ESTE","RODA DE ANDALUCIA (LA)","TOTAL POBLACION",0,1,1
" 09","ESTE","RUBIO (EL)","ESPAÑOLES",0,1,1
" 09","ESTE","RUBIO (EL)","TOTAL POBLACION",0,1,1
" 09","ESTE","SALTERAS","ESPAÑOLES",4,0,4
" 09","ESTE","SALTERAS","EXTRANJEROS",0,1,1
" 09","ESTE","SALTERAS","TOTAL POBLACION",4,1,5
" 09","ESTE","SAN JUAN DE AZNALFARACHE","ESPAÑOLES",14,2,16
" 09","ESTE","SAN JUAN DE AZNALFARACHE","EXTRANJEROS",2,2,4
" 09","ESTE","SAN JUAN DE AZNALFARACHE","TOTAL POBLACION",16,4,20
" 09","ESTE","SAN NICOLAS DEL PUERTO","ESPAÑOLES",1,0,1
" 09","ESTE","SAN NICOLAS DEL PUERTO","TOTAL POBLACION",1,0,1
" 09","ESTE","SANLUCAR LA MAYOR","ESPAÑOLES",8,7,15
" 09","ESTE","SANLUCAR LA MAYOR","TOTAL POBLACION",8,7,15
" 09","ESTE","SANTIPONCE","ESPAÑOLES",2,1,3
" 09","ESTE","SANTIPONCE","EXTRANJEROS",1,0,1
" 09","ESTE","SANTIPONCE","TOTAL POBLACION",3,1,4
" 09","ESTE","TOCINA","ESPAÑOLES",0,2,2
" 09","ESTE","TOCINA","TOTAL POBLACION",0,2,2
" 09","ESTE","TOMARES","ESPAÑOLES",11,9,20
" 09","ESTE","TOMARES","EXTRANJEROS",0,1,1
" 09","ESTE","TOMARES","TOTAL POBLACION",11,10,21
" 09","ESTE","UMBRETE","ESPAÑOLES",2,1,3
" 09","ESTE","UMBRETE","TOTAL POBLACION",2,1,3
" 09","ESTE","UTRERA","ESPAÑOLES",8,11,19
" 09","ESTE","UTRERA","TOTAL POBLACION",8,11,19
" 09","ESTE","VALENCINA DE LA CONCEPCION","ESPAÑOLES",3,0,3
" 09","ESTE","VALENCINA DE LA CONCEPCION","TOTAL POBLACION",3,0,3
" 09","ESTE","VILLAMANRIQUE DE LA CONDESA","ESPAÑOLES",0,1,1
" 09","ESTE","VILLAMANRIQUE DE LA CONDESA","TOTAL POBLACION",0,1,1
" 09","ESTE","VILLANUEVA DEL ARISCAL","ESPAÑOLES",3,3,6
" 09","ESTE","VILLANUEVA DEL ARISCAL","TOTAL POBLACION",3,3,6
" 09","ESTE","VILLANUEVA DEL RIO Y MINAS","ESPAÑOLES",1,4,5
" 09","ESTE","VILLANUEVA DEL RIO Y MINAS","TOTAL POBLACION",1,4,5
" 09","ESTE","VILLAVERDE DEL RIO","ESPAÑOLES",0,1,1
" 09","ESTE","VILLAVERDE DEL RIO","TOTAL POBLACION",0,1,1
" 09","ESTE","VISO DEL ALCOR (EL)","ESPAÑOLES",13,8,21
" 09","ESTE","VISO DEL ALCOR (EL)","EXTRANJEROS",2,1,3
" 09","ESTE","VISO DEL ALCOR (EL)","TOTAL POBLACION",15,9,24
" 10","BELLAVISTA-LA PALMERA","- FUERA DE LA PROVINCIA DE SEVILLA","ESPAÑOLES",273,261,534
" 10","BELLAVISTA-LA PALMERA","- FUERA DE LA PROVINCIA DE SEVILLA","EXTRANJEROS",27,46,73
" 10","BELLAVISTA-LA PALMERA","- FUERA DE LA PROVINCIA DE SEVILLA","TOTAL POBLACION",300,307,607
" 10","BELLAVISTA-LA PALMERA","- PROVINCIA DE SEVILLA","ESPAÑOLES",268,270,538
" 10","BELLAVISTA-LA PALMERA","- PROVINCIA DE SEVILLA","EXTRANJEROS",16,17,33
" 10","BELLAVISTA-LA PALMERA","- PROVINCIA DE SEVILLA","TOTAL POBLACION",284,287,571
" 10","BELLAVISTA-LA PALMERA","ALCALA DE GUADAIRA","ESPAÑOLES",10,11,21
" 10","BELLAVISTA-LA PALMERA","ALCALA DE GUADAIRA","EXTRANJEROS",0,3,3
" 10","BELLAVISTA-LA PALMERA","ALCALA DE GUADAIRA","TOTAL POBLACION",10,14,24
" 10","BELLAVISTA-LA PALMERA","ALCALA DEL RIO","ESPAÑOLES",1,1,2
" 10","BELLAVISTA-LA PALMERA","ALCALA DEL RIO","TOTAL POBLACION",1,1,2
" 10","BELLAVISTA-LA PALMERA","ALGABA (LA)","ESPAÑOLES",0,1,1
" 10","BELLAVISTA-LA PALMERA","ALGABA (LA)","TOTAL POBLACION",0,1,1
" 10","BELLAVISTA-LA PALMERA","ALGAMITAS","ESPAÑOLES",1,0,1
" 10","BELLAVISTA-LA PALMERA","ALGAMITAS","TOTAL POBLACION",1,0,1
" 10","BELLAVISTA-LA PALMERA","ALMADEN DE LA PLATA","ESPAÑOLES",0,1,1
" 10","BELLAVISTA-LA PALMERA","ALMADEN DE LA PLATA","TOTAL POBLACION",0,1,1
" 10","BELLAVISTA-LA PALMERA","ALMENSILLA","EXTRANJEROS",0,1,1
" 10","BELLAVISTA-LA PALMERA","ALMENSILLA","TOTAL POBLACION",0,1,1
" 10","BELLAVISTA-LA PALMERA","ARAHAL (EL)","ESPAÑOLES",1,0,1
" 10","BELLAVISTA-LA PALMERA","ARAHAL (EL)","TOTAL POBLACION",1,0,1
" 10","BELLAVISTA-LA PALMERA","AZNALCAZAR","ESPAÑOLES",1,0,1
" 10","BELLAVISTA-LA PALMERA","AZNALCAZAR","TOTAL POBLACION",1,0,1
" 10","BELLAVISTA-LA PALMERA","AZNALCOLLAR","ESPAÑOLES",1,2,3
" 10","BELLAVISTA-LA PALMERA","AZNALCOLLAR","TOTAL POBLACION",1,2,3
" 10","BELLAVISTA-LA PALMERA","BENACAZON","ESPAÑOLES",1,3,4
" 10","BELLAVISTA-LA PALMERA","BENACAZON","TOTAL POBLACION",1,3,4
" 10","BELLAVISTA-LA PALMERA","BORMUJOS","ESPAÑOLES",4,4,8
" 10","BELLAVISTA-LA PALMERA","BORMUJOS","TOTAL POBLACION",4,4,8
" 10","BELLAVISTA-LA PALMERA","BRENES","ESPAÑOLES",1,4,5
" 10","BELLAVISTA-LA PALMERA","BRENES","TOTAL POBLACION",1,4,5
" 10","BELLAVISTA-LA PALMERA","BURGUILLOS","ESPAÑOLES",5,9,14
" 10","BELLAVISTA-LA PALMERA","BURGUILLOS","TOTAL POBLACION",5,9,14
" 10","BELLAVISTA-LA PALMERA","CABEZAS DE SAN JUAN (LAS)","ESPAÑOLES",2,2,4
" 10","BELLAVISTA-LA PALMERA","CABEZAS DE SAN JUAN (LAS)","TOTAL POBLACION",2,2,4
" 10","BELLAVISTA-LA PALMERA","CAMAS","ESPAÑOLES",6,6,12
" 10","BELLAVISTA-LA PALMERA","CAMAS","TOTAL POBLACION",6,6,12
" 10","BELLAVISTA-LA PALMERA","CAMPANA (LA)","ESPAÑOLES",5,0,5
" 10","BELLAVISTA-LA PALMERA","CAMPANA (LA)","TOTAL POBLACION",5,0,5
" 10","BELLAVISTA-LA PALMERA","CANTILLANA","ESPAÑOLES",0,1,1
" 10","BELLAVISTA-LA PALMERA","CANTILLANA","TOTAL POBLACION",0,1,1
" 10","BELLAVISTA-LA PALMERA","CARMONA","ESPAÑOLES",1,3,4
" 10","BELLAVISTA-LA PALMERA","CARMONA","TOTAL POBLACION",1,3,4
" 10","BELLAVISTA-LA PALMERA","CASTILBLANCO DE LOS ARROYOS","ESPAÑOLES",2,2,4
" 10","BELLAVISTA-LA PALMERA","CASTILBLANCO DE LOS ARROYOS","TOTAL POBLACION",2,2,4
" 10","BELLAVISTA-LA PALMERA","CASTILLEJA DE GUZMAN","ESPAÑOLES",1,3,4
" 10","BELLAVISTA-LA PALMERA","CASTILLEJA DE GUZMAN","TOTAL POBLACION",1,3,4
" 10","BELLAVISTA-LA PALMERA","CASTILLEJA DE LA CUESTA","ESPAÑOLES",7,9,16
" 10","BELLAVISTA-LA PALMERA","CASTILLEJA DE LA CUESTA","TOTAL POBLACION",7,9,16
" 10","BELLAVISTA-LA PALMERA","CONSTANTINA","ESPAÑOLES",0,1,1
" 10","BELLAVISTA-LA PALMERA","CONSTANTINA","TOTAL POBLACION",0,1,1
" 10","BELLAVISTA-LA PALMERA","CORIA DEL RIO","ESPAÑOLES",12,9,21
" 10","BELLAVISTA-LA PALMERA","CORIA DEL RIO","EXTRANJEROS",1,0,1
" 10","BELLAVISTA-LA PALMERA","CORIA DEL RIO","TOTAL POBLACION",13,9,22
" 10","BELLAVISTA-LA PALMERA","CORIPE","ESPAÑOLES",1,0,1
" 10","BELLAVISTA-LA PALMERA","CORIPE","TOTAL POBLACION",1,0,1
" 10","BELLAVISTA-LA PALMERA","DOS HERMANAS","ESPAÑOLES",101,90,191
" 10","BELLAVISTA-LA PALMERA","DOS HERMANAS","EXTRANJEROS",7,10,17
" 10","BELLAVISTA-LA PALMERA","DOS HERMANAS","TOTAL POBLACION",108,100,208
" 10","BELLAVISTA-LA PALMERA","ECIJA","ESPAÑOLES",2,3,5
" 10","BELLAVISTA-LA PALMERA","ECIJA","EXTRANJEROS",2,1,3
" 10","BELLAVISTA-LA PALMERA","ECIJA","TOTAL POBLACION",4,4,8
" 10","BELLAVISTA-LA PALMERA","ESPARTINAS","ESPAÑOLES",5,5,10
" 10","BELLAVISTA-LA PALMERA","ESPARTINAS","TOTAL POBLACION",5,5,10
" 10","BELLAVISTA-LA PALMERA","ESTEPA","ESPAÑOLES",1,1,2
" 10","BELLAVISTA-LA PALMERA","ESTEPA","TOTAL POBLACION",1,1,2
" 10","BELLAVISTA-LA PALMERA","GELVES","ESPAÑOLES",6,6,12
" 10","BELLAVISTA-LA PALMERA","GELVES","TOTAL POBLACION",6,6,12
" 10","BELLAVISTA-LA PALMERA","GERENA","ESPAÑOLES",3,2,5
" 10","BELLAVISTA-LA PALMERA","GERENA","TOTAL POBLACION",3,2,5
" 10","BELLAVISTA-LA PALMERA","GINES","ESPAÑOLES",5,6,11
" 10","BELLAVISTA-LA PALMERA","GINES","TOTAL POBLACION",5,6,11
" 10","BELLAVISTA-LA PALMERA","GUILLENA","ESPAÑOLES",2,1,3
" 10","BELLAVISTA-LA PALMERA","GUILLENA","TOTAL POBLACION",2,1,3
" 10","BELLAVISTA-LA PALMERA","ISLA MAYOR","ESPAÑOLES",2,1,3
" 10","BELLAVISTA-LA PALMERA","ISLA MAYOR","TOTAL POBLACION",2,1,3
" 10","BELLAVISTA-LA PALMERA","LEBRIJA","ESPAÑOLES",0,1,1
" 10","BELLAVISTA-LA PALMERA","LEBRIJA","TOTAL POBLACION",0,1,1
" 10","BELLAVISTA-LA PALMERA","MAIRENA DEL ALCOR","ESPAÑOLES",2,1,3
" 10","BELLAVISTA-LA PALMERA","MAIRENA DEL ALCOR","TOTAL POBLACION",2,1,3
" 10","BELLAVISTA-LA PALMERA","MAIRENA DEL ALJARAFE","ESPAÑOLES",21,19,40
" 10","BELLAVISTA-LA PALMERA","MAIRENA DEL ALJARAFE","EXTRANJEROS",1,0,1
" 10","BELLAVISTA-LA PALMERA","MAIRENA DEL ALJARAFE","TOTAL POBLACION",22,19,41
" 10","BELLAVISTA-LA PALMERA","MOLARES (LOS)","ESPAÑOLES",1,0,1
" 10","BELLAVISTA-LA PALMERA","MOLARES (LOS)","TOTAL POBLACION",1,0,1
" 10","BELLAVISTA-LA PALMERA","MONTELLANO","ESPAÑOLES",0,1,1
" 10","BELLAVISTA-LA PALMERA","MONTELLANO","TOTAL POBLACION",0,1,1
" 10","BELLAVISTA-LA PALMERA","MORON DE LA FRONTERA","ESPAÑOLES",1,0,1
" 10","BELLAVISTA-LA PALMERA","MORON DE LA FRONTERA","TOTAL POBLACION",1,0,1
" 10","BELLAVISTA-LA PALMERA","OLIVARES","ESPAÑOLES",1,0,1
" 10","BELLAVISTA-LA PALMERA","OLIVARES","TOTAL POBLACION",1,0,1
" 10","BELLAVISTA-LA PALMERA","PALACIOS Y VILLAFRANCA (LOS)","ESPAÑOLES",6,6,12
" 10","BELLAVISTA-LA PALMERA","PALACIOS Y VILLAFRANCA (LOS)","TOTAL POBLACION",6,6,12
" 10","BELLAVISTA-LA PALMERA","PALOMARES DEL RIO","ESPAÑOLES",3,6,9
" 10","BELLAVISTA-LA PALMERA","PALOMARES DEL RIO","TOTAL POBLACION",3,6,9
" 10","BELLAVISTA-LA PALMERA","PUEBLA DE CAZALLA (LA)","ESPAÑOLES",0,1,1
" 10","BELLAVISTA-LA PALMERA","PUEBLA DE CAZALLA (LA)","TOTAL POBLACION",0,1,1
" 10","BELLAVISTA-LA PALMERA","PUEBLA DEL RIO (LA)","ESPAÑOLES",4,2,6
" 10","BELLAVISTA-LA PALMERA","PUEBLA DEL RIO (LA)","TOTAL POBLACION",4,2,6
" 10","BELLAVISTA-LA PALMERA","RINCONADA (LA)","ESPAÑOLES",2,9,11
" 10","BELLAVISTA-LA PALMERA","RINCONADA (LA)","TOTAL POBLACION",2,9,11
" 10","BELLAVISTA-LA PALMERA","RUBIO (EL)","ESPAÑOLES",1,0,1
" 10","BELLAVISTA-LA PALMERA","RUBIO (EL)","TOTAL POBLACION",1,0,1
" 10","BELLAVISTA-LA PALMERA","SALTERAS","ESPAÑOLES",1,0,1
" 10","BELLAVISTA-LA PALMERA","SALTERAS","TOTAL POBLACION",1,0,1
" 10","BELLAVISTA-LA PALMERA","SAN JUAN DE AZNALFARACHE","ESPAÑOLES",4,5,9
" 10","BELLAVISTA-LA PALMERA","SAN JUAN DE AZNALFARACHE","EXTRANJEROS",2,1,3
" 10","BELLAVISTA-LA PALMERA","SAN JUAN DE AZNALFARACHE","TOTAL POBLACION",6,6,12
" 10","BELLAVISTA-LA PALMERA","SANLUCAR LA MAYOR","ESPAÑOLES",4,2,6
" 10","BELLAVISTA-LA PALMERA","SANLUCAR LA MAYOR","TOTAL POBLACION",4,2,6
" 10","BELLAVISTA-LA PALMERA","SANTIPONCE","ESPAÑOLES",1,0,1
" 10","BELLAVISTA-LA PALMERA","SANTIPONCE","TOTAL POBLACION",1,0,1
" 10","BELLAVISTA-LA PALMERA","TOCINA","ESPAÑOLES",0,1,1
" 10","BELLAVISTA-LA PALMERA","TOCINA","TOTAL POBLACION",0,1,1
" 10","BELLAVISTA-LA PALMERA","TOMARES","ESPAÑOLES",12,16,28
" 10","BELLAVISTA-LA PALMERA","TOMARES","EXTRANJEROS",1,0,1
" 10","BELLAVISTA-LA PALMERA","TOMARES","TOTAL POBLACION",13,16,29
" 10","BELLAVISTA-LA PALMERA","UMBRETE","ESPAÑOLES",1,1,2
" 10","BELLAVISTA-LA PALMERA","UMBRETE","TOTAL POBLACION",1,1,2
" 10","BELLAVISTA-LA PALMERA","UTRERA","ESPAÑOLES",6,6,12
" 10","BELLAVISTA-LA PALMERA","UTRERA","TOTAL POBLACION",6,6,12
" 10","BELLAVISTA-LA PALMERA","VALENCINA DE LA CONCEPCION","ESPAÑOLES",2,3,5
" 10","BELLAVISTA-LA PALMERA","VALENCINA DE LA CONCEPCION","TOTAL POBLACION",2,3,5
" 10","BELLAVISTA-LA PALMERA","VILLAMANRIQUE DE LA CONDESA","ESPAÑOLES",0,1,1
" 10","BELLAVISTA-LA PALMERA","VILLAMANRIQUE DE LA CONDESA","EXTRANJEROS",2,1,3
" 10","BELLAVISTA-LA PALMERA","VILLAMANRIQUE DE LA CONDESA","TOTAL POBLACION",2,2,4
" 10","BELLAVISTA-LA PALMERA","VILLANUEVA DEL ARISCAL","ESPAÑOLES",4,1,5
" 10","BELLAVISTA-LA PALMERA","VILLANUEVA DEL ARISCAL","TOTAL POBLACION",4,1,5
" 10","BELLAVISTA-LA PALMERA","VILLANUEVA DEL RIO Y MINAS","ESPAÑOLES",1,0,1
" 10","BELLAVISTA-LA PALMERA","VILLANUEVA DEL RIO Y MINAS","TOTAL POBLACION",1,0,1
" 10","BELLAVISTA-LA PALMERA","VILLAVERDE DEL RIO","ESPAÑOLES",0,1,1
" 10","BELLAVISTA-LA PALMERA","VILLAVERDE DEL RIO","TOTAL POBLACION",0,1,1
" 11","LOS REMEDIOS","- FUERA DE LA PROVINCIA DE SEVILLA","ESPAÑOLES",160,163,323
" 11","LOS REMEDIOS","- FUERA DE LA PROVINCIA DE SEVILLA","EXTRANJEROS",10,16,26
" 11","LOS REMEDIOS","- FUERA DE LA PROVINCIA DE SEVILLA","TOTAL POBLACION",170,179,349
" 11","LOS REMEDIOS","- PROVINCIA DE SEVILLA","ESPAÑOLES",119,152,271
" 11","LOS REMEDIOS","- PROVINCIA DE SEVILLA","EXTRANJEROS",6,14,20
" 11","LOS REMEDIOS","- PROVINCIA DE SEVILLA","TOTAL POBLACION",125,166,291
" 11","LOS REMEDIOS","ALANIS","EXTRANJEROS",0,1,1
" 11","LOS REMEDIOS","ALANIS","TOTAL POBLACION",0,1,1
" 11","LOS REMEDIOS","ALBAIDA DEL ALJARAFE","ESPAÑOLES",0,1,1
" 11","LOS REMEDIOS","ALBAIDA DEL ALJARAFE","TOTAL POBLACION",0,1,1
" 11","LOS REMEDIOS","ALCALA DE GUADAIRA","ESPAÑOLES",4,3,7
" 11","LOS REMEDIOS","ALCALA DE GUADAIRA","EXTRANJEROS",1,2,3
" 11","LOS REMEDIOS","ALCALA DE GUADAIRA","TOTAL POBLACION",5,5,10
" 11","LOS REMEDIOS","ALCALA DEL RIO","ESPAÑOLES",2,0,2
" 11","LOS REMEDIOS","ALCALA DEL RIO","TOTAL POBLACION",2,0,2
" 11","LOS REMEDIOS","ALGABA (LA)","ESPAÑOLES",2,2,4
" 11","LOS REMEDIOS","ALGABA (LA)","TOTAL POBLACION",2,2,4
" 11","LOS REMEDIOS","ALMENSILLA","ESPAÑOLES",1,2,3
" 11","LOS REMEDIOS","ALMENSILLA","TOTAL POBLACION",1,2,3
" 11","LOS REMEDIOS","ARAHAL (EL)","ESPAÑOLES",1,0,1
" 11","LOS REMEDIOS","ARAHAL (EL)","TOTAL POBLACION",1,0,1
" 11","LOS REMEDIOS","BENACAZON","ESPAÑOLES",2,1,3
" 11","LOS REMEDIOS","BENACAZON","TOTAL POBLACION",2,1,3
" 11","LOS REMEDIOS","BOLLULLOS DE LA MITACION","ESPAÑOLES",5,4,9
" 11","LOS REMEDIOS","BOLLULLOS DE LA MITACION","TOTAL POBLACION",5,4,9
" 11","LOS REMEDIOS","BORMUJOS","ESPAÑOLES",2,5,7
" 11","LOS REMEDIOS","BORMUJOS","TOTAL POBLACION",2,5,7
" 11","LOS REMEDIOS","CAMAS","ESPAÑOLES",6,8,14
" 11","LOS REMEDIOS","CAMAS","TOTAL POBLACION",6,8,14
" 11","LOS REMEDIOS","CARMONA","ESPAÑOLES",1,2,3
" 11","LOS REMEDIOS","CARMONA","TOTAL POBLACION",1,2,3
" 11","LOS REMEDIOS","CARRION DE LOS CESPEDES","ESPAÑOLES",1,1,2
" 11","LOS REMEDIOS","CARRION DE LOS CESPEDES","TOTAL POBLACION",1,1,2
" 11","LOS REMEDIOS","CASTILLEJA DE GUZMAN","ESPAÑOLES",1,0,1
" 11","LOS REMEDIOS","CASTILLEJA DE GUZMAN","TOTAL POBLACION",1,0,1
" 11","LOS REMEDIOS","CASTILLEJA DE LA CUESTA","ESPAÑOLES",3,6,9
" 11","LOS REMEDIOS","CASTILLEJA DE LA CUESTA","EXTRANJEROS",0,1,1
" 11","LOS REMEDIOS","CASTILLEJA DE LA CUESTA","TOTAL POBLACION",3,7,10
" 11","LOS REMEDIOS","CAZALLA DE LA SIERRA","ESPAÑOLES",0,1,1
" 11","LOS REMEDIOS","CAZALLA DE LA SIERRA","TOTAL POBLACION",0,1,1
" 11","LOS REMEDIOS","CONSTANTINA","ESPAÑOLES",1,1,2
" 11","LOS REMEDIOS","CONSTANTINA","TOTAL POBLACION",1,1,2
" 11","LOS REMEDIOS","CORIA DEL RIO","ESPAÑOLES",5,8,13
" 11","LOS REMEDIOS","CORIA DEL RIO","EXTRANJEROS",0,1,1
" 11","LOS REMEDIOS","CORIA DEL RIO","TOTAL POBLACION",5,9,14
" 11","LOS REMEDIOS","DOS HERMANAS","ESPAÑOLES",8,7,15
" 11","LOS REMEDIOS","DOS HERMANAS","EXTRANJEROS",3,2,5
" 11","LOS REMEDIOS","DOS HERMANAS","TOTAL POBLACION",11,9,20
" 11","LOS REMEDIOS","ECIJA","ESPAÑOLES",2,1,3
" 11","LOS REMEDIOS","ECIJA","TOTAL POBLACION",2,1,3
" 11","LOS REMEDIOS","ESPARTINAS","ESPAÑOLES",7,7,14
" 11","LOS REMEDIOS","ESPARTINAS","TOTAL POBLACION",7,7,14
" 11","LOS REMEDIOS","GELVES","ESPAÑOLES",8,9,17
" 11","LOS REMEDIOS","GELVES","TOTAL POBLACION",8,9,17
" 11","LOS REMEDIOS","GINES","ESPAÑOLES",2,3,5
" 11","LOS REMEDIOS","GINES","TOTAL POBLACION",2,3,5
" 11","LOS REMEDIOS","GUILLENA","ESPAÑOLES",1,2,3
" 11","LOS REMEDIOS","GUILLENA","TOTAL POBLACION",1,2,3
" 11","LOS REMEDIOS","ISLA MAYOR","EXTRANJEROS",1,0,1
" 11","LOS REMEDIOS","ISLA MAYOR","TOTAL POBLACION",1,0,1
" 11","LOS REMEDIOS","MAIRENA DEL ALCOR","ESPAÑOLES",1,0,1
" 11","LOS REMEDIOS","MAIRENA DEL ALCOR","TOTAL POBLACION",1,0,1
" 11","LOS REMEDIOS","MAIRENA DEL ALJARAFE","ESPAÑOLES",13,24,37
" 11","LOS REMEDIOS","MAIRENA DEL ALJARAFE","EXTRANJEROS",0,2,2
" 11","LOS REMEDIOS","MAIRENA DEL ALJARAFE","TOTAL POBLACION",13,26,39
" 11","LOS REMEDIOS","MARCHENA","ESPAÑOLES",1,0,1
" 11","LOS REMEDIOS","MARCHENA","TOTAL POBLACION",1,0,1
" 11","LOS REMEDIOS","MOLARES (LOS)","ESPAÑOLES",0,1,1
" 11","LOS REMEDIOS","MOLARES (LOS)","TOTAL POBLACION",0,1,1
" 11","LOS REMEDIOS","MORON DE LA FRONTERA","ESPAÑOLES",1,2,3
" 11","LOS REMEDIOS","MORON DE LA FRONTERA","TOTAL POBLACION",1,2,3
" 11","LOS REMEDIOS","OLIVARES","ESPAÑOLES",1,0,1
" 11","LOS REMEDIOS","OLIVARES","EXTRANJEROS",0,1,1
" 11","LOS REMEDIOS","OLIVARES","TOTAL POBLACION",1,1,2
" 11","LOS REMEDIOS","PALACIOS Y VILLAFRANCA (LOS)","EXTRANJEROS",0,1,1
" 11","LOS REMEDIOS","PALACIOS Y VILLAFRANCA (LOS)","TOTAL POBLACION",0,1,1
" 11","LOS REMEDIOS","PALOMARES DEL RIO","ESPAÑOLES",4,4,8
" 11","LOS REMEDIOS","PALOMARES DEL RIO","TOTAL POBLACION",4,4,8
" 11","LOS REMEDIOS","PUEBLA DEL RIO (LA)","ESPAÑOLES",1,1,2
" 11","LOS REMEDIOS","PUEBLA DEL RIO (LA)","TOTAL POBLACION",1,1,2
" 11","LOS REMEDIOS","RINCONADA (LA)","ESPAÑOLES",2,1,3
" 11","LOS REMEDIOS","RINCONADA (LA)","TOTAL POBLACION",2,1,3
" 11","LOS REMEDIOS","SALTERAS","ESPAÑOLES",1,2,3
" 11","LOS REMEDIOS","SALTERAS","TOTAL POBLACION",1,2,3
" 11","LOS REMEDIOS","SAN JUAN DE AZNALFARACHE","ESPAÑOLES",5,13,18
" 11","LOS REMEDIOS","SAN JUAN DE AZNALFARACHE","EXTRANJEROS",0,1,1
" 11","LOS REMEDIOS","SAN JUAN DE AZNALFARACHE","TOTAL POBLACION",5,14,19
" 11","LOS REMEDIOS","SAN NICOLAS DEL PUERTO","ESPAÑOLES",1,0,1
" 11","LOS REMEDIOS","SAN NICOLAS DEL PUERTO","TOTAL POBLACION",1,0,1
" 11","LOS REMEDIOS","SANLUCAR LA MAYOR","ESPAÑOLES",1,1,2
" 11","LOS REMEDIOS","SANLUCAR LA MAYOR","TOTAL POBLACION",1,1,2
" 11","LOS REMEDIOS","SANTIPONCE","ESPAÑOLES",2,0,2
" 11","LOS REMEDIOS","SANTIPONCE","TOTAL POBLACION",2,0,2
" 11","LOS REMEDIOS","TOCINA","ESPAÑOLES",0,2,2
" 11","LOS REMEDIOS","TOCINA","TOTAL POBLACION",0,2,2
" 11","LOS REMEDIOS","TOMARES","ESPAÑOLES",16,20,36
" 11","LOS REMEDIOS","TOMARES","EXTRANJEROS",1,1,2
" 11","LOS REMEDIOS","TOMARES","TOTAL POBLACION",17,21,38
" 11","LOS REMEDIOS","UMBRETE","ESPAÑOLES",1,0,1
" 11","LOS REMEDIOS","UMBRETE","TOTAL POBLACION",1,0,1
" 11","LOS REMEDIOS","UTRERA","ESPAÑOLES",2,4,6
" 11","LOS REMEDIOS","UTRERA","TOTAL POBLACION",2,4,6
" 11","LOS REMEDIOS","VALENCINA DE LA CONCEPCION","ESPAÑOLES",0,1,1
" 11","LOS REMEDIOS","VALENCINA DE LA CONCEPCION","TOTAL POBLACION",0,1,1
" 11","LOS REMEDIOS","VILLAMANRIQUE DE LA CONDESA","EXTRANJEROS",0,1,1
" 11","LOS REMEDIOS","VILLAMANRIQUE DE LA CONDESA","TOTAL POBLACION",0,1,1
" 11","LOS REMEDIOS","VILLANUEVA DEL ARISCAL","ESPAÑOLES",1,2,3
" 11","LOS REMEDIOS","VILLANUEVA DEL ARISCAL","TOTAL POBLACION",1,2,3
