"CD","ND","DESTINO","NACION","HOMBRES","MUJERES","TOTAL"
" 01","CASCO ANTIGUO","- FUERA DE LA PROVINCIA DE SEVILLA","ESPAÑOLES",419,430,849
" 01","CASCO ANTIGUO","- FUERA DE LA PROVINCIA DE SEVILLA","EXTRANJEROS",79,88,167
" 01","CASCO ANTIGUO","- FUERA DE LA PROVINCIA DE SEVILLA","TOTAL POBLACION",498,518,1016
" 01","CASCO ANTIGUO","- PROVINCIA DE SEVILLA","ESPAÑOLES",288,308,596
" 01","CASCO ANTIGUO","- PROVINCIA DE SEVILLA","EXTRANJEROS",28,29,57
" 01","CASCO ANTIGUO","- PROVINCIA DE SEVILLA","TOTAL POBLACION",316,337,653
" 01","CASCO ANTIGUO","ALCALA DE GUADAIRA","ESPAÑOLES",8,9,17
" 01","CASCO ANTIGUO","ALCALA DE GUADAIRA","EXTRANJEROS",1,0,1
" 01","CASCO ANTIGUO","ALCALA DE GUADAIRA","TOTAL POBLACION",9,9,18
" 01","CASCO ANTIGUO","ALCALA DEL RIO","ESPAÑOLES",3,0,3
" 01","CASCO ANTIGUO","ALCALA DEL RIO","TOTAL POBLACION",3,0,3
" 01","CASCO ANTIGUO","ALCOLEA DEL RIO","ESPAÑOLES",1,0,1
" 01","CASCO ANTIGUO","ALCOLEA DEL RIO","TOTAL POBLACION",1,0,1
" 01","CASCO ANTIGUO","ALGABA (LA)","ESPAÑOLES",4,4,8
" 01","CASCO ANTIGUO","ALGABA (LA)","TOTAL POBLACION",4,4,8
" 01","CASCO ANTIGUO","ALMADEN DE LA PLATA","ESPAÑOLES",1,0,1
" 01","CASCO ANTIGUO","ALMADEN DE LA PLATA","TOTAL POBLACION",1,0,1
" 01","CASCO ANTIGUO","ALMENSILLA","ESPAÑOLES",1,3,4
" 01","CASCO ANTIGUO","ALMENSILLA","TOTAL POBLACION",1,3,4
" 01","CASCO ANTIGUO","ARAHAL (EL)","EXTRANJEROS",0,1,1
" 01","CASCO ANTIGUO","ARAHAL (EL)","TOTAL POBLACION",0,1,1
" 01","CASCO ANTIGUO","AZNALCAZAR","ESPAÑOLES",0,1,1
" 01","CASCO ANTIGUO","AZNALCAZAR","TOTAL POBLACION",0,1,1
" 01","CASCO ANTIGUO","AZNALCOLLAR","ESPAÑOLES",2,1,3
" 01","CASCO ANTIGUO","AZNALCOLLAR","TOTAL POBLACION",2,1,3
" 01","CASCO ANTIGUO","BENACAZON","ESPAÑOLES",1,2,3
" 01","CASCO ANTIGUO","BENACAZON","TOTAL POBLACION",1,2,3
" 01","CASCO ANTIGUO","BOLLULLOS DE LA MITACION","ESPAÑOLES",3,2,5
" 01","CASCO ANTIGUO","BOLLULLOS DE LA MITACION","EXTRANJEROS",0,1,1
" 01","CASCO ANTIGUO","BOLLULLOS DE LA MITACION","TOTAL POBLACION",3,3,6
" 01","CASCO ANTIGUO","BORMUJOS","ESPAÑOLES",15,21,36
" 01","CASCO ANTIGUO","BORMUJOS","EXTRANJEROS",1,2,3
" 01","CASCO ANTIGUO","BORMUJOS","TOTAL POBLACION",16,23,39
" 01","CASCO ANTIGUO","BURGUILLOS","ESPAÑOLES",1,1,2
" 01","CASCO ANTIGUO","BURGUILLOS","TOTAL POBLACION",1,1,2
" 01","CASCO ANTIGUO","CAMAS","ESPAÑOLES",20,22,42
" 01","CASCO ANTIGUO","CAMAS","EXTRANJEROS",2,4,6
" 01","CASCO ANTIGUO","CAMAS","TOTAL POBLACION",22,26,48
" 01","CASCO ANTIGUO","CAMPANA (LA)","ESPAÑOLES",0,1,1
" 01","CASCO ANTIGUO","CAMPANA (LA)","TOTAL POBLACION",0,1,1
" 01","CASCO ANTIGUO","CANTILLANA","ESPAÑOLES",4,2,6
" 01","CASCO ANTIGUO","CANTILLANA","TOTAL POBLACION",4,2,6
" 01","CASCO ANTIGUO","CARMONA","ESPAÑOLES",8,4,12
" 01","CASCO ANTIGUO","CARMONA","TOTAL POBLACION",8,4,12
" 01","CASCO ANTIGUO","CARRION DE LOS CESPEDES","ESPAÑOLES",1,0,1
" 01","CASCO ANTIGUO","CARRION DE LOS CESPEDES","TOTAL POBLACION",1,0,1
" 01","CASCO ANTIGUO","CASTILBLANCO DE LOS ARROYOS","ESPAÑOLES",1,2,3
" 01","CASCO ANTIGUO","CASTILBLANCO DE LOS ARROYOS","TOTAL POBLACION",1,2,3
" 01","CASCO ANTIGUO","CASTILLEJA DE GUZMAN","ESPAÑOLES",1,2,3
" 01","CASCO ANTIGUO","CASTILLEJA DE GUZMAN","TOTAL POBLACION",1,2,3
" 01","CASCO ANTIGUO","CASTILLEJA DE LA CUESTA","ESPAÑOLES",5,10,15
" 01","CASCO ANTIGUO","CASTILLEJA DE LA CUESTA","EXTRANJEROS",2,1,3
" 01","CASCO ANTIGUO","CASTILLEJA DE LA CUESTA","TOTAL POBLACION",7,11,18
" 01","CASCO ANTIGUO","CASTILLO DE LAS GUARDAS (EL)","ESPAÑOLES",1,2,3
" 01","CASCO ANTIGUO","CASTILLO DE LAS GUARDAS (EL)","TOTAL POBLACION",1,2,3
" 01","CASCO ANTIGUO","CAZALLA DE LA SIERRA","ESPAÑOLES",1,4,5
" 01","CASCO ANTIGUO","CAZALLA DE LA SIERRA","TOTAL POBLACION",1,4,5
" 01","CASCO ANTIGUO","CONSTANTINA","ESPAÑOLES",1,1,2
" 01","CASCO ANTIGUO","CONSTANTINA","TOTAL POBLACION",1,1,2
" 01","CASCO ANTIGUO","CORIA DEL RIO","ESPAÑOLES",6,8,14
" 01","CASCO ANTIGUO","CORIA DEL RIO","EXTRANJEROS",1,1,2
" 01","CASCO ANTIGUO","CORIA DEL RIO","TOTAL POBLACION",7,9,16
" 01","CASCO ANTIGUO","DOS HERMANAS","ESPAÑOLES",25,36,61
" 01","CASCO ANTIGUO","DOS HERMANAS","EXTRANJEROS",0,1,1
" 01","CASCO ANTIGUO","DOS HERMANAS","TOTAL POBLACION",25,37,62
" 01","CASCO ANTIGUO","ECIJA","ESPAÑOLES",1,0,1
" 01","CASCO ANTIGUO","ECIJA","TOTAL POBLACION",1,0,1
" 01","CASCO ANTIGUO","ESPARTINAS","ESPAÑOLES",6,13,19
" 01","CASCO ANTIGUO","ESPARTINAS","EXTRANJEROS",3,2,5
" 01","CASCO ANTIGUO","ESPARTINAS","TOTAL POBLACION",9,15,24
" 01","CASCO ANTIGUO","ESTEPA","ESPAÑOLES",0,1,1
" 01","CASCO ANTIGUO","ESTEPA","TOTAL POBLACION",0,1,1
" 01","CASCO ANTIGUO","FUENTES DE ANDALUCIA","ESPAÑOLES",2,1,3
" 01","CASCO ANTIGUO","FUENTES DE ANDALUCIA","TOTAL POBLACION",2,1,3
" 01","CASCO ANTIGUO","GELVES","ESPAÑOLES",6,5,11
" 01","CASCO ANTIGUO","GELVES","EXTRANJEROS",0,2,2
" 01","CASCO ANTIGUO","GELVES","TOTAL POBLACION",6,7,13
" 01","CASCO ANTIGUO","GERENA","ESPAÑOLES",6,9,15
" 01","CASCO ANTIGUO","GERENA","EXTRANJEROS",2,3,5
" 01","CASCO ANTIGUO","GERENA","TOTAL POBLACION",8,12,20
" 01","CASCO ANTIGUO","GINES","ESPAÑOLES",5,4,9
" 01","CASCO ANTIGUO","GINES","EXTRANJEROS",1,1,2
" 01","CASCO ANTIGUO","GINES","TOTAL POBLACION",6,5,11
" 01","CASCO ANTIGUO","GUADALCANAL","ESPAÑOLES",1,0,1
" 01","CASCO ANTIGUO","GUADALCANAL","TOTAL POBLACION",1,0,1
" 01","CASCO ANTIGUO","GUILLENA","ESPAÑOLES",6,4,10
" 01","CASCO ANTIGUO","GUILLENA","TOTAL POBLACION",6,4,10
" 01","CASCO ANTIGUO","HUEVAR DEL ALJARAFE","EXTRANJEROS",0,1,1
" 01","CASCO ANTIGUO","HUEVAR DEL ALJARAFE","TOTAL POBLACION",0,1,1
" 01","CASCO ANTIGUO","ISLA MAYOR","ESPAÑOLES",1,0,1
" 01","CASCO ANTIGUO","ISLA MAYOR","TOTAL POBLACION",1,0,1
" 01","CASCO ANTIGUO","LANTEJUELA (LA)","ESPAÑOLES",0,1,1
" 01","CASCO ANTIGUO","LANTEJUELA (LA)","TOTAL POBLACION",0,1,1
" 01","CASCO ANTIGUO","LEBRIJA","ESPAÑOLES",5,1,6
" 01","CASCO ANTIGUO","LEBRIJA","TOTAL POBLACION",5,1,6
" 01","CASCO ANTIGUO","LORA DEL RIO","ESPAÑOLES",2,2,4
" 01","CASCO ANTIGUO","LORA DEL RIO","TOTAL POBLACION",2,2,4
" 01","CASCO ANTIGUO","MAIRENA DEL ALCOR","ESPAÑOLES",0,3,3
" 01","CASCO ANTIGUO","MAIRENA DEL ALCOR","EXTRANJEROS",1,0,1
" 01","CASCO ANTIGUO","MAIRENA DEL ALCOR","TOTAL POBLACION",1,3,4
" 01","CASCO ANTIGUO","MAIRENA DEL ALJARAFE","ESPAÑOLES",37,28,65
" 01","CASCO ANTIGUO","MAIRENA DEL ALJARAFE","EXTRANJEROS",3,2,5
" 01","CASCO ANTIGUO","MAIRENA DEL ALJARAFE","TOTAL POBLACION",40,30,70
" 01","CASCO ANTIGUO","MONTELLANO","ESPAÑOLES",2,1,3
" 01","CASCO ANTIGUO","MONTELLANO","TOTAL POBLACION",2,1,3
" 01","CASCO ANTIGUO","MORON DE LA FRONTERA","ESPAÑOLES",0,2,2
" 01","CASCO ANTIGUO","MORON DE LA FRONTERA","TOTAL POBLACION",0,2,2
" 01","CASCO ANTIGUO","OLIVARES","ESPAÑOLES",1,1,2
" 01","CASCO ANTIGUO","OLIVARES","TOTAL POBLACION",1,1,2
" 01","CASCO ANTIGUO","OSUNA","ESPAÑOLES",3,0,3
" 01","CASCO ANTIGUO","OSUNA","TOTAL POBLACION",3,0,3
" 01","CASCO ANTIGUO","PALACIOS Y VILLAFRANCA (LOS)","ESPAÑOLES",1,1,2
" 01","CASCO ANTIGUO","PALACIOS Y VILLAFRANCA (LOS)","TOTAL POBLACION",1,1,2
" 01","CASCO ANTIGUO","PALOMARES DEL RIO","ESPAÑOLES",2,4,6
" 01","CASCO ANTIGUO","PALOMARES DEL RIO","TOTAL POBLACION",2,4,6
" 01","CASCO ANTIGUO","PARADAS","ESPAÑOLES",1,1,2
" 01","CASCO ANTIGUO","PARADAS","TOTAL POBLACION",1,1,2
" 01","CASCO ANTIGUO","PEDRERA","ESPAÑOLES",0,1,1
" 01","CASCO ANTIGUO","PEDRERA","TOTAL POBLACION",0,1,1
" 01","CASCO ANTIGUO","PILAS","ESPAÑOLES",1,0,1
" 01","CASCO ANTIGUO","PILAS","TOTAL POBLACION",1,0,1
" 01","CASCO ANTIGUO","PUEBLA DE CAZALLA (LA)","ESPAÑOLES",0,1,1
" 01","CASCO ANTIGUO","PUEBLA DE CAZALLA (LA)","TOTAL POBLACION",0,1,1
" 01","CASCO ANTIGUO","PUEBLA DE LOS INFANTES (LA)","ESPAÑOLES",0,3,3
" 01","CASCO ANTIGUO","PUEBLA DE LOS INFANTES (LA)","TOTAL POBLACION",0,3,3
" 01","CASCO ANTIGUO","RINCONADA (LA)","ESPAÑOLES",9,11,20
" 01","CASCO ANTIGUO","RINCONADA (LA)","TOTAL POBLACION",9,11,20
" 01","CASCO ANTIGUO","RONQUILLO (EL)","ESPAÑOLES",1,0,1
" 01","CASCO ANTIGUO","RONQUILLO (EL)","TOTAL POBLACION",1,0,1
" 01","CASCO ANTIGUO","SALTERAS","ESPAÑOLES",3,2,5
" 01","CASCO ANTIGUO","SALTERAS","TOTAL POBLACION",3,2,5
" 01","CASCO ANTIGUO","SAN JUAN DE AZNALFARACHE","ESPAÑOLES",12,6,18
" 01","CASCO ANTIGUO","SAN JUAN DE AZNALFARACHE","EXTRANJEROS",2,4,6
" 01","CASCO ANTIGUO","SAN JUAN DE AZNALFARACHE","TOTAL POBLACION",14,10,24
" 01","CASCO ANTIGUO","SANLUCAR LA MAYOR","ESPAÑOLES",4,9,13
" 01","CASCO ANTIGUO","SANLUCAR LA MAYOR","EXTRANJEROS",2,1,3
" 01","CASCO ANTIGUO","SANLUCAR LA MAYOR","TOTAL POBLACION",6,10,16
" 01","CASCO ANTIGUO","SANTIPONCE","ESPAÑOLES",1,0,1
" 01","CASCO ANTIGUO","SANTIPONCE","TOTAL POBLACION",1,0,1
" 01","CASCO ANTIGUO","TOCINA","ESPAÑOLES",1,0,1
" 01","CASCO ANTIGUO","TOCINA","TOTAL POBLACION",1,0,1
" 01","CASCO ANTIGUO","TOMARES","ESPAÑOLES",36,38,74
" 01","CASCO ANTIGUO","TOMARES","EXTRANJEROS",5,1,6
" 01","CASCO ANTIGUO","TOMARES","TOTAL POBLACION",41,39,80
" 01","CASCO ANTIGUO","UMBRETE","ESPAÑOLES",8,5,13
" 01","CASCO ANTIGUO","UMBRETE","TOTAL POBLACION",8,5,13
" 01","CASCO ANTIGUO","UTRERA","ESPAÑOLES",0,4,4
" 01","CASCO ANTIGUO","UTRERA","EXTRANJEROS",1,1,2
" 01","CASCO ANTIGUO","UTRERA","TOTAL POBLACION",1,5,6
" 01","CASCO ANTIGUO","VALENCINA DE LA CONCEPCION","ESPAÑOLES",3,5,8
" 01","CASCO ANTIGUO","VALENCINA DE LA CONCEPCION","EXTRANJEROS",1,0,1
" 01","CASCO ANTIGUO","VALENCINA DE LA CONCEPCION","TOTAL POBLACION",4,5,9
" 01","CASCO ANTIGUO","VILLAMANRIQUE DE LA CONDESA","ESPAÑOLES",2,1,3
" 01","CASCO ANTIGUO","VILLAMANRIQUE DE LA CONDESA","TOTAL POBLACION",2,1,3
" 01","CASCO ANTIGUO","VILLANUEVA DEL ARISCAL","ESPAÑOLES",2,1,3
" 01","CASCO ANTIGUO","VILLANUEVA DEL ARISCAL","TOTAL POBLACION",2,1,3
" 01","CASCO ANTIGUO","VILLANUEVA DEL RIO Y MINAS","ESPAÑOLES",1,1,2
" 01","CASCO ANTIGUO","VILLANUEVA DEL RIO Y MINAS","TOTAL POBLACION",1,1,2
" 01","CASCO ANTIGUO","VILLAVERDE DEL RIO","ESPAÑOLES",1,0,1
" 01","CASCO ANTIGUO","VILLAVERDE DEL RIO","TOTAL POBLACION",1,0,1
" 01","CASCO ANTIGUO","VISO DEL ALCOR (EL)","ESPAÑOLES",1,0,1
" 01","CASCO ANTIGUO","VISO DEL ALCOR (EL)","TOTAL POBLACION",1,0,1
" 02","MACARENA","- FUERA DE LA PROVINCIA DE SEVILLA","ESPAÑOLES",427,404,831
" 02","MACARENA","- FUERA DE LA PROVINCIA DE SEVILLA","EXTRANJEROS",131,125,256
" 02","MACARENA","- FUERA DE LA PROVINCIA DE SEVILLA","TOTAL POBLACION",558,529,1087
" 02","MACARENA","- PROVINCIA DE SEVILLA","ESPAÑOLES",392,418,810
" 02","MACARENA","- PROVINCIA DE SEVILLA","EXTRANJEROS",53,70,123
" 02","MACARENA","- PROVINCIA DE SEVILLA","NO CONSTA",0,2,2
" 02","MACARENA","- PROVINCIA DE SEVILLA","TOTAL POBLACION",445,490,935
" 02","MACARENA","ALBAIDA DEL ALJARAFE","ESPAÑOLES",2,4,6
" 02","MACARENA","ALBAIDA DEL ALJARAFE","TOTAL POBLACION",2,4,6
" 02","MACARENA","ALCALA DE GUADAIRA","ESPAÑOLES",24,18,42
" 02","MACARENA","ALCALA DE GUADAIRA","EXTRANJEROS",3,4,7
" 02","MACARENA","ALCALA DE GUADAIRA","TOTAL POBLACION",27,22,49
" 02","MACARENA","ALCALA DEL RIO","ESPAÑOLES",12,18,30
" 02","MACARENA","ALCALA DEL RIO","EXTRANJEROS",3,6,9
" 02","MACARENA","ALCALA DEL RIO","TOTAL POBLACION",15,24,39
" 02","MACARENA","ALGABA (LA)","ESPAÑOLES",15,16,31
" 02","MACARENA","ALGABA (LA)","EXTRANJEROS",2,1,3
" 02","MACARENA","ALGABA (LA)","TOTAL POBLACION",17,17,34
" 02","MACARENA","ALMADEN DE LA PLATA","ESPAÑOLES",4,2,6
" 02","MACARENA","ALMADEN DE LA PLATA","TOTAL POBLACION",4,2,6
" 02","MACARENA","ALMENSILLA","EXTRANJEROS",0,1,1
" 02","MACARENA","ALMENSILLA","TOTAL POBLACION",0,1,1
" 02","MACARENA","ARAHAL (EL)","ESPAÑOLES",3,2,5
" 02","MACARENA","ARAHAL (EL)","EXTRANJEROS",1,1,2
" 02","MACARENA","ARAHAL (EL)","TOTAL POBLACION",4,3,7
" 02","MACARENA","AZNALCAZAR","ESPAÑOLES",1,1,2
" 02","MACARENA","AZNALCAZAR","TOTAL POBLACION",1,1,2
" 02","MACARENA","AZNALCOLLAR","ESPAÑOLES",1,0,1
" 02","MACARENA","AZNALCOLLAR","TOTAL POBLACION",1,0,1
" 02","MACARENA","BENACAZON","ESPAÑOLES",0,2,2
" 02","MACARENA","BENACAZON","EXTRANJEROS",0,1,1
" 02","MACARENA","BENACAZON","TOTAL POBLACION",0,3,3
" 02","MACARENA","BOLLULLOS DE LA MITACION","ESPAÑOLES",9,9,18
" 02","MACARENA","BOLLULLOS DE LA MITACION","EXTRANJEROS",0,1,1
" 02","MACARENA","BOLLULLOS DE LA MITACION","TOTAL POBLACION",9,10,19
" 02","MACARENA","BORMUJOS","ESPAÑOLES",11,16,27
" 02","MACARENA","BORMUJOS","EXTRANJEROS",3,1,4
" 02","MACARENA","BORMUJOS","TOTAL POBLACION",14,17,31
" 02","MACARENA","BRENES","ESPAÑOLES",2,0,2
" 02","MACARENA","BRENES","EXTRANJEROS",0,1,1
" 02","MACARENA","BRENES","TOTAL POBLACION",2,1,3
" 02","MACARENA","BURGUILLOS","ESPAÑOLES",13,12,25
" 02","MACARENA","BURGUILLOS","EXTRANJEROS",2,1,3
" 02","MACARENA","BURGUILLOS","TOTAL POBLACION",15,13,28
" 02","MACARENA","CABEZAS DE SAN JUAN (LAS)","ESPAÑOLES",1,1,2
" 02","MACARENA","CABEZAS DE SAN JUAN (LAS)","TOTAL POBLACION",1,1,2
" 02","MACARENA","CAMAS","ESPAÑOLES",12,13,25
" 02","MACARENA","CAMAS","EXTRANJEROS",4,4,8
" 02","MACARENA","CAMAS","TOTAL POBLACION",16,17,33
" 02","MACARENA","CAMPANA (LA)","ESPAÑOLES",2,0,2
" 02","MACARENA","CAMPANA (LA)","TOTAL POBLACION",2,0,2
" 02","MACARENA","CANTILLANA","ESPAÑOLES",2,2,4
" 02","MACARENA","CANTILLANA","EXTRANJEROS",3,3,6
" 02","MACARENA","CANTILLANA","TOTAL POBLACION",5,5,10
" 02","MACARENA","CARMONA","ESPAÑOLES",15,7,22
" 02","MACARENA","CARMONA","EXTRANJEROS",0,2,2
" 02","MACARENA","CARMONA","TOTAL POBLACION",15,9,24
" 02","MACARENA","CARRION DE LOS CESPEDES","ESPAÑOLES",3,3,6
" 02","MACARENA","CARRION DE LOS CESPEDES","TOTAL POBLACION",3,3,6
" 02","MACARENA","CASARICHE","EXTRANJEROS",1,1,2
" 02","MACARENA","CASARICHE","TOTAL POBLACION",1,1,2
" 02","MACARENA","CASTILBLANCO DE LOS ARROYOS","ESPAÑOLES",4,1,5
" 02","MACARENA","CASTILBLANCO DE LOS ARROYOS","TOTAL POBLACION",4,1,5
" 02","MACARENA","CASTILLEJA DE GUZMAN","ESPAÑOLES",1,1,2
" 02","MACARENA","CASTILLEJA DE GUZMAN","TOTAL POBLACION",1,1,2
" 02","MACARENA","CASTILLEJA DE LA CUESTA","ESPAÑOLES",7,6,13
" 02","MACARENA","CASTILLEJA DE LA CUESTA","EXTRANJEROS",3,1,4
" 02","MACARENA","CASTILLEJA DE LA CUESTA","TOTAL POBLACION",10,7,17
" 02","MACARENA","CAZALLA DE LA SIERRA","ESPAÑOLES",1,0,1
" 02","MACARENA","CAZALLA DE LA SIERRA","TOTAL POBLACION",1,0,1
" 02","MACARENA","CONSTANTINA","ESPAÑOLES",3,1,4
" 02","MACARENA","CONSTANTINA","TOTAL POBLACION",3,1,4
" 02","MACARENA","CORIA DEL RIO","ESPAÑOLES",10,7,17
" 02","MACARENA","CORIA DEL RIO","EXTRANJEROS",1,2,3
" 02","MACARENA","CORIA DEL RIO","TOTAL POBLACION",11,9,20
" 02","MACARENA","CORRALES (LOS)","ESPAÑOLES",1,1,2
" 02","MACARENA","CORRALES (LOS)","TOTAL POBLACION",1,1,2
" 02","MACARENA","CUERVO DE SEVILLA (EL)","ESPAÑOLES",0,1,1
" 02","MACARENA","CUERVO DE SEVILLA (EL)","EXTRANJEROS",0,2,2
" 02","MACARENA","CUERVO DE SEVILLA (EL)","TOTAL POBLACION",0,3,3
" 02","MACARENA","DOS HERMANAS","ESPAÑOLES",46,48,94
" 02","MACARENA","DOS HERMANAS","EXTRANJEROS",3,5,8
" 02","MACARENA","DOS HERMANAS","TOTAL POBLACION",49,53,102
" 02","MACARENA","ECIJA","ESPAÑOLES",1,1,2
" 02","MACARENA","ECIJA","EXTRANJEROS",1,1,2
" 02","MACARENA","ECIJA","TOTAL POBLACION",2,2,4
" 02","MACARENA","ESPARTINAS","ESPAÑOLES",20,20,40
" 02","MACARENA","ESPARTINAS","EXTRANJEROS",0,3,3
" 02","MACARENA","ESPARTINAS","TOTAL POBLACION",20,23,43
" 02","MACARENA","ESTEPA","EXTRANJEROS",0,2,2
" 02","MACARENA","ESTEPA","TOTAL POBLACION",0,2,2
" 02","MACARENA","GARROBO (EL)","ESPAÑOLES",1,0,1
" 02","MACARENA","GARROBO (EL)","TOTAL POBLACION",1,0,1
" 02","MACARENA","GELVES","ESPAÑOLES",5,6,11
" 02","MACARENA","GELVES","EXTRANJEROS",1,0,1
" 02","MACARENA","GELVES","TOTAL POBLACION",6,6,12
" 02","MACARENA","GERENA","ESPAÑOLES",8,7,15
" 02","MACARENA","GERENA","TOTAL POBLACION",8,7,15
" 02","MACARENA","GINES","ESPAÑOLES",3,3,6
" 02","MACARENA","GINES","EXTRANJEROS",0,1,1
" 02","MACARENA","GINES","TOTAL POBLACION",3,4,7
" 02","MACARENA","GUILLENA","ESPAÑOLES",13,10,23
" 02","MACARENA","GUILLENA","TOTAL POBLACION",13,10,23
" 02","MACARENA","HERRERA","ESPAÑOLES",1,0,1
" 02","MACARENA","HERRERA","TOTAL POBLACION",1,0,1
" 02","MACARENA","HUEVAR DEL ALJARAFE","ESPAÑOLES",2,3,5
" 02","MACARENA","HUEVAR DEL ALJARAFE","TOTAL POBLACION",2,3,5
" 02","MACARENA","ISLA MAYOR","ESPAÑOLES",2,0,2
" 02","MACARENA","ISLA MAYOR","TOTAL POBLACION",2,0,2
" 02","MACARENA","LORA DEL RIO","ESPAÑOLES",1,3,4
" 02","MACARENA","LORA DEL RIO","TOTAL POBLACION",1,3,4
" 02","MACARENA","LUISIANA (LA)","ESPAÑOLES",0,1,1
" 02","MACARENA","LUISIANA (LA)","TOTAL POBLACION",0,1,1
" 02","MACARENA","MAIRENA DEL ALCOR","ESPAÑOLES",7,8,15
" 02","MACARENA","MAIRENA DEL ALCOR","EXTRANJEROS",1,3,4
" 02","MACARENA","MAIRENA DEL ALCOR","TOTAL POBLACION",8,11,19
" 02","MACARENA","MAIRENA DEL ALJARAFE","ESPAÑOLES",19,34,53
" 02","MACARENA","MAIRENA DEL ALJARAFE","EXTRANJEROS",1,2,3
" 02","MACARENA","MAIRENA DEL ALJARAFE","TOTAL POBLACION",20,36,56
" 02","MACARENA","MARCHENA","ESPAÑOLES",1,0,1
" 02","MACARENA","MARCHENA","EXTRANJEROS",0,1,1
" 02","MACARENA","MARCHENA","TOTAL POBLACION",1,1,2
" 02","MACARENA","MARTIN DE LA JARA","EXTRANJEROS",0,1,1
" 02","MACARENA","MARTIN DE LA JARA","TOTAL POBLACION",0,1,1
" 02","MACARENA","MOLARES (LOS)","ESPAÑOLES",1,1,2
" 02","MACARENA","MOLARES (LOS)","TOTAL POBLACION",1,1,2
" 02","MACARENA","MONTELLANO","EXTRANJEROS",1,0,1
" 02","MACARENA","MONTELLANO","TOTAL POBLACION",1,0,1
" 02","MACARENA","MORON DE LA FRONTERA","ESPAÑOLES",0,1,1
" 02","MACARENA","MORON DE LA FRONTERA","TOTAL POBLACION",0,1,1
" 02","MACARENA","OLIVARES","ESPAÑOLES",5,3,8
" 02","MACARENA","OLIVARES","EXTRANJEROS",1,1,2
" 02","MACARENA","OLIVARES","TOTAL POBLACION",6,4,10
" 02","MACARENA","OSUNA","ESPAÑOLES",5,2,7
" 02","MACARENA","OSUNA","TOTAL POBLACION",5,2,7
" 02","MACARENA","PALACIOS Y VILLAFRANCA (LOS)","ESPAÑOLES",3,2,5
" 02","MACARENA","PALACIOS Y VILLAFRANCA (LOS)","EXTRANJEROS",1,1,2
" 02","MACARENA","PALACIOS Y VILLAFRANCA (LOS)","TOTAL POBLACION",4,3,7
" 02","MACARENA","PALOMARES DEL RIO","ESPAÑOLES",3,3,6
" 02","MACARENA","PALOMARES DEL RIO","TOTAL POBLACION",3,3,6
" 02","MACARENA","PARADAS","ESPAÑOLES",1,2,3
" 02","MACARENA","PARADAS","TOTAL POBLACION",1,2,3
" 02","MACARENA","PEDRERA","ESPAÑOLES",1,0,1
" 02","MACARENA","PEDRERA","TOTAL POBLACION",1,0,1
" 02","MACARENA","PEDROSO (EL)","ESPAÑOLES",2,1,3
" 02","MACARENA","PEDROSO (EL)","TOTAL POBLACION",2,1,3
" 02","MACARENA","PEÑAFLOR","ESPAÑOLES",1,1,2
" 02","MACARENA","PEÑAFLOR","TOTAL POBLACION",1,1,2
" 02","MACARENA","PUEBLA DE CAZALLA (LA)","ESPAÑOLES",1,2,3
" 02","MACARENA","PUEBLA DE CAZALLA (LA)","TOTAL POBLACION",1,2,3
" 02","MACARENA","PUEBLA DE LOS INFANTES (LA)","ESPAÑOLES",2,2,4
" 02","MACARENA","PUEBLA DE LOS INFANTES (LA)","TOTAL POBLACION",2,2,4
" 02","MACARENA","PUEBLA DEL RIO (LA)","ESPAÑOLES",0,1,1
" 02","MACARENA","PUEBLA DEL RIO (LA)","TOTAL POBLACION",0,1,1
" 02","MACARENA","REAL DE LA JARA (EL)","ESPAÑOLES",0,1,1
" 02","MACARENA","REAL DE LA JARA (EL)","TOTAL POBLACION",0,1,1
" 02","MACARENA","RINCONADA (LA)","ESPAÑOLES",22,45,67
" 02","MACARENA","RINCONADA (LA)","EXTRANJEROS",7,6,13
" 02","MACARENA","RINCONADA (LA)","TOTAL POBLACION",29,51,80
" 02","MACARENA","RONQUILLO (EL)","ESPAÑOLES",1,1,2
" 02","MACARENA","RONQUILLO (EL)","TOTAL POBLACION",1,1,2
" 02","MACARENA","SALTERAS","ESPAÑOLES",2,5,7
" 02","MACARENA","SALTERAS","TOTAL POBLACION",2,5,7
" 02","MACARENA","SAN JUAN DE AZNALFARACHE","ESPAÑOLES",5,7,12
" 02","MACARENA","SAN JUAN DE AZNALFARACHE","EXTRANJEROS",6,6,12
" 02","MACARENA","SAN JUAN DE AZNALFARACHE","NO CONSTA",0,2,2
" 02","MACARENA","SAN JUAN DE AZNALFARACHE","TOTAL POBLACION",11,15,26
" 02","MACARENA","SAN NICOLAS DEL PUERTO","ESPAÑOLES",3,2,5
" 02","MACARENA","SAN NICOLAS DEL PUERTO","TOTAL POBLACION",3,2,5
" 02","MACARENA","SANLUCAR LA MAYOR","ESPAÑOLES",3,4,7
" 02","MACARENA","SANLUCAR LA MAYOR","TOTAL POBLACION",3,4,7
" 02","MACARENA","SANTIPONCE","ESPAÑOLES",4,4,8
" 02","MACARENA","SANTIPONCE","TOTAL POBLACION",4,4,8
" 02","MACARENA","TOCINA","ESPAÑOLES",0,1,1
" 02","MACARENA","TOCINA","TOTAL POBLACION",0,1,1
" 02","MACARENA","TOMARES","ESPAÑOLES",9,15,24
" 02","MACARENA","TOMARES","EXTRANJEROS",1,0,1
" 02","MACARENA","TOMARES","TOTAL POBLACION",10,15,25
" 02","MACARENA","UMBRETE","ESPAÑOLES",2,1,3
" 02","MACARENA","UMBRETE","EXTRANJEROS",0,2,2
" 02","MACARENA","UMBRETE","TOTAL POBLACION",2,3,5
" 02","MACARENA","UTRERA","ESPAÑOLES",8,1,9
" 02","MACARENA","UTRERA","EXTRANJEROS",1,1,2
" 02","MACARENA","UTRERA","TOTAL POBLACION",9,2,11
" 02","MACARENA","VALENCINA DE LA CONCEPCION","ESPAÑOLES",2,2,4
" 02","MACARENA","VALENCINA DE LA CONCEPCION","TOTAL POBLACION",2,2,4
" 02","MACARENA","VILLAMANRIQUE DE LA CONDESA","ESPAÑOLES",0,2,2
" 02","MACARENA","VILLAMANRIQUE DE LA CONDESA","EXTRANJEROS",1,0,1
" 02","MACARENA","VILLAMANRIQUE DE LA CONDESA","TOTAL POBLACION",1,2,3
" 02","MACARENA","VILLANUEVA DE SAN JUAN","ESPAÑOLES",1,0,1
" 02","MACARENA","VILLANUEVA DE SAN JUAN","TOTAL POBLACION",1,0,1
" 02","MACARENA","VILLANUEVA DEL ARISCAL","ESPAÑOLES",7,12,19
" 02","MACARENA","VILLANUEVA DEL ARISCAL","EXTRANJEROS",1,1,2
" 02","MACARENA","VILLANUEVA DEL ARISCAL","TOTAL POBLACION",8,13,21
" 02","MACARENA","VILLANUEVA DEL RIO Y MINAS","ESPAÑOLES",5,3,8
" 02","MACARENA","VILLANUEVA DEL RIO Y MINAS","TOTAL POBLACION",5,3,8
" 02","MACARENA","VILLAVERDE DEL RIO","ESPAÑOLES",2,1,3
" 02","MACARENA","VILLAVERDE DEL RIO","TOTAL POBLACION",2,1,3
" 02","MACARENA","VISO DEL ALCOR (EL)","ESPAÑOLES",2,2,4
" 02","MACARENA","VISO DEL ALCOR (EL)","TOTAL POBLACION",2,2,4
" 03","NERVION","- FUERA DE LA PROVINCIA DE SEVILLA","ESPAÑOLES",306,318,624
" 03","NERVION","- FUERA DE LA PROVINCIA DE SEVILLA","EXTRANJEROS",31,47,78
" 03","NERVION","- FUERA DE LA PROVINCIA DE SEVILLA","TOTAL POBLACION",337,365,702
" 03","NERVION","- PROVINCIA DE SEVILLA","ESPAÑOLES",209,209,418
" 03","NERVION","- PROVINCIA DE SEVILLA","EXTRANJEROS",14,14,28
" 03","NERVION","- PROVINCIA DE SEVILLA","TOTAL POBLACION",223,223,446
" 03","NERVION","ALCALA DE GUADAIRA","ESPAÑOLES",23,22,45
" 03","NERVION","ALCALA DE GUADAIRA","EXTRANJEROS",1,1,2
" 03","NERVION","ALCALA DE GUADAIRA","TOTAL POBLACION",24,23,47
" 03","NERVION","ALGAMITAS","ESPAÑOLES",0,2,2
" 03","NERVION","ALGAMITAS","TOTAL POBLACION",0,2,2
" 03","NERVION","ALMADEN DE LA PLATA","ESPAÑOLES",0,1,1
" 03","NERVION","ALMADEN DE LA PLATA","TOTAL POBLACION",0,1,1
" 03","NERVION","ALMENSILLA","ESPAÑOLES",0,1,1
" 03","NERVION","ALMENSILLA","TOTAL POBLACION",0,1,1
" 03","NERVION","AZNALCAZAR","ESPAÑOLES",0,2,2
" 03","NERVION","AZNALCAZAR","EXTRANJEROS",2,1,3
" 03","NERVION","AZNALCAZAR","TOTAL POBLACION",2,3,5
" 03","NERVION","BENACAZON","ESPAÑOLES",2,1,3
" 03","NERVION","BENACAZON","TOTAL POBLACION",2,1,3
" 03","NERVION","BOLLULLOS DE LA MITACION","ESPAÑOLES",5,2,7
" 03","NERVION","BOLLULLOS DE LA MITACION","TOTAL POBLACION",5,2,7
" 03","NERVION","BORMUJOS","ESPAÑOLES",10,5,15
" 03","NERVION","BORMUJOS","EXTRANJEROS",2,4,6
" 03","NERVION","BORMUJOS","TOTAL POBLACION",12,9,21
" 03","NERVION","BURGUILLOS","ESPAÑOLES",0,1,1
" 03","NERVION","BURGUILLOS","TOTAL POBLACION",0,1,1
" 03","NERVION","CABEZAS DE SAN JUAN (LAS)","ESPAÑOLES",1,0,1
" 03","NERVION","CABEZAS DE SAN JUAN (LAS)","TOTAL POBLACION",1,0,1
" 03","NERVION","CAMAS","ESPAÑOLES",3,9,12
" 03","NERVION","CAMAS","TOTAL POBLACION",3,9,12
" 03","NERVION","CAMPANA (LA)","ESPAÑOLES",1,1,2
" 03","NERVION","CAMPANA (LA)","TOTAL POBLACION",1,1,2
" 03","NERVION","CARMONA","ESPAÑOLES",6,1,7
" 03","NERVION","CARMONA","TOTAL POBLACION",6,1,7
" 03","NERVION","CASTILBLANCO DE LOS ARROYOS","ESPAÑOLES",2,0,2
" 03","NERVION","CASTILBLANCO DE LOS ARROYOS","TOTAL POBLACION",2,0,2
" 03","NERVION","CASTILLEJA DE LA CUESTA","ESPAÑOLES",4,4,8
" 03","NERVION","CASTILLEJA DE LA CUESTA","TOTAL POBLACION",4,4,8
" 03","NERVION","CAZALLA DE LA SIERRA","ESPAÑOLES",1,0,1
" 03","NERVION","CAZALLA DE LA SIERRA","TOTAL POBLACION",1,0,1
" 03","NERVION","CONSTANTINA","ESPAÑOLES",0,1,1
" 03","NERVION","CONSTANTINA","TOTAL POBLACION",0,1,1
" 03","NERVION","CORIA DEL RIO","ESPAÑOLES",2,5,7
" 03","NERVION","CORIA DEL RIO","TOTAL POBLACION",2,5,7
" 03","NERVION","CORONIL (EL)","ESPAÑOLES",1,1,2
" 03","NERVION","CORONIL (EL)","TOTAL POBLACION",1,1,2
" 03","NERVION","CORRALES (LOS)","ESPAÑOLES",1,0,1
" 03","NERVION","CORRALES (LOS)","TOTAL POBLACION",1,0,1
" 03","NERVION","DOS HERMANAS","ESPAÑOLES",35,46,81
" 03","NERVION","DOS HERMANAS","EXTRANJEROS",1,2,3
" 03","NERVION","DOS HERMANAS","TOTAL POBLACION",36,48,84
" 03","NERVION","ESPARTINAS","ESPAÑOLES",11,9,20
" 03","NERVION","ESPARTINAS","TOTAL POBLACION",11,9,20
" 03","NERVION","ESTEPA","ESPAÑOLES",1,1,2
" 03","NERVION","ESTEPA","EXTRANJEROS",0,1,1
" 03","NERVION","ESTEPA","TOTAL POBLACION",1,2,3
" 03","NERVION","GARROBO (EL)","ESPAÑOLES",0,1,1
" 03","NERVION","GARROBO (EL)","TOTAL POBLACION",0,1,1
" 03","NERVION","GELVES","ESPAÑOLES",6,1,7
" 03","NERVION","GELVES","EXTRANJEROS",0,1,1
" 03","NERVION","GELVES","TOTAL POBLACION",6,2,8
" 03","NERVION","GERENA","ESPAÑOLES",3,0,3
" 03","NERVION","GERENA","TOTAL POBLACION",3,0,3
" 03","NERVION","GINES","ESPAÑOLES",1,5,6
" 03","NERVION","GINES","EXTRANJEROS",0,1,1
" 03","NERVION","GINES","TOTAL POBLACION",1,6,7
" 03","NERVION","GUADALCANAL","ESPAÑOLES",1,0,1
" 03","NERVION","GUADALCANAL","EXTRANJEROS",1,0,1
" 03","NERVION","GUADALCANAL","TOTAL POBLACION",2,0,2
" 03","NERVION","GUILLENA","ESPAÑOLES",3,0,3
" 03","NERVION","GUILLENA","TOTAL POBLACION",3,0,3
" 03","NERVION","HUEVAR DEL ALJARAFE","ESPAÑOLES",1,0,1
" 03","NERVION","HUEVAR DEL ALJARAFE","TOTAL POBLACION",1,0,1
" 03","NERVION","ISLA MAYOR","ESPAÑOLES",1,0,1
" 03","NERVION","ISLA MAYOR","TOTAL POBLACION",1,0,1
" 03","NERVION","LEBRIJA","ESPAÑOLES",0,1,1
" 03","NERVION","LEBRIJA","TOTAL POBLACION",0,1,1
" 03","NERVION","LORA DEL RIO","ESPAÑOLES",2,2,4
" 03","NERVION","LORA DEL RIO","TOTAL POBLACION",2,2,4
" 03","NERVION","MAIRENA DEL ALCOR","ESPAÑOLES",8,5,13
" 03","NERVION","MAIRENA DEL ALCOR","TOTAL POBLACION",8,5,13
" 03","NERVION","MAIRENA DEL ALJARAFE","ESPAÑOLES",19,15,34
" 03","NERVION","MAIRENA DEL ALJARAFE","EXTRANJEROS",3,1,4
" 03","NERVION","MAIRENA DEL ALJARAFE","TOTAL POBLACION",22,16,38
" 03","NERVION","MARCHENA","ESPAÑOLES",0,1,1
" 03","NERVION","MARCHENA","TOTAL POBLACION",0,1,1
" 03","NERVION","MOLARES (LOS)","ESPAÑOLES",0,1,1
" 03","NERVION","MOLARES (LOS)","TOTAL POBLACION",0,1,1
" 03","NERVION","MORON DE LA FRONTERA","ESPAÑOLES",3,1,4
" 03","NERVION","MORON DE LA FRONTERA","TOTAL POBLACION",3,1,4
" 03","NERVION","NAVAS DE LA CONCEPCION (LAS)","ESPAÑOLES",1,0,1
" 03","NERVION","NAVAS DE LA CONCEPCION (LAS)","TOTAL POBLACION",1,0,1
" 03","NERVION","OLIVARES","ESPAÑOLES",2,0,2
" 03","NERVION","OLIVARES","TOTAL POBLACION",2,0,2
" 03","NERVION","OSUNA","ESPAÑOLES",0,1,1
" 03","NERVION","OSUNA","TOTAL POBLACION",0,1,1
" 03","NERVION","PALACIOS Y VILLAFRANCA (LOS)","ESPAÑOLES",1,0,1
" 03","NERVION","PALACIOS Y VILLAFRANCA (LOS)","TOTAL POBLACION",1,0,1
" 03","NERVION","PALOMARES DEL RIO","ESPAÑOLES",1,0,1
" 03","NERVION","PALOMARES DEL RIO","TOTAL POBLACION",1,0,1
" 03","NERVION","PARADAS","ESPAÑOLES",1,2,3
" 03","NERVION","PARADAS","TOTAL POBLACION",1,2,3
" 03","NERVION","PEDROSO (EL)","ESPAÑOLES",1,2,3
" 03","NERVION","PEDROSO (EL)","EXTRANJEROS",1,0,1
" 03","NERVION","PEDROSO (EL)","TOTAL POBLACION",2,2,4
" 03","NERVION","PILAS","ESPAÑOLES",2,1,3
" 03","NERVION","PILAS","TOTAL POBLACION",2,1,3
" 03","NERVION","PUEBLA DEL RIO (LA)","ESPAÑOLES",1,0,1
" 03","NERVION","PUEBLA DEL RIO (LA)","TOTAL POBLACION",1,0,1
" 03","NERVION","RINCONADA (LA)","ESPAÑOLES",5,7,12
" 03","NERVION","RINCONADA (LA)","TOTAL POBLACION",5,7,12
" 03","NERVION","RODA DE ANDALUCIA (LA)","ESPAÑOLES",0,1,1
" 03","NERVION","RODA DE ANDALUCIA (LA)","TOTAL POBLACION",0,1,1
" 03","NERVION","RONQUILLO (EL)","ESPAÑOLES",0,1,1
" 03","NERVION","RONQUILLO (EL)","TOTAL POBLACION",0,1,1
" 03","NERVION","SALTERAS","ESPAÑOLES",0,1,1
" 03","NERVION","SALTERAS","TOTAL POBLACION",0,1,1
" 03","NERVION","SAN JUAN DE AZNALFARACHE","ESPAÑOLES",9,7,16
" 03","NERVION","SAN JUAN DE AZNALFARACHE","EXTRANJEROS",1,0,1
" 03","NERVION","SAN JUAN DE AZNALFARACHE","TOTAL POBLACION",10,7,17
" 03","NERVION","SAN NICOLAS DEL PUERTO","ESPAÑOLES",0,1,1
" 03","NERVION","SAN NICOLAS DEL PUERTO","TOTAL POBLACION",0,1,1
" 03","NERVION","SANLUCAR LA MAYOR","ESPAÑOLES",0,6,6
" 03","NERVION","SANLUCAR LA MAYOR","TOTAL POBLACION",0,6,6
" 03","NERVION","SANTIPONCE","ESPAÑOLES",2,3,5
" 03","NERVION","SANTIPONCE","TOTAL POBLACION",2,3,5
" 03","NERVION","SAUCEJO (EL)","ESPAÑOLES",1,0,1
" 03","NERVION","SAUCEJO (EL)","TOTAL POBLACION",1,0,1
" 03","NERVION","TOCINA","ESPAÑOLES",1,2,3
" 03","NERVION","TOCINA","TOTAL POBLACION",1,2,3
" 03","NERVION","TOMARES","ESPAÑOLES",8,10,18
" 03","NERVION","TOMARES","EXTRANJEROS",2,1,3
" 03","NERVION","TOMARES","TOTAL POBLACION",10,11,21
" 03","NERVION","UMBRETE","ESPAÑOLES",0,1,1
" 03","NERVION","UMBRETE","EXTRANJEROS",0,1,1
" 03","NERVION","UMBRETE","TOTAL POBLACION",0,2,2
" 03","NERVION","UTRERA","ESPAÑOLES",6,5,11
" 03","NERVION","UTRERA","TOTAL POBLACION",6,5,11
" 03","NERVION","VALENCINA DE LA CONCEPCION","ESPAÑOLES",4,3,7
" 03","NERVION","VALENCINA DE LA CONCEPCION","TOTAL POBLACION",4,3,7
" 03","NERVION","VILLANUEVA DEL ARISCAL","ESPAÑOLES",0,2,2
" 03","NERVION","VILLANUEVA DEL ARISCAL","TOTAL POBLACION",0,2,2
" 03","NERVION","VILLANUEVA DEL RIO Y MINAS","ESPAÑOLES",4,2,6
" 03","NERVION","VILLANUEVA DEL RIO Y MINAS","TOTAL POBLACION",4,2,6
" 03","NERVION","VISO DEL ALCOR (EL)","ESPAÑOLES",2,3,5
" 03","NERVION","VISO DEL ALCOR (EL)","TOTAL POBLACION",2,3,5
" 04","CERRO-AMATE","- FUERA DE LA PROVINCIA DE SEVILLA","ESPAÑOLES",348,359,707
" 04","CERRO-AMATE","- FUERA DE LA PROVINCIA DE SEVILLA","EXTRANJEROS",152,132,284
" 04","CERRO-AMATE","- FUERA DE LA PROVINCIA DE SEVILLA","NO CONSTA",1,0,1
" 04","CERRO-AMATE","- FUERA DE LA PROVINCIA DE SEVILLA","TOTAL POBLACION",501,491,992
" 04","CERRO-AMATE","- PROVINCIA DE SEVILLA","ESPAÑOLES",485,482,967
" 04","CERRO-AMATE","- PROVINCIA DE SEVILLA","EXTRANJEROS",48,58,106
" 04","CERRO-AMATE","- PROVINCIA DE SEVILLA","NO CONSTA",0,1,1
" 04","CERRO-AMATE","- PROVINCIA DE SEVILLA","TOTAL POBLACION",533,541,1074
" 04","CERRO-AMATE","ALANIS","ESPAÑOLES",1,1,2
" 04","CERRO-AMATE","ALANIS","EXTRANJEROS",0,1,1
" 04","CERRO-AMATE","ALANIS","TOTAL POBLACION",1,2,3
" 04","CERRO-AMATE","ALBAIDA DEL ALJARAFE","ESPAÑOLES",1,2,3
" 04","CERRO-AMATE","ALBAIDA DEL ALJARAFE","TOTAL POBLACION",1,2,3
" 04","CERRO-AMATE","ALCALA DE GUADAIRA","ESPAÑOLES",63,58,121
" 04","CERRO-AMATE","ALCALA DE GUADAIRA","EXTRANJEROS",4,3,7
" 04","CERRO-AMATE","ALCALA DE GUADAIRA","TOTAL POBLACION",67,61,128
" 04","CERRO-AMATE","ALCALA DEL RIO","ESPAÑOLES",8,7,15
" 04","CERRO-AMATE","ALCALA DEL RIO","EXTRANJEROS",0,1,1
" 04","CERRO-AMATE","ALCALA DEL RIO","TOTAL POBLACION",8,8,16
" 04","CERRO-AMATE","ALGABA (LA)","ESPAÑOLES",11,12,23
" 04","CERRO-AMATE","ALGABA (LA)","EXTRANJEROS",1,0,1
" 04","CERRO-AMATE","ALGABA (LA)","TOTAL POBLACION",12,12,24
" 04","CERRO-AMATE","ALMENSILLA","ESPAÑOLES",5,8,13
" 04","CERRO-AMATE","ALMENSILLA","TOTAL POBLACION",5,8,13
" 04","CERRO-AMATE","ARAHAL (EL)","ESPAÑOLES",0,1,1
" 04","CERRO-AMATE","ARAHAL (EL)","TOTAL POBLACION",0,1,1
" 04","CERRO-AMATE","AZNALCAZAR","ESPAÑOLES",5,5,10
" 04","CERRO-AMATE","AZNALCAZAR","EXTRANJEROS",0,1,1
" 04","CERRO-AMATE","AZNALCAZAR","TOTAL POBLACION",5,6,11
" 04","CERRO-AMATE","AZNALCOLLAR","ESPAÑOLES",1,1,2
" 04","CERRO-AMATE","AZNALCOLLAR","TOTAL POBLACION",1,1,2
" 04","CERRO-AMATE","BADOLATOSA","EXTRANJEROS",0,1,1
" 04","CERRO-AMATE","BADOLATOSA","TOTAL POBLACION",0,1,1
" 04","CERRO-AMATE","BENACAZON","ESPAÑOLES",4,1,5
" 04","CERRO-AMATE","BENACAZON","EXTRANJEROS",1,0,1
" 04","CERRO-AMATE","BENACAZON","TOTAL POBLACION",5,1,6
" 04","CERRO-AMATE","BOLLULLOS DE LA MITACION","ESPAÑOLES",6,14,20
" 04","CERRO-AMATE","BOLLULLOS DE LA MITACION","TOTAL POBLACION",6,14,20
" 04","CERRO-AMATE","BORMUJOS","ESPAÑOLES",13,9,22
" 04","CERRO-AMATE","BORMUJOS","EXTRANJEROS",0,2,2
" 04","CERRO-AMATE","BORMUJOS","TOTAL POBLACION",13,11,24
" 04","CERRO-AMATE","BRENES","ESPAÑOLES",4,7,11
" 04","CERRO-AMATE","BRENES","TOTAL POBLACION",4,7,11
" 04","CERRO-AMATE","BURGUILLOS","ESPAÑOLES",5,5,10
" 04","CERRO-AMATE","BURGUILLOS","EXTRANJEROS",1,0,1
" 04","CERRO-AMATE","BURGUILLOS","TOTAL POBLACION",6,5,11
" 04","CERRO-AMATE","CAMAS","ESPAÑOLES",22,12,34
" 04","CERRO-AMATE","CAMAS","EXTRANJEROS",5,1,6
" 04","CERRO-AMATE","CAMAS","TOTAL POBLACION",27,13,40
" 04","CERRO-AMATE","CAMPANA (LA)","ESPAÑOLES",0,1,1
" 04","CERRO-AMATE","CAMPANA (LA)","TOTAL POBLACION",0,1,1
" 04","CERRO-AMATE","CANTILLANA","ESPAÑOLES",3,4,7
" 04","CERRO-AMATE","CANTILLANA","TOTAL POBLACION",3,4,7
" 04","CERRO-AMATE","CARMONA","ESPAÑOLES",24,15,39
" 04","CERRO-AMATE","CARMONA","EXTRANJEROS",1,5,6
" 04","CERRO-AMATE","CARMONA","TOTAL POBLACION",25,20,45
" 04","CERRO-AMATE","CARRION DE LOS CESPEDES","ESPAÑOLES",6,2,8
" 04","CERRO-AMATE","CARRION DE LOS CESPEDES","TOTAL POBLACION",6,2,8
" 04","CERRO-AMATE","CASTILBLANCO DE LOS ARROYOS","ESPAÑOLES",3,2,5
" 04","CERRO-AMATE","CASTILBLANCO DE LOS ARROYOS","TOTAL POBLACION",3,2,5
" 04","CERRO-AMATE","CASTILLEJA DE GUZMAN","ESPAÑOLES",0,1,1
" 04","CERRO-AMATE","CASTILLEJA DE GUZMAN","TOTAL POBLACION",0,1,1
" 04","CERRO-AMATE","CASTILLEJA DE LA CUESTA","ESPAÑOLES",3,3,6
" 04","CERRO-AMATE","CASTILLEJA DE LA CUESTA","EXTRANJEROS",1,1,2
" 04","CERRO-AMATE","CASTILLEJA DE LA CUESTA","TOTAL POBLACION",4,4,8
" 04","CERRO-AMATE","CASTILLEJA DEL CAMPO","ESPAÑOLES",1,0,1
" 04","CERRO-AMATE","CASTILLEJA DEL CAMPO","TOTAL POBLACION",1,0,1
" 04","CERRO-AMATE","CASTILLO DE LAS GUARDAS (EL)","ESPAÑOLES",1,0,1
" 04","CERRO-AMATE","CASTILLO DE LAS GUARDAS (EL)","TOTAL POBLACION",1,0,1
" 04","CERRO-AMATE","CONSTANTINA","ESPAÑOLES",1,1,2
" 04","CERRO-AMATE","CONSTANTINA","TOTAL POBLACION",1,1,2
" 04","CERRO-AMATE","CORIA DEL RIO","ESPAÑOLES",15,17,32
" 04","CERRO-AMATE","CORIA DEL RIO","EXTRANJEROS",2,4,6
" 04","CERRO-AMATE","CORIA DEL RIO","TOTAL POBLACION",17,21,38
" 04","CERRO-AMATE","CORONIL (EL)","ESPAÑOLES",1,1,2
" 04","CERRO-AMATE","CORONIL (EL)","TOTAL POBLACION",1,1,2
" 04","CERRO-AMATE","DOS HERMANAS","ESPAÑOLES",92,98,190
" 04","CERRO-AMATE","DOS HERMANAS","EXTRANJEROS",6,7,13
" 04","CERRO-AMATE","DOS HERMANAS","NO CONSTA",0,1,1
" 04","CERRO-AMATE","DOS HERMANAS","TOTAL POBLACION",98,106,204
" 04","CERRO-AMATE","ECIJA","ESPAÑOLES",1,4,5
" 04","CERRO-AMATE","ECIJA","TOTAL POBLACION",1,4,5
" 04","CERRO-AMATE","ESPARTINAS","ESPAÑOLES",6,8,14
" 04","CERRO-AMATE","ESPARTINAS","EXTRANJEROS",1,0,1
" 04","CERRO-AMATE","ESPARTINAS","TOTAL POBLACION",7,8,15
" 04","CERRO-AMATE","ESTEPA","ESPAÑOLES",0,1,1
" 04","CERRO-AMATE","ESTEPA","TOTAL POBLACION",0,1,1
" 04","CERRO-AMATE","FUENTES DE ANDALUCIA","ESPAÑOLES",1,1,2
" 04","CERRO-AMATE","FUENTES DE ANDALUCIA","EXTRANJEROS",0,1,1
" 04","CERRO-AMATE","FUENTES DE ANDALUCIA","TOTAL POBLACION",1,2,3
" 04","CERRO-AMATE","GARROBO (EL)","ESPAÑOLES",0,1,1
" 04","CERRO-AMATE","GARROBO (EL)","EXTRANJEROS",0,1,1
" 04","CERRO-AMATE","GARROBO (EL)","TOTAL POBLACION",0,2,2
" 04","CERRO-AMATE","GELVES","ESPAÑOLES",8,9,17
" 04","CERRO-AMATE","GELVES","TOTAL POBLACION",8,9,17
" 04","CERRO-AMATE","GERENA","ESPAÑOLES",5,3,8
" 04","CERRO-AMATE","GERENA","TOTAL POBLACION",5,3,8
" 04","CERRO-AMATE","GINES","ESPAÑOLES",7,5,12
" 04","CERRO-AMATE","GINES","TOTAL POBLACION",7,5,12
" 04","CERRO-AMATE","GUILLENA","ESPAÑOLES",9,8,17
" 04","CERRO-AMATE","GUILLENA","EXTRANJEROS",0,1,1
" 04","CERRO-AMATE","GUILLENA","TOTAL POBLACION",9,9,18
" 04","CERRO-AMATE","HUEVAR DEL ALJARAFE","ESPAÑOLES",8,3,11
" 04","CERRO-AMATE","HUEVAR DEL ALJARAFE","TOTAL POBLACION",8,3,11
" 04","CERRO-AMATE","ISLA MAYOR","ESPAÑOLES",0,1,1
" 04","CERRO-AMATE","ISLA MAYOR","TOTAL POBLACION",0,1,1
" 04","CERRO-AMATE","LEBRIJA","ESPAÑOLES",5,7,12
" 04","CERRO-AMATE","LEBRIJA","TOTAL POBLACION",5,7,12
" 04","CERRO-AMATE","LORA DEL RIO","ESPAÑOLES",6,2,8
" 04","CERRO-AMATE","LORA DEL RIO","TOTAL POBLACION",6,2,8
" 04","CERRO-AMATE","MAIRENA DEL ALCOR","ESPAÑOLES",8,16,24
" 04","CERRO-AMATE","MAIRENA DEL ALCOR","EXTRANJEROS",1,1,2
" 04","CERRO-AMATE","MAIRENA DEL ALCOR","TOTAL POBLACION",9,17,26
" 04","CERRO-AMATE","MAIRENA DEL ALJARAFE","ESPAÑOLES",20,23,43
" 04","CERRO-AMATE","MAIRENA DEL ALJARAFE","EXTRANJEROS",2,3,5
" 04","CERRO-AMATE","MAIRENA DEL ALJARAFE","TOTAL POBLACION",22,26,48
" 04","CERRO-AMATE","MARCHENA","ESPAÑOLES",1,2,3
" 04","CERRO-AMATE","MARCHENA","EXTRANJEROS",1,0,1
" 04","CERRO-AMATE","MARCHENA","TOTAL POBLACION",2,2,4
" 04","CERRO-AMATE","MARINALEDA","ESPAÑOLES",1,1,2
" 04","CERRO-AMATE","MARINALEDA","TOTAL POBLACION",1,1,2
" 04","CERRO-AMATE","MOLARES (LOS)","ESPAÑOLES",3,2,5
" 04","CERRO-AMATE","MOLARES (LOS)","TOTAL POBLACION",3,2,5
" 04","CERRO-AMATE","MONTELLANO","ESPAÑOLES",0,1,1
" 04","CERRO-AMATE","MONTELLANO","TOTAL POBLACION",0,1,1
" 04","CERRO-AMATE","MORON DE LA FRONTERA","ESPAÑOLES",2,3,5
" 04","CERRO-AMATE","MORON DE LA FRONTERA","TOTAL POBLACION",2,3,5
" 04","CERRO-AMATE","OLIVARES","ESPAÑOLES",3,3,6
" 04","CERRO-AMATE","OLIVARES","TOTAL POBLACION",3,3,6
" 04","CERRO-AMATE","OSUNA","ESPAÑOLES",2,2,4
" 04","CERRO-AMATE","OSUNA","EXTRANJEROS",1,0,1
" 04","CERRO-AMATE","OSUNA","TOTAL POBLACION",3,2,5
" 04","CERRO-AMATE","PALACIOS Y VILLAFRANCA (LOS)","ESPAÑOLES",1,2,3
" 04","CERRO-AMATE","PALACIOS Y VILLAFRANCA (LOS)","TOTAL POBLACION",1,2,3
" 04","CERRO-AMATE","PALOMARES DEL RIO","ESPAÑOLES",4,4,8
" 04","CERRO-AMATE","PALOMARES DEL RIO","TOTAL POBLACION",4,4,8
" 04","CERRO-AMATE","PEDROSO (EL)","ESPAÑOLES",1,1,2
" 04","CERRO-AMATE","PEDROSO (EL)","TOTAL POBLACION",1,1,2
" 04","CERRO-AMATE","PILAS","ESPAÑOLES",1,1,2
" 04","CERRO-AMATE","PILAS","EXTRANJEROS",0,1,1
" 04","CERRO-AMATE","PILAS","TOTAL POBLACION",1,2,3
" 04","CERRO-AMATE","PUEBLA DE CAZALLA (LA)","ESPAÑOLES",1,1,2
" 04","CERRO-AMATE","PUEBLA DE CAZALLA (LA)","EXTRANJEROS",1,1,2
" 04","CERRO-AMATE","PUEBLA DE CAZALLA (LA)","TOTAL POBLACION",2,2,4
" 04","CERRO-AMATE","PUEBLA DEL RIO (LA)","ESPAÑOLES",1,3,4
" 04","CERRO-AMATE","PUEBLA DEL RIO (LA)","TOTAL POBLACION",1,3,4
" 04","CERRO-AMATE","RINCONADA (LA)","ESPAÑOLES",15,15,30
" 04","CERRO-AMATE","RINCONADA (LA)","EXTRANJEROS",5,4,9
" 04","CERRO-AMATE","RINCONADA (LA)","TOTAL POBLACION",20,19,39
" 04","CERRO-AMATE","RONQUILLO (EL)","ESPAÑOLES",2,0,2
" 04","CERRO-AMATE","RONQUILLO (EL)","EXTRANJEROS",0,1,1
" 04","CERRO-AMATE","RONQUILLO (EL)","TOTAL POBLACION",2,1,3
" 04","CERRO-AMATE","RUBIO (EL)","ESPAÑOLES",0,2,2
" 04","CERRO-AMATE","RUBIO (EL)","TOTAL POBLACION",0,2,2
" 04","CERRO-AMATE","SALTERAS","ESPAÑOLES",3,4,7
" 04","CERRO-AMATE","SALTERAS","EXTRANJEROS",1,0,1
" 04","CERRO-AMATE","SALTERAS","TOTAL POBLACION",4,4,8
" 04","CERRO-AMATE","SAN JUAN DE AZNALFARACHE","ESPAÑOLES",16,11,27
" 04","CERRO-AMATE","SAN JUAN DE AZNALFARACHE","EXTRANJEROS",2,3,5
" 04","CERRO-AMATE","SAN JUAN DE AZNALFARACHE","TOTAL POBLACION",18,14,32
" 04","CERRO-AMATE","SANLUCAR LA MAYOR","ESPAÑOLES",4,5,9
" 04","CERRO-AMATE","SANLUCAR LA MAYOR","EXTRANJEROS",3,2,5
" 04","CERRO-AMATE","SANLUCAR LA MAYOR","TOTAL POBLACION",7,7,14
" 04","CERRO-AMATE","SANTIPONCE","ESPAÑOLES",4,7,11
" 04","CERRO-AMATE","SANTIPONCE","EXTRANJEROS",0,1,1
" 04","CERRO-AMATE","SANTIPONCE","TOTAL POBLACION",4,8,12
" 04","CERRO-AMATE","TOCINA","ESPAÑOLES",1,1,2
" 04","CERRO-AMATE","TOCINA","TOTAL POBLACION",1,1,2
" 04","CERRO-AMATE","TOMARES","ESPAÑOLES",8,8,16
" 04","CERRO-AMATE","TOMARES","EXTRANJEROS",3,2,5
" 04","CERRO-AMATE","TOMARES","TOTAL POBLACION",11,10,21
" 04","CERRO-AMATE","UMBRETE","ESPAÑOLES",1,0,1
" 04","CERRO-AMATE","UMBRETE","TOTAL POBLACION",1,0,1
" 04","CERRO-AMATE","UTRERA","ESPAÑOLES",16,15,31
" 04","CERRO-AMATE","UTRERA","EXTRANJEROS",2,6,8
" 04","CERRO-AMATE","UTRERA","TOTAL POBLACION",18,21,39
" 04","CERRO-AMATE","VALENCINA DE LA CONCEPCION","ESPAÑOLES",2,0,2
" 04","CERRO-AMATE","VALENCINA DE LA CONCEPCION","TOTAL POBLACION",2,0,2
" 04","CERRO-AMATE","VILLAMANRIQUE DE LA CONDESA","ESPAÑOLES",2,1,3
" 04","CERRO-AMATE","VILLAMANRIQUE DE LA CONDESA","EXTRANJEROS",2,2,4
" 04","CERRO-AMATE","VILLAMANRIQUE DE LA CONDESA","TOTAL POBLACION",4,3,7
" 04","CERRO-AMATE","VILLANUEVA DEL ARISCAL","ESPAÑOLES",2,5,7
" 04","CERRO-AMATE","VILLANUEVA DEL ARISCAL","TOTAL POBLACION",2,5,7
" 04","CERRO-AMATE","VILLAVERDE DEL RIO","ESPAÑOLES",1,1,2
" 04","CERRO-AMATE","VILLAVERDE DEL RIO","TOTAL POBLACION",1,1,2
" 04","CERRO-AMATE","VISO DEL ALCOR (EL)","ESPAÑOLES",4,1,5
" 04","CERRO-AMATE","VISO DEL ALCOR (EL)","EXTRANJEROS",1,1,2
" 04","CERRO-AMATE","VISO DEL ALCOR (EL)","TOTAL POBLACION",5,2,7
" 05","SUR","- FUERA DE LA PROVINCIA DE SEVILLA","ESPAÑOLES",437,407,844
" 05","SUR","- FUERA DE LA PROVINCIA DE SEVILLA","EXTRANJEROS",66,81,147
" 05","SUR","- FUERA DE LA PROVINCIA DE SEVILLA","TOTAL POBLACION",503,488,991
" 05","SUR","- PROVINCIA DE SEVILLA","ESPAÑOLES",370,379,749
" 05","SUR","- PROVINCIA DE SEVILLA","EXTRANJEROS",21,30,51
" 05","SUR","- PROVINCIA DE SEVILLA","TOTAL POBLACION",391,409,800
" 05","SUR","ALCALA DE GUADAIRA","ESPAÑOLES",30,22,52
" 05","SUR","ALCALA DE GUADAIRA","EXTRANJEROS",0,2,2
" 05","SUR","ALCALA DE GUADAIRA","TOTAL POBLACION",30,24,54
" 05","SUR","ALCALA DEL RIO","ESPAÑOLES",3,1,4
" 05","SUR","ALCALA DEL RIO","TOTAL POBLACION",3,1,4
" 05","SUR","ALCOLEA DEL RIO","ESPAÑOLES",1,1,2
" 05","SUR","ALCOLEA DEL RIO","TOTAL POBLACION",1,1,2
" 05","SUR","ALGABA (LA)","ESPAÑOLES",4,5,9
" 05","SUR","ALGABA (LA)","EXTRANJEROS",0,2,2
" 05","SUR","ALGABA (LA)","TOTAL POBLACION",4,7,11
" 05","SUR","ALMENSILLA","ESPAÑOLES",1,0,1
" 05","SUR","ALMENSILLA","EXTRANJEROS",0,2,2
" 05","SUR","ALMENSILLA","TOTAL POBLACION",1,2,3
" 05","SUR","ARAHAL (EL)","ESPAÑOLES",3,1,4
" 05","SUR","ARAHAL (EL)","TOTAL POBLACION",3,1,4
" 05","SUR","AZNALCAZAR","ESPAÑOLES",1,3,4
" 05","SUR","AZNALCAZAR","TOTAL POBLACION",1,3,4
" 05","SUR","BENACAZON","ESPAÑOLES",3,2,5
" 05","SUR","BENACAZON","TOTAL POBLACION",3,2,5
" 05","SUR","BOLLULLOS DE LA MITACION","ESPAÑOLES",6,8,14
" 05","SUR","BOLLULLOS DE LA MITACION","TOTAL POBLACION",6,8,14
" 05","SUR","BORMUJOS","ESPAÑOLES",13,9,22
" 05","SUR","BORMUJOS","EXTRANJEROS",0,1,1
" 05","SUR","BORMUJOS","TOTAL POBLACION",13,10,23
" 05","SUR","BRENES","ESPAÑOLES",1,1,2
" 05","SUR","BRENES","TOTAL POBLACION",1,1,2
" 05","SUR","BURGUILLOS","ESPAÑOLES",1,2,3
" 05","SUR","BURGUILLOS","TOTAL POBLACION",1,2,3
" 05","SUR","CABEZAS DE SAN JUAN (LAS)","ESPAÑOLES",2,1,3
" 05","SUR","CABEZAS DE SAN JUAN (LAS)","TOTAL POBLACION",2,1,3
" 05","SUR","CAMAS","ESPAÑOLES",6,8,14
" 05","SUR","CAMAS","EXTRANJEROS",1,2,3
" 05","SUR","CAMAS","TOTAL POBLACION",7,10,17
" 05","SUR","CANTILLANA","ESPAÑOLES",1,2,3
" 05","SUR","CANTILLANA","EXTRANJEROS",0,1,1
" 05","SUR","CANTILLANA","TOTAL POBLACION",1,3,4
" 05","SUR","CARMONA","ESPAÑOLES",5,8,13
" 05","SUR","CARMONA","TOTAL POBLACION",5,8,13
" 05","SUR","CARRION DE LOS CESPEDES","ESPAÑOLES",2,0,2
" 05","SUR","CARRION DE LOS CESPEDES","EXTRANJEROS",0,1,1
" 05","SUR","CARRION DE LOS CESPEDES","TOTAL POBLACION",2,1,3
" 05","SUR","CASTILBLANCO DE LOS ARROYOS","ESPAÑOLES",3,4,7
" 05","SUR","CASTILBLANCO DE LOS ARROYOS","TOTAL POBLACION",3,4,7
" 05","SUR","CASTILLEJA DE GUZMAN","ESPAÑOLES",2,2,4
" 05","SUR","CASTILLEJA DE GUZMAN","TOTAL POBLACION",2,2,4
" 05","SUR","CASTILLEJA DE LA CUESTA","ESPAÑOLES",3,9,12
" 05","SUR","CASTILLEJA DE LA CUESTA","TOTAL POBLACION",3,9,12
" 05","SUR","CASTILLEJA DEL CAMPO","ESPAÑOLES",0,1,1
" 05","SUR","CASTILLEJA DEL CAMPO","TOTAL POBLACION",0,1,1
" 05","SUR","CASTILLO DE LAS GUARDAS (EL)","ESPAÑOLES",1,0,1
" 05","SUR","CASTILLO DE LAS GUARDAS (EL)","TOTAL POBLACION",1,0,1
" 05","SUR","CAZALLA DE LA SIERRA","ESPAÑOLES",1,0,1
" 05","SUR","CAZALLA DE LA SIERRA","TOTAL POBLACION",1,0,1
" 05","SUR","CONSTANTINA","ESPAÑOLES",0,1,1
" 05","SUR","CONSTANTINA","TOTAL POBLACION",0,1,1
" 05","SUR","CORIA DEL RIO","ESPAÑOLES",2,7,9
" 05","SUR","CORIA DEL RIO","EXTRANJEROS",1,0,1
" 05","SUR","CORIA DEL RIO","TOTAL POBLACION",3,7,10
" 05","SUR","CORONIL (EL)","ESPAÑOLES",2,0,2
" 05","SUR","CORONIL (EL)","EXTRANJEROS",0,1,1
" 05","SUR","CORONIL (EL)","TOTAL POBLACION",2,1,3
" 05","SUR","DOS HERMANAS","ESPAÑOLES",101,91,192
" 05","SUR","DOS HERMANAS","EXTRANJEROS",5,9,14
" 05","SUR","DOS HERMANAS","TOTAL POBLACION",106,100,206
" 05","SUR","ECIJA","ESPAÑOLES",1,1,2
" 05","SUR","ECIJA","TOTAL POBLACION",1,1,2
" 05","SUR","ESPARTINAS","ESPAÑOLES",8,9,17
" 05","SUR","ESPARTINAS","TOTAL POBLACION",8,9,17
" 05","SUR","ESTEPA","ESPAÑOLES",1,1,2
" 05","SUR","ESTEPA","TOTAL POBLACION",1,1,2
" 05","SUR","FUENTES DE ANDALUCIA","ESPAÑOLES",1,2,3
" 05","SUR","FUENTES DE ANDALUCIA","EXTRANJEROS",1,0,1
" 05","SUR","FUENTES DE ANDALUCIA","TOTAL POBLACION",2,2,4
" 05","SUR","GARROBO (EL)","ESPAÑOLES",1,0,1
" 05","SUR","GARROBO (EL)","TOTAL POBLACION",1,0,1
" 05","SUR","GELVES","ESPAÑOLES",6,9,15
" 05","SUR","GELVES","TOTAL POBLACION",6,9,15
" 05","SUR","GERENA","ESPAÑOLES",1,4,5
" 05","SUR","GERENA","TOTAL POBLACION",1,4,5
" 05","SUR","GINES","ESPAÑOLES",5,4,9
" 05","SUR","GINES","TOTAL POBLACION",5,4,9
" 05","SUR","GUILLENA","ESPAÑOLES",3,2,5
" 05","SUR","GUILLENA","EXTRANJEROS",1,1,2
" 05","SUR","GUILLENA","TOTAL POBLACION",4,3,7
" 05","SUR","HUEVAR DEL ALJARAFE","ESPAÑOLES",3,4,7
" 05","SUR","HUEVAR DEL ALJARAFE","TOTAL POBLACION",3,4,7
" 05","SUR","ISLA MAYOR","ESPAÑOLES",0,1,1
" 05","SUR","ISLA MAYOR","TOTAL POBLACION",0,1,1
" 05","SUR","LEBRIJA","ESPAÑOLES",2,0,2
" 05","SUR","LEBRIJA","TOTAL POBLACION",2,0,2
" 05","SUR","LORA DEL RIO","ESPAÑOLES",0,1,1
" 05","SUR","LORA DEL RIO","TOTAL POBLACION",0,1,1
" 05","SUR","MAIRENA DEL ALCOR","ESPAÑOLES",16,11,27
" 05","SUR","MAIRENA DEL ALCOR","EXTRANJEROS",1,0,1
" 05","SUR","MAIRENA DEL ALCOR","TOTAL POBLACION",17,11,28
" 05","SUR","MAIRENA DEL ALJARAFE","ESPAÑOLES",31,32,63
" 05","SUR","MAIRENA DEL ALJARAFE","EXTRANJEROS",1,1,2
" 05","SUR","MAIRENA DEL ALJARAFE","TOTAL POBLACION",32,33,65
" 05","SUR","MARCHENA","ESPAÑOLES",2,2,4
" 05","SUR","MARCHENA","EXTRANJEROS",3,0,3
" 05","SUR","MARCHENA","TOTAL POBLACION",5,2,7
" 05","SUR","MOLARES (LOS)","ESPAÑOLES",2,1,3
" 05","SUR","MOLARES (LOS)","TOTAL POBLACION",2,1,3
" 05","SUR","MORON DE LA FRONTERA","ESPAÑOLES",1,0,1
" 05","SUR","MORON DE LA FRONTERA","TOTAL POBLACION",1,0,1
" 05","SUR","OLIVARES","ESPAÑOLES",4,4,8
" 05","SUR","OLIVARES","EXTRANJEROS",0,2,2
" 05","SUR","OLIVARES","TOTAL POBLACION",4,6,10
" 05","SUR","OSUNA","ESPAÑOLES",0,2,2
" 05","SUR","OSUNA","EXTRANJEROS",0,1,1
" 05","SUR","OSUNA","TOTAL POBLACION",0,3,3
" 05","SUR","PALACIOS Y VILLAFRANCA (LOS)","ESPAÑOLES",2,5,7
" 05","SUR","PALACIOS Y VILLAFRANCA (LOS)","EXTRANJEROS",2,0,2
" 05","SUR","PALACIOS Y VILLAFRANCA (LOS)","TOTAL POBLACION",4,5,9
" 05","SUR","PALOMARES DEL RIO","ESPAÑOLES",2,2,4
" 05","SUR","PALOMARES DEL RIO","TOTAL POBLACION",2,2,4
" 05","SUR","PARADAS","ESPAÑOLES",1,1,2
" 05","SUR","PARADAS","TOTAL POBLACION",1,1,2
" 05","SUR","PEÑAFLOR","ESPAÑOLES",0,2,2
" 05","SUR","PEÑAFLOR","TOTAL POBLACION",0,2,2
" 05","SUR","PILAS","ESPAÑOLES",2,4,6
" 05","SUR","PILAS","TOTAL POBLACION",2,4,6
" 05","SUR","PUEBLA DE LOS INFANTES (LA)","ESPAÑOLES",0,1,1
" 05","SUR","PUEBLA DE LOS INFANTES (LA)","TOTAL POBLACION",0,1,1
" 05","SUR","PUEBLA DEL RIO (LA)","ESPAÑOLES",1,0,1
" 05","SUR","PUEBLA DEL RIO (LA)","TOTAL POBLACION",1,0,1
" 05","SUR","REAL DE LA JARA (EL)","ESPAÑOLES",0,1,1
" 05","SUR","REAL DE LA JARA (EL)","TOTAL POBLACION",0,1,1
" 05","SUR","RINCONADA (LA)","ESPAÑOLES",5,7,12
" 05","SUR","RINCONADA (LA)","EXTRANJEROS",1,0,1
" 05","SUR","RINCONADA (LA)","TOTAL POBLACION",6,7,13
" 05","SUR","SAN JUAN DE AZNALFARACHE","ESPAÑOLES",19,22,41
" 05","SUR","SAN JUAN DE AZNALFARACHE","EXTRANJEROS",1,1,2
" 05","SUR","SAN JUAN DE AZNALFARACHE","TOTAL POBLACION",20,23,43
" 05","SUR","SANLUCAR LA MAYOR","ESPAÑOLES",4,3,7
" 05","SUR","SANLUCAR LA MAYOR","EXTRANJEROS",0,1,1
" 05","SUR","SANLUCAR LA MAYOR","TOTAL POBLACION",4,4,8
" 05","SUR","SANTIPONCE","ESPAÑOLES",1,2,3
" 05","SUR","SANTIPONCE","TOTAL POBLACION",1,2,3
" 05","SUR","TOCINA","ESPAÑOLES",1,0,1
" 05","SUR","TOCINA","EXTRANJEROS",2,0,2
" 05","SUR","TOCINA","TOTAL POBLACION",3,0,3
" 05","SUR","TOMARES","ESPAÑOLES",14,19,33
" 05","SUR","TOMARES","TOTAL POBLACION",14,19,33
" 05","SUR","UMBRETE","ESPAÑOLES",6,2,8
" 05","SUR","UMBRETE","TOTAL POBLACION",6,2,8
" 05","SUR","UTRERA","ESPAÑOLES",18,23,41
" 05","SUR","UTRERA","EXTRANJEROS",1,2,3
" 05","SUR","UTRERA","TOTAL POBLACION",19,25,44
" 05","SUR","VALENCINA DE LA CONCEPCION","ESPAÑOLES",1,0,1
" 05","SUR","VALENCINA DE LA CONCEPCION","TOTAL POBLACION",1,0,1
" 05","SUR","VILLAMANRIQUE DE LA CONDESA","ESPAÑOLES",3,1,4
" 05","SUR","VILLAMANRIQUE DE LA CONDESA","TOTAL POBLACION",3,1,4
" 05","SUR","VILLANUEVA DEL ARISCAL","ESPAÑOLES",3,3,6
" 05","SUR","VILLANUEVA DEL ARISCAL","TOTAL POBLACION",3,3,6
" 05","SUR","VILLANUEVA DEL RIO Y MINAS","ESPAÑOLES",1,1,2
" 05","SUR","VILLANUEVA DEL RIO Y MINAS","TOTAL POBLACION",1,1,2
" 05","SUR","VISO DEL ALCOR (EL)","ESPAÑOLES",0,1,1
" 05","SUR","VISO DEL ALCOR (EL)","TOTAL POBLACION",0,1,1
" 06","TRIANA","- FUERA DE LA PROVINCIA DE SEVILLA","ESPAÑOLES",279,247,526
" 06","TRIANA","- FUERA DE LA PROVINCIA DE SEVILLA","EXTRANJEROS",38,61,99
" 06","TRIANA","- FUERA DE LA PROVINCIA DE SEVILLA","NO CONSTA",1,0,1
" 06","TRIANA","- FUERA DE LA PROVINCIA DE SEVILLA","TOTAL POBLACION",318,308,626
" 06","TRIANA","- PROVINCIA DE SEVILLA","ESPAÑOLES",283,297,580
" 06","TRIANA","- PROVINCIA DE SEVILLA","EXTRANJEROS",26,42,68
" 06","TRIANA","- PROVINCIA DE SEVILLA","TOTAL POBLACION",309,339,648
" 06","TRIANA","AGUADULCE","ESPAÑOLES",0,1,1
" 06","TRIANA","AGUADULCE","TOTAL POBLACION",0,1,1
" 06","TRIANA","ALCALA DE GUADAIRA","ESPAÑOLES",7,9,16
" 06","TRIANA","ALCALA DE GUADAIRA","EXTRANJEROS",1,1,2
" 06","TRIANA","ALCALA DE GUADAIRA","TOTAL POBLACION",8,10,18
" 06","TRIANA","ALCALA DEL RIO","ESPAÑOLES",0,1,1
" 06","TRIANA","ALCALA DEL RIO","TOTAL POBLACION",0,1,1
" 06","TRIANA","ALCOLEA DEL RIO","ESPAÑOLES",1,0,1
" 06","TRIANA","ALCOLEA DEL RIO","TOTAL POBLACION",1,0,1
" 06","TRIANA","ALGABA (LA)","ESPAÑOLES",1,0,1
" 06","TRIANA","ALGABA (LA)","EXTRANJEROS",0,2,2
" 06","TRIANA","ALGABA (LA)","TOTAL POBLACION",1,2,3
" 06","TRIANA","ALGAMITAS","ESPAÑOLES",1,0,1
" 06","TRIANA","ALGAMITAS","TOTAL POBLACION",1,0,1
" 06","TRIANA","ALMADEN DE LA PLATA","ESPAÑOLES",1,0,1
" 06","TRIANA","ALMADEN DE LA PLATA","TOTAL POBLACION",1,0,1
" 06","TRIANA","ALMENSILLA","ESPAÑOLES",0,2,2
" 06","TRIANA","ALMENSILLA","TOTAL POBLACION",0,2,2
" 06","TRIANA","AZNALCAZAR","ESPAÑOLES",1,1,2
" 06","TRIANA","AZNALCAZAR","TOTAL POBLACION",1,1,2
" 06","TRIANA","AZNALCOLLAR","ESPAÑOLES",1,1,2
" 06","TRIANA","AZNALCOLLAR","TOTAL POBLACION",1,1,2
" 06","TRIANA","BENACAZON","ESPAÑOLES",2,2,4
" 06","TRIANA","BENACAZON","TOTAL POBLACION",2,2,4
" 06","TRIANA","BOLLULLOS DE LA MITACION","ESPAÑOLES",3,7,10
" 06","TRIANA","BOLLULLOS DE LA MITACION","TOTAL POBLACION",3,7,10
" 06","TRIANA","BORMUJOS","ESPAÑOLES",18,19,37
" 06","TRIANA","BORMUJOS","EXTRANJEROS",0,1,1
" 06","TRIANA","BORMUJOS","TOTAL POBLACION",18,20,38
" 06","TRIANA","BRENES","ESPAÑOLES",0,1,1
" 06","TRIANA","BRENES","TOTAL POBLACION",0,1,1
" 06","TRIANA","BURGUILLOS","ESPAÑOLES",1,0,1
" 06","TRIANA","BURGUILLOS","TOTAL POBLACION",1,0,1
" 06","TRIANA","CAMAS","ESPAÑOLES",29,25,54
" 06","TRIANA","CAMAS","EXTRANJEROS",1,1,2
" 06","TRIANA","CAMAS","TOTAL POBLACION",30,26,56
" 06","TRIANA","CANTILLANA","ESPAÑOLES",1,0,1
" 06","TRIANA","CANTILLANA","TOTAL POBLACION",1,0,1
" 06","TRIANA","CARMONA","ESPAÑOLES",3,4,7
" 06","TRIANA","CARMONA","EXTRANJEROS",1,0,1
" 06","TRIANA","CARMONA","TOTAL POBLACION",4,4,8
" 06","TRIANA","CARRION DE LOS CESPEDES","ESPAÑOLES",1,0,1
" 06","TRIANA","CARRION DE LOS CESPEDES","TOTAL POBLACION",1,0,1
" 06","TRIANA","CASTILBLANCO DE LOS ARROYOS","ESPAÑOLES",2,1,3
" 06","TRIANA","CASTILBLANCO DE LOS ARROYOS","EXTRANJEROS",0,1,1
" 06","TRIANA","CASTILBLANCO DE LOS ARROYOS","TOTAL POBLACION",2,2,4
" 06","TRIANA","CASTILLEJA DE GUZMAN","ESPAÑOLES",1,2,3
" 06","TRIANA","CASTILLEJA DE GUZMAN","TOTAL POBLACION",1,2,3
" 06","TRIANA","CASTILLEJA DE LA CUESTA","ESPAÑOLES",6,8,14
" 06","TRIANA","CASTILLEJA DE LA CUESTA","EXTRANJEROS",2,3,5
" 06","TRIANA","CASTILLEJA DE LA CUESTA","TOTAL POBLACION",8,11,19
" 06","TRIANA","CASTILLO DE LAS GUARDAS (EL)","ESPAÑOLES",2,1,3
" 06","TRIANA","CASTILLO DE LAS GUARDAS (EL)","TOTAL POBLACION",2,1,3
" 06","TRIANA","CORIA DEL RIO","ESPAÑOLES",7,10,17
" 06","TRIANA","CORIA DEL RIO","EXTRANJEROS",0,1,1
" 06","TRIANA","CORIA DEL RIO","TOTAL POBLACION",7,11,18
" 06","TRIANA","DOS HERMANAS","ESPAÑOLES",22,19,41
" 06","TRIANA","DOS HERMANAS","EXTRANJEROS",0,2,2
" 06","TRIANA","DOS HERMANAS","TOTAL POBLACION",22,21,43
" 06","TRIANA","ECIJA","ESPAÑOLES",0,2,2
" 06","TRIANA","ECIJA","TOTAL POBLACION",0,2,2
" 06","TRIANA","ESPARTINAS","ESPAÑOLES",16,18,34
" 06","TRIANA","ESPARTINAS","TOTAL POBLACION",16,18,34
" 06","TRIANA","GELVES","ESPAÑOLES",11,11,22
" 06","TRIANA","GELVES","EXTRANJEROS",0,1,1
" 06","TRIANA","GELVES","TOTAL POBLACION",11,12,23
" 06","TRIANA","GERENA","ESPAÑOLES",3,14,17
" 06","TRIANA","GERENA","TOTAL POBLACION",3,14,17
" 06","TRIANA","GINES","ESPAÑOLES",7,3,10
" 06","TRIANA","GINES","TOTAL POBLACION",7,3,10
" 06","TRIANA","GUADALCANAL","ESPAÑOLES",1,1,2
" 06","TRIANA","GUADALCANAL","TOTAL POBLACION",1,1,2
" 06","TRIANA","GUILLENA","ESPAÑOLES",3,5,8
" 06","TRIANA","GUILLENA","EXTRANJEROS",3,2,5
" 06","TRIANA","GUILLENA","TOTAL POBLACION",6,7,13
" 06","TRIANA","HUEVAR DEL ALJARAFE","ESPAÑOLES",0,1,1
" 06","TRIANA","HUEVAR DEL ALJARAFE","TOTAL POBLACION",0,1,1
" 06","TRIANA","ISLA MAYOR","ESPAÑOLES",1,1,2
" 06","TRIANA","ISLA MAYOR","TOTAL POBLACION",1,1,2
" 06","TRIANA","LORA DEL RIO","EXTRANJEROS",0,1,1
" 06","TRIANA","LORA DEL RIO","TOTAL POBLACION",0,1,1
" 06","TRIANA","MAIRENA DEL ALCOR","ESPAÑOLES",0,1,1
" 06","TRIANA","MAIRENA DEL ALCOR","TOTAL POBLACION",0,1,1
" 06","TRIANA","MAIRENA DEL ALJARAFE","ESPAÑOLES",43,36,79
" 06","TRIANA","MAIRENA DEL ALJARAFE","EXTRANJEROS",6,4,10
" 06","TRIANA","MAIRENA DEL ALJARAFE","TOTAL POBLACION",49,40,89
" 06","TRIANA","MARCHENA","ESPAÑOLES",1,1,2
" 06","TRIANA","MARCHENA","TOTAL POBLACION",1,1,2
" 06","TRIANA","MARTIN DE LA JARA","ESPAÑOLES",0,1,1
" 06","TRIANA","MARTIN DE LA JARA","TOTAL POBLACION",0,1,1
" 06","TRIANA","MOLARES (LOS)","ESPAÑOLES",1,0,1
" 06","TRIANA","MOLARES (LOS)","TOTAL POBLACION",1,0,1
" 06","TRIANA","MORON DE LA FRONTERA","ESPAÑOLES",7,0,7
" 06","TRIANA","MORON DE LA FRONTERA","TOTAL POBLACION",7,0,7
" 06","TRIANA","OLIVARES","ESPAÑOLES",1,3,4
" 06","TRIANA","OLIVARES","TOTAL POBLACION",1,3,4
" 06","TRIANA","PALACIOS Y VILLAFRANCA (LOS)","ESPAÑOLES",2,3,5
" 06","TRIANA","PALACIOS Y VILLAFRANCA (LOS)","EXTRANJEROS",2,0,2
" 06","TRIANA","PALACIOS Y VILLAFRANCA (LOS)","TOTAL POBLACION",4,3,7
" 06","TRIANA","PALOMARES DEL RIO","ESPAÑOLES",3,3,6
" 06","TRIANA","PALOMARES DEL RIO","EXTRANJEROS",0,1,1
" 06","TRIANA","PALOMARES DEL RIO","TOTAL POBLACION",3,4,7
" 06","TRIANA","PEDRERA","EXTRANJEROS",0,1,1
" 06","TRIANA","PEDRERA","TOTAL POBLACION",0,1,1
" 06","TRIANA","PILAS","ESPAÑOLES",0,1,1
" 06","TRIANA","PILAS","EXTRANJEROS",0,1,1
" 06","TRIANA","PILAS","TOTAL POBLACION",0,2,2
" 06","TRIANA","RINCONADA (LA)","ESPAÑOLES",4,6,10
" 06","TRIANA","RINCONADA (LA)","TOTAL POBLACION",4,6,10
" 06","TRIANA","SALTERAS","ESPAÑOLES",6,3,9
" 06","TRIANA","SALTERAS","TOTAL POBLACION",6,3,9
" 06","TRIANA","SAN JUAN DE AZNALFARACHE","ESPAÑOLES",22,28,50
" 06","TRIANA","SAN JUAN DE AZNALFARACHE","EXTRANJEROS",7,12,19
" 06","TRIANA","SAN JUAN DE AZNALFARACHE","TOTAL POBLACION",29,40,69
" 06","TRIANA","SAN NICOLAS DEL PUERTO","ESPAÑOLES",1,1,2
" 06","TRIANA","SAN NICOLAS DEL PUERTO","TOTAL POBLACION",1,1,2
" 06","TRIANA","SANLUCAR LA MAYOR","ESPAÑOLES",3,3,6
" 06","TRIANA","SANLUCAR LA MAYOR","EXTRANJEROS",2,0,2
" 06","TRIANA","SANLUCAR LA MAYOR","TOTAL POBLACION",5,3,8
" 06","TRIANA","SANTIPONCE","ESPAÑOLES",6,4,10
" 06","TRIANA","SANTIPONCE","EXTRANJEROS",0,1,1
" 06","TRIANA","SANTIPONCE","TOTAL POBLACION",6,5,11
" 06","TRIANA","TOCINA","ESPAÑOLES",2,3,5
" 06","TRIANA","TOCINA","TOTAL POBLACION",2,3,5
" 06","TRIANA","TOMARES","ESPAÑOLES",14,16,30
" 06","TRIANA","TOMARES","EXTRANJEROS",0,4,4
" 06","TRIANA","TOMARES","TOTAL POBLACION",14,20,34
" 06","TRIANA","UMBRETE","ESPAÑOLES",6,5,11
" 06","TRIANA","UMBRETE","TOTAL POBLACION",6,5,11
" 06","TRIANA","UTRERA","ESPAÑOLES",1,2,3
" 06","TRIANA","UTRERA","EXTRANJEROS",1,1,2
" 06","TRIANA","UTRERA","TOTAL POBLACION",2,3,5
" 06","TRIANA","VALENCINA DE LA CONCEPCION","ESPAÑOLES",2,3,5
" 06","TRIANA","VALENCINA DE LA CONCEPCION","EXTRANJEROS",0,1,1
" 06","TRIANA","VALENCINA DE LA CONCEPCION","TOTAL POBLACION",2,4,6
" 06","TRIANA","VILLAMANRIQUE DE LA CONDESA","ESPAÑOLES",2,0,2
" 06","TRIANA","VILLAMANRIQUE DE LA CONDESA","TOTAL POBLACION",2,0,2
" 06","TRIANA","VILLANUEVA DEL ARISCAL","ESPAÑOLES",2,3,5
" 06","TRIANA","VILLANUEVA DEL ARISCAL","TOTAL POBLACION",2,3,5
" 06","TRIANA","VILLAVERDE DEL RIO","ESPAÑOLES",1,1,2
" 06","TRIANA","VILLAVERDE DEL RIO","TOTAL POBLACION",1,1,2
" 07","NORTE","- FUERA DE LA PROVINCIA DE SEVILLA","ESPAÑOLES",229,252,481
" 07","NORTE","- FUERA DE LA PROVINCIA DE SEVILLA","EXTRANJEROS",38,26,64
" 07","NORTE","- FUERA DE LA PROVINCIA DE SEVILLA","TOTAL POBLACION",267,278,545
" 07","NORTE","- PROVINCIA DE SEVILLA","ESPAÑOLES",384,400,784
" 07","NORTE","- PROVINCIA DE SEVILLA","EXTRANJEROS",16,21,37
" 07","NORTE","- PROVINCIA DE SEVILLA","TOTAL POBLACION",400,421,821
" 07","NORTE","ALANIS","ESPAÑOLES",3,3,6
" 07","NORTE","ALANIS","TOTAL POBLACION",3,3,6
" 07","NORTE","ALBAIDA DEL ALJARAFE","ESPAÑOLES",0,3,3
" 07","NORTE","ALBAIDA DEL ALJARAFE","TOTAL POBLACION",0,3,3
" 07","NORTE","ALCALA DE GUADAIRA","ESPAÑOLES",24,13,37
" 07","NORTE","ALCALA DE GUADAIRA","EXTRANJEROS",1,4,5
" 07","NORTE","ALCALA DE GUADAIRA","TOTAL POBLACION",25,17,42
" 07","NORTE","ALCALA DEL RIO","ESPAÑOLES",18,12,30
" 07","NORTE","ALCALA DEL RIO","EXTRANJEROS",1,4,5
" 07","NORTE","ALCALA DEL RIO","TOTAL POBLACION",19,16,35
" 07","NORTE","ALCOLEA DEL RIO","ESPAÑOLES",1,1,2
" 07","NORTE","ALCOLEA DEL RIO","TOTAL POBLACION",1,1,2
" 07","NORTE","ALGABA (LA)","ESPAÑOLES",21,25,46
" 07","NORTE","ALGABA (LA)","EXTRANJEROS",3,1,4
" 07","NORTE","ALGABA (LA)","TOTAL POBLACION",24,26,50
" 07","NORTE","ALGAMITAS","ESPAÑOLES",0,1,1
" 07","NORTE","ALGAMITAS","TOTAL POBLACION",0,1,1
" 07","NORTE","ALMADEN DE LA PLATA","ESPAÑOLES",1,0,1
" 07","NORTE","ALMADEN DE LA PLATA","TOTAL POBLACION",1,0,1
" 07","NORTE","ALMENSILLA","ESPAÑOLES",3,2,5
" 07","NORTE","ALMENSILLA","EXTRANJEROS",0,1,1
" 07","NORTE","ALMENSILLA","TOTAL POBLACION",3,3,6
" 07","NORTE","AZNALCAZAR","ESPAÑOLES",0,1,1
" 07","NORTE","AZNALCAZAR","TOTAL POBLACION",0,1,1
" 07","NORTE","BENACAZON","ESPAÑOLES",2,1,3
" 07","NORTE","BENACAZON","TOTAL POBLACION",2,1,3
" 07","NORTE","BOLLULLOS DE LA MITACION","ESPAÑOLES",7,9,16
" 07","NORTE","BOLLULLOS DE LA MITACION","EXTRANJEROS",1,0,1
" 07","NORTE","BOLLULLOS DE LA MITACION","TOTAL POBLACION",8,9,17
" 07","NORTE","BORMUJOS","ESPAÑOLES",7,15,22
" 07","NORTE","BORMUJOS","EXTRANJEROS",1,1,2
" 07","NORTE","BORMUJOS","TOTAL POBLACION",8,16,24
" 07","NORTE","BRENES","ESPAÑOLES",8,8,16
" 07","NORTE","BRENES","TOTAL POBLACION",8,8,16
" 07","NORTE","BURGUILLOS","ESPAÑOLES",13,4,17
" 07","NORTE","BURGUILLOS","TOTAL POBLACION",13,4,17
" 07","NORTE","CAMAS","ESPAÑOLES",24,22,46
" 07","NORTE","CAMAS","EXTRANJEROS",2,2,4
" 07","NORTE","CAMAS","TOTAL POBLACION",26,24,50
" 07","NORTE","CANTILLANA","ESPAÑOLES",1,2,3
" 07","NORTE","CANTILLANA","TOTAL POBLACION",1,2,3
" 07","NORTE","CARMONA","ESPAÑOLES",10,15,25
" 07","NORTE","CARMONA","EXTRANJEROS",0,2,2
" 07","NORTE","CARMONA","TOTAL POBLACION",10,17,27
" 07","NORTE","CARRION DE LOS CESPEDES","ESPAÑOLES",1,0,1
" 07","NORTE","CARRION DE LOS CESPEDES","TOTAL POBLACION",1,0,1
" 07","NORTE","CASTILBLANCO DE LOS ARROYOS","ESPAÑOLES",6,5,11
" 07","NORTE","CASTILBLANCO DE LOS ARROYOS","TOTAL POBLACION",6,5,11
" 07","NORTE","CASTILLEJA DE GUZMAN","ESPAÑOLES",2,0,2
" 07","NORTE","CASTILLEJA DE GUZMAN","TOTAL POBLACION",2,0,2
" 07","NORTE","CASTILLEJA DE LA CUESTA","ESPAÑOLES",8,3,11
" 07","NORTE","CASTILLEJA DE LA CUESTA","EXTRANJEROS",1,3,4
" 07","NORTE","CASTILLEJA DE LA CUESTA","TOTAL POBLACION",9,6,15
" 07","NORTE","CASTILLEJA DEL CAMPO","ESPAÑOLES",1,0,1
" 07","NORTE","CASTILLEJA DEL CAMPO","TOTAL POBLACION",1,0,1
" 07","NORTE","CAZALLA DE LA SIERRA","ESPAÑOLES",0,1,1
" 07","NORTE","CAZALLA DE LA SIERRA","TOTAL POBLACION",0,1,1
" 07","NORTE","CORIA DEL RIO","ESPAÑOLES",6,4,10
" 07","NORTE","CORIA DEL RIO","TOTAL POBLACION",6,4,10
" 07","NORTE","DOS HERMANAS","ESPAÑOLES",37,38,75
" 07","NORTE","DOS HERMANAS","EXTRANJEROS",1,0,1
" 07","NORTE","DOS HERMANAS","TOTAL POBLACION",38,38,76
" 07","NORTE","ECIJA","ESPAÑOLES",3,3,6
" 07","NORTE","ECIJA","TOTAL POBLACION",3,3,6
" 07","NORTE","ESPARTINAS","ESPAÑOLES",16,13,29
" 07","NORTE","ESPARTINAS","TOTAL POBLACION",16,13,29
" 07","NORTE","ESTEPA","ESPAÑOLES",1,0,1
" 07","NORTE","ESTEPA","TOTAL POBLACION",1,0,1
" 07","NORTE","GARROBO (EL)","ESPAÑOLES",1,1,2
" 07","NORTE","GARROBO (EL)","TOTAL POBLACION",1,1,2
" 07","NORTE","GELVES","ESPAÑOLES",3,6,9
" 07","NORTE","GELVES","EXTRANJEROS",0,1,1
" 07","NORTE","GELVES","TOTAL POBLACION",3,7,10
" 07","NORTE","GERENA","ESPAÑOLES",3,10,13
" 07","NORTE","GERENA","TOTAL POBLACION",3,10,13
" 07","NORTE","GINES","ESPAÑOLES",4,6,10
" 07","NORTE","GINES","TOTAL POBLACION",4,6,10
" 07","NORTE","GUADALCANAL","ESPAÑOLES",0,1,1
" 07","NORTE","GUADALCANAL","TOTAL POBLACION",0,1,1
" 07","NORTE","GUILLENA","ESPAÑOLES",11,8,19
" 07","NORTE","GUILLENA","EXTRANJEROS",0,1,1
" 07","NORTE","GUILLENA","TOTAL POBLACION",11,9,20
" 07","NORTE","HUEVAR DEL ALJARAFE","ESPAÑOLES",2,4,6
" 07","NORTE","HUEVAR DEL ALJARAFE","TOTAL POBLACION",2,4,6
" 07","NORTE","LEBRIJA","ESPAÑOLES",0,1,1
" 07","NORTE","LEBRIJA","TOTAL POBLACION",0,1,1
" 07","NORTE","LORA DEL RIO","ESPAÑOLES",0,1,1
" 07","NORTE","LORA DEL RIO","EXTRANJEROS",0,1,1
" 07","NORTE","LORA DEL RIO","TOTAL POBLACION",0,2,2
" 07","NORTE","MAIRENA DEL ALCOR","ESPAÑOLES",3,7,10
" 07","NORTE","MAIRENA DEL ALCOR","TOTAL POBLACION",3,7,10
" 07","NORTE","MAIRENA DEL ALJARAFE","ESPAÑOLES",17,23,40
" 07","NORTE","MAIRENA DEL ALJARAFE","EXTRANJEROS",1,0,1
" 07","NORTE","MAIRENA DEL ALJARAFE","TOTAL POBLACION",18,23,41
" 07","NORTE","MARCHENA","ESPAÑOLES",2,0,2
" 07","NORTE","MARCHENA","TOTAL POBLACION",2,0,2
" 07","NORTE","MOLARES (LOS)","ESPAÑOLES",1,0,1
" 07","NORTE","MOLARES (LOS)","TOTAL POBLACION",1,0,1
" 07","NORTE","MONTELLANO","ESPAÑOLES",1,0,1
" 07","NORTE","MONTELLANO","TOTAL POBLACION",1,0,1
" 07","NORTE","MORON DE LA FRONTERA","ESPAÑOLES",3,3,6
" 07","NORTE","MORON DE LA FRONTERA","TOTAL POBLACION",3,3,6
" 07","NORTE","OLIVARES","ESPAÑOLES",7,3,10
" 07","NORTE","OLIVARES","TOTAL POBLACION",7,3,10
" 07","NORTE","OSUNA","EXTRANJEROS",1,0,1
" 07","NORTE","OSUNA","TOTAL POBLACION",1,0,1
" 07","NORTE","PALOMARES DEL RIO","ESPAÑOLES",3,4,7
" 07","NORTE","PALOMARES DEL RIO","TOTAL POBLACION",3,4,7
" 07","NORTE","PARADAS","ESPAÑOLES",0,1,1
" 07","NORTE","PARADAS","TOTAL POBLACION",0,1,1
" 07","NORTE","PEDROSO (EL)","ESPAÑOLES",0,1,1
" 07","NORTE","PEDROSO (EL)","TOTAL POBLACION",0,1,1
" 07","NORTE","PEÑAFLOR","ESPAÑOLES",0,1,1
" 07","NORTE","PEÑAFLOR","TOTAL POBLACION",0,1,1
" 07","NORTE","PILAS","ESPAÑOLES",1,2,3
" 07","NORTE","PILAS","TOTAL POBLACION",1,2,3
" 07","NORTE","PUEBLA DEL RIO (LA)","ESPAÑOLES",2,1,3
" 07","NORTE","PUEBLA DEL RIO (LA)","TOTAL POBLACION",2,1,3
" 07","NORTE","RINCONADA (LA)","ESPAÑOLES",46,53,99
" 07","NORTE","RINCONADA (LA)","TOTAL POBLACION",46,53,99
" 07","NORTE","RONQUILLO (EL)","ESPAÑOLES",1,1,2
" 07","NORTE","RONQUILLO (EL)","TOTAL POBLACION",1,1,2
" 07","NORTE","SALTERAS","ESPAÑOLES",0,1,1
" 07","NORTE","SALTERAS","TOTAL POBLACION",0,1,1
" 07","NORTE","SAN JUAN DE AZNALFARACHE","ESPAÑOLES",7,11,18
" 07","NORTE","SAN JUAN DE AZNALFARACHE","TOTAL POBLACION",7,11,18
" 07","NORTE","SANLUCAR LA MAYOR","ESPAÑOLES",4,5,9
" 07","NORTE","SANLUCAR LA MAYOR","TOTAL POBLACION",4,5,9
" 07","NORTE","SANTIPONCE","ESPAÑOLES",7,12,19
" 07","NORTE","SANTIPONCE","EXTRANJEROS",1,0,1
" 07","NORTE","SANTIPONCE","TOTAL POBLACION",8,12,20
" 07","NORTE","TOCINA","ESPAÑOLES",0,2,2
" 07","NORTE","TOCINA","TOTAL POBLACION",0,2,2
" 07","NORTE","TOMARES","ESPAÑOLES",14,10,24
" 07","NORTE","TOMARES","EXTRANJEROS",1,0,1
" 07","NORTE","TOMARES","TOTAL POBLACION",15,10,25
" 07","NORTE","UMBRETE","ESPAÑOLES",5,1,6
" 07","NORTE","UMBRETE","TOTAL POBLACION",5,1,6
" 07","NORTE","UTRERA","ESPAÑOLES",5,6,11
" 07","NORTE","UTRERA","TOTAL POBLACION",5,6,11
" 07","NORTE","VALENCINA DE LA CONCEPCION","ESPAÑOLES",1,3,4
" 07","NORTE","VALENCINA DE LA CONCEPCION","TOTAL POBLACION",1,3,4
" 07","NORTE","VILLAMANRIQUE DE LA CONDESA","ESPAÑOLES",1,1,2
" 07","NORTE","VILLAMANRIQUE DE LA CONDESA","TOTAL POBLACION",1,1,2
" 07","NORTE","VILLANUEVA DEL ARISCAL","ESPAÑOLES",2,3,5
" 07","NORTE","VILLANUEVA DEL ARISCAL","TOTAL POBLACION",2,3,5
" 07","NORTE","VILLANUEVA DEL RIO Y MINAS","ESPAÑOLES",0,2,2
" 07","NORTE","VILLANUEVA DEL RIO Y MINAS","TOTAL POBLACION",0,2,2
" 07","NORTE","VILLAVERDE DEL RIO","ESPAÑOLES",0,1,1
" 07","NORTE","VILLAVERDE DEL RIO","TOTAL POBLACION",0,1,1
" 07","NORTE","VISO DEL ALCOR (EL)","ESPAÑOLES",3,0,3
" 07","NORTE","VISO DEL ALCOR (EL)","EXTRANJEROS",1,0,1
" 07","NORTE","VISO DEL ALCOR (EL)","TOTAL POBLACION",4,0,4
" 08","S. PABLO-STA. JUSTA","- FUERA DE LA PROVINCIA DE SEVILLA","ESPAÑOLES",281,269,550
" 08","S. PABLO-STA. JUSTA","- FUERA DE LA PROVINCIA DE SEVILLA","EXTRANJEROS",52,54,106
" 08","S. PABLO-STA. JUSTA","- FUERA DE LA PROVINCIA DE SEVILLA","NO CONSTA",0,1,1
" 08","S. PABLO-STA. JUSTA","- FUERA DE LA PROVINCIA DE SEVILLA","TOTAL POBLACION",333,324,657
" 08","S. PABLO-STA. JUSTA","- PROVINCIA DE SEVILLA","ESPAÑOLES",246,294,540
" 08","S. PABLO-STA. JUSTA","- PROVINCIA DE SEVILLA","EXTRANJEROS",11,18,29
" 08","S. PABLO-STA. JUSTA","- PROVINCIA DE SEVILLA","TOTAL POBLACION",257,312,569
" 08","S. PABLO-STA. JUSTA","ALANIS","ESPAÑOLES",1,0,1
" 08","S. PABLO-STA. JUSTA","ALANIS","TOTAL POBLACION",1,0,1
" 08","S. PABLO-STA. JUSTA","ALCALA DE GUADAIRA","ESPAÑOLES",16,27,43
" 08","S. PABLO-STA. JUSTA","ALCALA DE GUADAIRA","EXTRANJEROS",0,1,1
" 08","S. PABLO-STA. JUSTA","ALCALA DE GUADAIRA","TOTAL POBLACION",16,28,44
" 08","S. PABLO-STA. JUSTA","ALCALA DEL RIO","ESPAÑOLES",7,6,13
" 08","S. PABLO-STA. JUSTA","ALCALA DEL RIO","TOTAL POBLACION",7,6,13
" 08","S. PABLO-STA. JUSTA","ALCOLEA DEL RIO","ESPAÑOLES",1,1,2
" 08","S. PABLO-STA. JUSTA","ALCOLEA DEL RIO","TOTAL POBLACION",1,1,2
" 08","S. PABLO-STA. JUSTA","ALGABA (LA)","ESPAÑOLES",3,3,6
" 08","S. PABLO-STA. JUSTA","ALGABA (LA)","EXTRANJEROS",0,2,2
" 08","S. PABLO-STA. JUSTA","ALGABA (LA)","TOTAL POBLACION",3,5,8
" 08","S. PABLO-STA. JUSTA","ALMADEN DE LA PLATA","ESPAÑOLES",1,0,1
" 08","S. PABLO-STA. JUSTA","ALMADEN DE LA PLATA","TOTAL POBLACION",1,0,1
" 08","S. PABLO-STA. JUSTA","ARAHAL (EL)","ESPAÑOLES",2,2,4
" 08","S. PABLO-STA. JUSTA","ARAHAL (EL)","TOTAL POBLACION",2,2,4
" 08","S. PABLO-STA. JUSTA","AZNALCAZAR","ESPAÑOLES",1,1,2
" 08","S. PABLO-STA. JUSTA","AZNALCAZAR","TOTAL POBLACION",1,1,2
" 08","S. PABLO-STA. JUSTA","AZNALCOLLAR","ESPAÑOLES",0,1,1
" 08","S. PABLO-STA. JUSTA","AZNALCOLLAR","TOTAL POBLACION",0,1,1
" 08","S. PABLO-STA. JUSTA","BENACAZON","ESPAÑOLES",0,4,4
" 08","S. PABLO-STA. JUSTA","BENACAZON","TOTAL POBLACION",0,4,4
" 08","S. PABLO-STA. JUSTA","BOLLULLOS DE LA MITACION","ESPAÑOLES",9,8,17
" 08","S. PABLO-STA. JUSTA","BOLLULLOS DE LA MITACION","TOTAL POBLACION",9,8,17
" 08","S. PABLO-STA. JUSTA","BORMUJOS","ESPAÑOLES",13,13,26
" 08","S. PABLO-STA. JUSTA","BORMUJOS","TOTAL POBLACION",13,13,26
" 08","S. PABLO-STA. JUSTA","BRENES","ESPAÑOLES",2,0,2
" 08","S. PABLO-STA. JUSTA","BRENES","TOTAL POBLACION",2,0,2
" 08","S. PABLO-STA. JUSTA","BURGUILLOS","ESPAÑOLES",5,6,11
" 08","S. PABLO-STA. JUSTA","BURGUILLOS","EXTRANJEROS",1,0,1
" 08","S. PABLO-STA. JUSTA","BURGUILLOS","TOTAL POBLACION",6,6,12
" 08","S. PABLO-STA. JUSTA","CABEZAS DE SAN JUAN (LAS)","ESPAÑOLES",0,1,1
" 08","S. PABLO-STA. JUSTA","CABEZAS DE SAN JUAN (LAS)","TOTAL POBLACION",0,1,1
" 08","S. PABLO-STA. JUSTA","CAMAS","ESPAÑOLES",7,12,19
" 08","S. PABLO-STA. JUSTA","CAMAS","EXTRANJEROS",3,2,5
" 08","S. PABLO-STA. JUSTA","CAMAS","TOTAL POBLACION",10,14,24
" 08","S. PABLO-STA. JUSTA","CANTILLANA","ESPAÑOLES",1,1,2
" 08","S. PABLO-STA. JUSTA","CANTILLANA","TOTAL POBLACION",1,1,2
" 08","S. PABLO-STA. JUSTA","CARMONA","ESPAÑOLES",12,7,19
" 08","S. PABLO-STA. JUSTA","CARMONA","EXTRANJEROS",0,1,1
" 08","S. PABLO-STA. JUSTA","CARMONA","TOTAL POBLACION",12,8,20
" 08","S. PABLO-STA. JUSTA","CARRION DE LOS CESPEDES","ESPAÑOLES",1,1,2
" 08","S. PABLO-STA. JUSTA","CARRION DE LOS CESPEDES","TOTAL POBLACION",1,1,2
" 08","S. PABLO-STA. JUSTA","CASTILBLANCO DE LOS ARROYOS","ESPAÑOLES",0,2,2
" 08","S. PABLO-STA. JUSTA","CASTILBLANCO DE LOS ARROYOS","TOTAL POBLACION",0,2,2
" 08","S. PABLO-STA. JUSTA","CASTILLEJA DE GUZMAN","ESPAÑOLES",0,1,1
" 08","S. PABLO-STA. JUSTA","CASTILLEJA DE GUZMAN","TOTAL POBLACION",0,1,1
" 08","S. PABLO-STA. JUSTA","CASTILLEJA DE LA CUESTA","ESPAÑOLES",5,10,15
" 08","S. PABLO-STA. JUSTA","CASTILLEJA DE LA CUESTA","EXTRANJEROS",2,1,3
" 08","S. PABLO-STA. JUSTA","CASTILLEJA DE LA CUESTA","TOTAL POBLACION",7,11,18
" 08","S. PABLO-STA. JUSTA","CAZALLA DE LA SIERRA","ESPAÑOLES",3,4,7
" 08","S. PABLO-STA. JUSTA","CAZALLA DE LA SIERRA","TOTAL POBLACION",3,4,7
" 08","S. PABLO-STA. JUSTA","CORIA DEL RIO","ESPAÑOLES",10,9,19
" 08","S. PABLO-STA. JUSTA","CORIA DEL RIO","EXTRANJEROS",1,0,1
" 08","S. PABLO-STA. JUSTA","CORIA DEL RIO","TOTAL POBLACION",11,9,20
" 08","S. PABLO-STA. JUSTA","CORRALES (LOS)","ESPAÑOLES",2,2,4
" 08","S. PABLO-STA. JUSTA","CORRALES (LOS)","TOTAL POBLACION",2,2,4
" 08","S. PABLO-STA. JUSTA","DOS HERMANAS","ESPAÑOLES",36,35,71
" 08","S. PABLO-STA. JUSTA","DOS HERMANAS","EXTRANJEROS",1,0,1
" 08","S. PABLO-STA. JUSTA","DOS HERMANAS","TOTAL POBLACION",37,35,72
" 08","S. PABLO-STA. JUSTA","ESPARTINAS","ESPAÑOLES",13,20,33
" 08","S. PABLO-STA. JUSTA","ESPARTINAS","TOTAL POBLACION",13,20,33
" 08","S. PABLO-STA. JUSTA","ESTEPA","ESPAÑOLES",1,0,1
" 08","S. PABLO-STA. JUSTA","ESTEPA","TOTAL POBLACION",1,0,1
" 08","S. PABLO-STA. JUSTA","FUENTES DE ANDALUCIA","ESPAÑOLES",0,2,2
" 08","S. PABLO-STA. JUSTA","FUENTES DE ANDALUCIA","TOTAL POBLACION",0,2,2
" 08","S. PABLO-STA. JUSTA","GELVES","ESPAÑOLES",4,1,5
" 08","S. PABLO-STA. JUSTA","GELVES","TOTAL POBLACION",4,1,5
" 08","S. PABLO-STA. JUSTA","GERENA","ESPAÑOLES",0,1,1
" 08","S. PABLO-STA. JUSTA","GERENA","TOTAL POBLACION",0,1,1
" 08","S. PABLO-STA. JUSTA","GINES","ESPAÑOLES",4,3,7
" 08","S. PABLO-STA. JUSTA","GINES","TOTAL POBLACION",4,3,7
" 08","S. PABLO-STA. JUSTA","GUADALCANAL","ESPAÑOLES",0,2,2
" 08","S. PABLO-STA. JUSTA","GUADALCANAL","TOTAL POBLACION",0,2,2
" 08","S. PABLO-STA. JUSTA","GUILLENA","ESPAÑOLES",4,6,10
" 08","S. PABLO-STA. JUSTA","GUILLENA","EXTRANJEROS",0,2,2
" 08","S. PABLO-STA. JUSTA","GUILLENA","TOTAL POBLACION",4,8,12
" 08","S. PABLO-STA. JUSTA","HUEVAR DEL ALJARAFE","ESPAÑOLES",2,1,3
" 08","S. PABLO-STA. JUSTA","HUEVAR DEL ALJARAFE","TOTAL POBLACION",2,1,3
" 08","S. PABLO-STA. JUSTA","LEBRIJA","ESPAÑOLES",2,2,4
" 08","S. PABLO-STA. JUSTA","LEBRIJA","TOTAL POBLACION",2,2,4
" 08","S. PABLO-STA. JUSTA","LORA DEL RIO","ESPAÑOLES",3,0,3
" 08","S. PABLO-STA. JUSTA","LORA DEL RIO","TOTAL POBLACION",3,0,3
" 08","S. PABLO-STA. JUSTA","MAIRENA DEL ALCOR","ESPAÑOLES",2,4,6
" 08","S. PABLO-STA. JUSTA","MAIRENA DEL ALCOR","EXTRANJEROS",0,1,1
" 08","S. PABLO-STA. JUSTA","MAIRENA DEL ALCOR","TOTAL POBLACION",2,5,7
" 08","S. PABLO-STA. JUSTA","MAIRENA DEL ALJARAFE","ESPAÑOLES",12,17,29
" 08","S. PABLO-STA. JUSTA","MAIRENA DEL ALJARAFE","TOTAL POBLACION",12,17,29
" 08","S. PABLO-STA. JUSTA","MARCHENA","ESPAÑOLES",0,3,3
" 08","S. PABLO-STA. JUSTA","MARCHENA","EXTRANJEROS",1,0,1
" 08","S. PABLO-STA. JUSTA","MARCHENA","TOTAL POBLACION",1,3,4
" 08","S. PABLO-STA. JUSTA","MORON DE LA FRONTERA","ESPAÑOLES",1,3,4
" 08","S. PABLO-STA. JUSTA","MORON DE LA FRONTERA","TOTAL POBLACION",1,3,4
" 08","S. PABLO-STA. JUSTA","NAVAS DE LA CONCEPCION (LAS)","ESPAÑOLES",0,1,1
" 08","S. PABLO-STA. JUSTA","NAVAS DE LA CONCEPCION (LAS)","TOTAL POBLACION",0,1,1
" 08","S. PABLO-STA. JUSTA","OLIVARES","ESPAÑOLES",4,0,4
" 08","S. PABLO-STA. JUSTA","OLIVARES","TOTAL POBLACION",4,0,4
" 08","S. PABLO-STA. JUSTA","OSUNA","ESPAÑOLES",1,0,1
" 08","S. PABLO-STA. JUSTA","OSUNA","TOTAL POBLACION",1,0,1
" 08","S. PABLO-STA. JUSTA","PALACIOS Y VILLAFRANCA (LOS)","ESPAÑOLES",2,3,5
" 08","S. PABLO-STA. JUSTA","PALACIOS Y VILLAFRANCA (LOS)","EXTRANJEROS",0,1,1
" 08","S. PABLO-STA. JUSTA","PALACIOS Y VILLAFRANCA (LOS)","TOTAL POBLACION",2,4,6
" 08","S. PABLO-STA. JUSTA","PALOMARES DEL RIO","ESPAÑOLES",1,2,3
" 08","S. PABLO-STA. JUSTA","PALOMARES DEL RIO","EXTRANJEROS",1,0,1
" 08","S. PABLO-STA. JUSTA","PALOMARES DEL RIO","TOTAL POBLACION",2,2,4
" 08","S. PABLO-STA. JUSTA","PILAS","ESPAÑOLES",1,1,2
" 08","S. PABLO-STA. JUSTA","PILAS","TOTAL POBLACION",1,1,2
" 08","S. PABLO-STA. JUSTA","PUEBLA DE CAZALLA (LA)","ESPAÑOLES",0,1,1
" 08","S. PABLO-STA. JUSTA","PUEBLA DE CAZALLA (LA)","TOTAL POBLACION",0,1,1
" 08","S. PABLO-STA. JUSTA","PUEBLA DEL RIO (LA)","ESPAÑOLES",0,1,1
" 08","S. PABLO-STA. JUSTA","PUEBLA DEL RIO (LA)","TOTAL POBLACION",0,1,1
" 08","S. PABLO-STA. JUSTA","RINCONADA (LA)","ESPAÑOLES",7,11,18
" 08","S. PABLO-STA. JUSTA","RINCONADA (LA)","EXTRANJEROS",1,1,2
" 08","S. PABLO-STA. JUSTA","RINCONADA (LA)","TOTAL POBLACION",8,12,20
" 08","S. PABLO-STA. JUSTA","RONQUILLO (EL)","ESPAÑOLES",0,1,1
" 08","S. PABLO-STA. JUSTA","RONQUILLO (EL)","TOTAL POBLACION",0,1,1
" 08","S. PABLO-STA. JUSTA","SALTERAS","ESPAÑOLES",2,1,3
" 08","S. PABLO-STA. JUSTA","SALTERAS","EXTRANJEROS",0,1,1
" 08","S. PABLO-STA. JUSTA","SALTERAS","TOTAL POBLACION",2,2,4
" 08","S. PABLO-STA. JUSTA","SAN JUAN DE AZNALFARACHE","ESPAÑOLES",9,7,16
" 08","S. PABLO-STA. JUSTA","SAN JUAN DE AZNALFARACHE","EXTRANJEROS",0,1,1
" 08","S. PABLO-STA. JUSTA","SAN JUAN DE AZNALFARACHE","TOTAL POBLACION",9,8,17
" 08","S. PABLO-STA. JUSTA","SANLUCAR LA MAYOR","ESPAÑOLES",2,6,8
" 08","S. PABLO-STA. JUSTA","SANLUCAR LA MAYOR","TOTAL POBLACION",2,6,8
" 08","S. PABLO-STA. JUSTA","SANTIPONCE","ESPAÑOLES",4,4,8
" 08","S. PABLO-STA. JUSTA","SANTIPONCE","TOTAL POBLACION",4,4,8
" 08","S. PABLO-STA. JUSTA","TOCINA","ESPAÑOLES",1,2,3
" 08","S. PABLO-STA. JUSTA","TOCINA","TOTAL POBLACION",1,2,3
" 08","S. PABLO-STA. JUSTA","TOMARES","ESPAÑOLES",10,10,20
" 08","S. PABLO-STA. JUSTA","TOMARES","EXTRANJEROS",0,1,1
" 08","S. PABLO-STA. JUSTA","TOMARES","TOTAL POBLACION",10,11,21
" 08","S. PABLO-STA. JUSTA","UMBRETE","ESPAÑOLES",2,2,4
" 08","S. PABLO-STA. JUSTA","UMBRETE","EXTRANJEROS",0,1,1
" 08","S. PABLO-STA. JUSTA","UMBRETE","TOTAL POBLACION",2,3,5
" 08","S. PABLO-STA. JUSTA","UTRERA","ESPAÑOLES",5,6,11
" 08","S. PABLO-STA. JUSTA","UTRERA","EXTRANJEROS",0,2,2
" 08","S. PABLO-STA. JUSTA","UTRERA","TOTAL POBLACION",5,8,13
" 08","S. PABLO-STA. JUSTA","VALENCINA DE LA CONCEPCION","ESPAÑOLES",4,2,6
" 08","S. PABLO-STA. JUSTA","VALENCINA DE LA CONCEPCION","TOTAL POBLACION",4,2,6
" 08","S. PABLO-STA. JUSTA","VILLANUEVA DE SAN JUAN","ESPAÑOLES",0,1,1
" 08","S. PABLO-STA. JUSTA","VILLANUEVA DE SAN JUAN","TOTAL POBLACION",0,1,1
" 08","S. PABLO-STA. JUSTA","VILLANUEVA DEL ARISCAL","ESPAÑOLES",2,5,7
" 08","S. PABLO-STA. JUSTA","VILLANUEVA DEL ARISCAL","TOTAL POBLACION",2,5,7
" 08","S. PABLO-STA. JUSTA","VILLANUEVA DEL RIO Y MINAS","ESPAÑOLES",1,1,2
" 08","S. PABLO-STA. JUSTA","VILLANUEVA DEL RIO Y MINAS","TOTAL POBLACION",1,1,2
" 08","S. PABLO-STA. JUSTA","VILLAVERDE DEL RIO","ESPAÑOLES",1,0,1
" 08","S. PABLO-STA. JUSTA","VILLAVERDE DEL RIO","TOTAL POBLACION",1,0,1
" 08","S. PABLO-STA. JUSTA","VISO DEL ALCOR (EL)","ESPAÑOLES",1,4,5
" 08","S. PABLO-STA. JUSTA","VISO DEL ALCOR (EL)","TOTAL POBLACION",1,4,5
" 09","ESTE","- FUERA DE LA PROVINCIA DE SEVILLA","ESPAÑOLES",431,420,851
" 09","ESTE","- FUERA DE LA PROVINCIA DE SEVILLA","EXTRANJEROS",94,69,163
" 09","ESTE","- FUERA DE LA PROVINCIA DE SEVILLA","NO CONSTA",1,0,1
" 09","ESTE","- FUERA DE LA PROVINCIA DE SEVILLA","TOTAL POBLACION",526,489,1015
" 09","ESTE","- PROVINCIA DE SEVILLA","ESPAÑOLES",485,502,987
" 09","ESTE","- PROVINCIA DE SEVILLA","EXTRANJEROS",26,24,50
" 09","ESTE","- PROVINCIA DE SEVILLA","TOTAL POBLACION",511,526,1037
" 09","ESTE","ALBAIDA DEL ALJARAFE","ESPAÑOLES",1,0,1
" 09","ESTE","ALBAIDA DEL ALJARAFE","TOTAL POBLACION",1,0,1
" 09","ESTE","ALCALA DE GUADAIRA","ESPAÑOLES",94,111,205
" 09","ESTE","ALCALA DE GUADAIRA","EXTRANJEROS",4,3,7
" 09","ESTE","ALCALA DE GUADAIRA","TOTAL POBLACION",98,114,212
" 09","ESTE","ALCALA DEL RIO","ESPAÑOLES",11,11,22
" 09","ESTE","ALCALA DEL RIO","TOTAL POBLACION",11,11,22
" 09","ESTE","ALCOLEA DEL RIO","ESPAÑOLES",1,0,1
" 09","ESTE","ALCOLEA DEL RIO","TOTAL POBLACION",1,0,1
" 09","ESTE","ALGABA (LA)","ESPAÑOLES",5,7,12
" 09","ESTE","ALGABA (LA)","TOTAL POBLACION",5,7,12
" 09","ESTE","ALMENSILLA","ESPAÑOLES",3,4,7
" 09","ESTE","ALMENSILLA","TOTAL POBLACION",3,4,7
" 09","ESTE","ARAHAL (EL)","ESPAÑOLES",0,2,2
" 09","ESTE","ARAHAL (EL)","EXTRANJEROS",1,0,1
" 09","ESTE","ARAHAL (EL)","TOTAL POBLACION",1,2,3
" 09","ESTE","AZNALCAZAR","ESPAÑOLES",6,5,11
" 09","ESTE","AZNALCAZAR","TOTAL POBLACION",6,5,11
" 09","ESTE","AZNALCOLLAR","ESPAÑOLES",1,1,2
" 09","ESTE","AZNALCOLLAR","TOTAL POBLACION",1,1,2
" 09","ESTE","BENACAZON","ESPAÑOLES",2,1,3
" 09","ESTE","BENACAZON","TOTAL POBLACION",2,1,3
" 09","ESTE","BOLLULLOS DE LA MITACION","ESPAÑOLES",8,5,13
" 09","ESTE","BOLLULLOS DE LA MITACION","EXTRANJEROS",0,1,1
" 09","ESTE","BOLLULLOS DE LA MITACION","TOTAL POBLACION",8,6,14
" 09","ESTE","BORMUJOS","ESPAÑOLES",14,14,28
" 09","ESTE","BORMUJOS","TOTAL POBLACION",14,14,28
" 09","ESTE","BRENES","ESPAÑOLES",5,3,8
" 09","ESTE","BRENES","TOTAL POBLACION",5,3,8
" 09","ESTE","BURGUILLOS","ESPAÑOLES",5,5,10
" 09","ESTE","BURGUILLOS","TOTAL POBLACION",5,5,10
" 09","ESTE","CABEZAS DE SAN JUAN (LAS)","ESPAÑOLES",2,3,5
" 09","ESTE","CABEZAS DE SAN JUAN (LAS)","TOTAL POBLACION",2,3,5
" 09","ESTE","CAMAS","ESPAÑOLES",10,8,18
" 09","ESTE","CAMAS","TOTAL POBLACION",10,8,18
" 09","ESTE","CAMPANA (LA)","ESPAÑOLES",2,1,3
" 09","ESTE","CAMPANA (LA)","TOTAL POBLACION",2,1,3
" 09","ESTE","CANTILLANA","ESPAÑOLES",1,0,1
" 09","ESTE","CANTILLANA","TOTAL POBLACION",1,0,1
" 09","ESTE","CARMONA","ESPAÑOLES",27,33,60
" 09","ESTE","CARMONA","EXTRANJEROS",2,0,2
" 09","ESTE","CARMONA","TOTAL POBLACION",29,33,62
" 09","ESTE","CARRION DE LOS CESPEDES","ESPAÑOLES",1,3,4
" 09","ESTE","CARRION DE LOS CESPEDES","TOTAL POBLACION",1,3,4
" 09","ESTE","CASTILLEJA DE LA CUESTA","ESPAÑOLES",10,7,17
" 09","ESTE","CASTILLEJA DE LA CUESTA","EXTRANJEROS",4,2,6
" 09","ESTE","CASTILLEJA DE LA CUESTA","TOTAL POBLACION",14,9,23
" 09","ESTE","CONSTANTINA","ESPAÑOLES",3,1,4
" 09","ESTE","CONSTANTINA","TOTAL POBLACION",3,1,4
" 09","ESTE","CORIA DEL RIO","ESPAÑOLES",11,6,17
" 09","ESTE","CORIA DEL RIO","EXTRANJEROS",0,3,3
" 09","ESTE","CORIA DEL RIO","TOTAL POBLACION",11,9,20
" 09","ESTE","CORONIL (EL)","ESPAÑOLES",2,2,4
" 09","ESTE","CORONIL (EL)","TOTAL POBLACION",2,2,4
" 09","ESTE","DOS HERMANAS","ESPAÑOLES",45,44,89
" 09","ESTE","DOS HERMANAS","EXTRANJEROS",2,1,3
" 09","ESTE","DOS HERMANAS","TOTAL POBLACION",47,45,92
" 09","ESTE","ECIJA","ESPAÑOLES",1,0,1
" 09","ESTE","ECIJA","TOTAL POBLACION",1,0,1
" 09","ESTE","ESPARTINAS","ESPAÑOLES",19,23,42
" 09","ESTE","ESPARTINAS","TOTAL POBLACION",19,23,42
" 09","ESTE","FUENTES DE ANDALUCIA","ESPAÑOLES",3,3,6
" 09","ESTE","FUENTES DE ANDALUCIA","EXTRANJEROS",1,0,1
" 09","ESTE","FUENTES DE ANDALUCIA","TOTAL POBLACION",4,3,7
" 09","ESTE","GELVES","ESPAÑOLES",5,8,13
" 09","ESTE","GELVES","TOTAL POBLACION",5,8,13
" 09","ESTE","GERENA","ESPAÑOLES",2,4,6
" 09","ESTE","GERENA","TOTAL POBLACION",2,4,6
" 09","ESTE","GINES","ESPAÑOLES",4,8,12
" 09","ESTE","GINES","EXTRANJEROS",0,2,2
" 09","ESTE","GINES","TOTAL POBLACION",4,10,14
" 09","ESTE","GUILLENA","ESPAÑOLES",7,8,15
" 09","ESTE","GUILLENA","TOTAL POBLACION",7,8,15
" 09","ESTE","ISLA MAYOR","ESPAÑOLES",3,1,4
" 09","ESTE","ISLA MAYOR","TOTAL POBLACION",3,1,4
" 09","ESTE","LEBRIJA","ESPAÑOLES",3,5,8
" 09","ESTE","LEBRIJA","TOTAL POBLACION",3,5,8
" 09","ESTE","LORA DEL RIO","ESPAÑOLES",2,2,4
" 09","ESTE","LORA DEL RIO","TOTAL POBLACION",2,2,4
" 09","ESTE","MAIRENA DEL ALCOR","ESPAÑOLES",35,30,65
" 09","ESTE","MAIRENA DEL ALCOR","EXTRANJEROS",1,1,2
" 09","ESTE","MAIRENA DEL ALCOR","TOTAL POBLACION",36,31,67
" 09","ESTE","MAIRENA DEL ALJARAFE","ESPAÑOLES",17,19,36
" 09","ESTE","MAIRENA DEL ALJARAFE","EXTRANJEROS",0,1,1
" 09","ESTE","MAIRENA DEL ALJARAFE","TOTAL POBLACION",17,20,37
" 09","ESTE","MARCHENA","ESPAÑOLES",1,1,2
" 09","ESTE","MARCHENA","EXTRANJEROS",0,1,1
" 09","ESTE","MARCHENA","TOTAL POBLACION",1,2,3
" 09","ESTE","MOLARES (LOS)","ESPAÑOLES",0,1,1
" 09","ESTE","MOLARES (LOS)","TOTAL POBLACION",0,1,1
" 09","ESTE","MORON DE LA FRONTERA","ESPAÑOLES",2,1,3
" 09","ESTE","MORON DE LA FRONTERA","TOTAL POBLACION",2,1,3
" 09","ESTE","NAVAS DE LA CONCEPCION (LAS)","ESPAÑOLES",3,2,5
" 09","ESTE","NAVAS DE LA CONCEPCION (LAS)","TOTAL POBLACION",3,2,5
" 09","ESTE","OLIVARES","ESPAÑOLES",1,4,5
" 09","ESTE","OLIVARES","EXTRANJEROS",1,0,1
" 09","ESTE","OLIVARES","TOTAL POBLACION",2,4,6
" 09","ESTE","OSUNA","ESPAÑOLES",2,1,3
" 09","ESTE","OSUNA","TOTAL POBLACION",2,1,3
" 09","ESTE","PALACIOS Y VILLAFRANCA (LOS)","ESPAÑOLES",6,8,14
" 09","ESTE","PALACIOS Y VILLAFRANCA (LOS)","TOTAL POBLACION",6,8,14
" 09","ESTE","PALOMARES DEL RIO","ESPAÑOLES",1,0,1
" 09","ESTE","PALOMARES DEL RIO","TOTAL POBLACION",1,0,1
" 09","ESTE","PEDROSO (EL)","ESPAÑOLES",1,0,1
" 09","ESTE","PEDROSO (EL)","EXTRANJEROS",0,1,1
" 09","ESTE","PEDROSO (EL)","TOTAL POBLACION",1,1,2
" 09","ESTE","PEÑAFLOR","ESPAÑOLES",0,2,2
" 09","ESTE","PEÑAFLOR","TOTAL POBLACION",0,2,2
" 09","ESTE","PILAS","ESPAÑOLES",1,5,6
" 09","ESTE","PILAS","EXTRANJEROS",1,0,1
" 09","ESTE","PILAS","TOTAL POBLACION",2,5,7
" 09","ESTE","PRUNA","ESPAÑOLES",1,0,1
" 09","ESTE","PRUNA","TOTAL POBLACION",1,0,1
" 09","ESTE","PUEBLA DE CAZALLA (LA)","ESPAÑOLES",0,1,1
" 09","ESTE","PUEBLA DE CAZALLA (LA)","TOTAL POBLACION",0,1,1
" 09","ESTE","PUEBLA DE LOS INFANTES (LA)","ESPAÑOLES",1,1,2
" 09","ESTE","PUEBLA DE LOS INFANTES (LA)","TOTAL POBLACION",1,1,2
" 09","ESTE","PUEBLA DEL RIO (LA)","ESPAÑOLES",2,0,2
" 09","ESTE","PUEBLA DEL RIO (LA)","TOTAL POBLACION",2,0,2
" 09","ESTE","RINCONADA (LA)","ESPAÑOLES",24,26,50
" 09","ESTE","RINCONADA (LA)","EXTRANJEROS",3,0,3
" 09","ESTE","RINCONADA (LA)","TOTAL POBLACION",27,26,53
" 09","ESTE","RONQUILLO (EL)","ESPAÑOLES",1,0,1
" 09","ESTE","RONQUILLO (EL)","TOTAL POBLACION",1,0,1
" 09","ESTE","RUBIO (EL)","ESPAÑOLES",1,0,1
" 09","ESTE","RUBIO (EL)","TOTAL POBLACION",1,0,1
" 09","ESTE","SALTERAS","ESPAÑOLES",1,3,4
" 09","ESTE","SALTERAS","TOTAL POBLACION",1,3,4
" 09","ESTE","SAN JUAN DE AZNALFARACHE","ESPAÑOLES",8,7,15
" 09","ESTE","SAN JUAN DE AZNALFARACHE","EXTRANJEROS",0,1,1
" 09","ESTE","SAN JUAN DE AZNALFARACHE","TOTAL POBLACION",8,8,16
" 09","ESTE","SANLUCAR LA MAYOR","ESPAÑOLES",4,7,11
" 09","ESTE","SANLUCAR LA MAYOR","TOTAL POBLACION",4,7,11
" 09","ESTE","SANTIPONCE","ESPAÑOLES",1,2,3
" 09","ESTE","SANTIPONCE","TOTAL POBLACION",1,2,3
" 09","ESTE","SAUCEJO (EL)","ESPAÑOLES",0,1,1
" 09","ESTE","SAUCEJO (EL)","TOTAL POBLACION",0,1,1
" 09","ESTE","TOCINA","ESPAÑOLES",5,5,10
" 09","ESTE","TOCINA","TOTAL POBLACION",5,5,10
" 09","ESTE","TOMARES","ESPAÑOLES",13,6,19
" 09","ESTE","TOMARES","EXTRANJEROS",0,1,1
" 09","ESTE","TOMARES","TOTAL POBLACION",13,7,20
" 09","ESTE","UMBRETE","ESPAÑOLES",5,4,9
" 09","ESTE","UMBRETE","EXTRANJEROS",0,1,1
" 09","ESTE","UMBRETE","TOTAL POBLACION",5,5,10
" 09","ESTE","UTRERA","ESPAÑOLES",10,9,19
" 09","ESTE","UTRERA","EXTRANJEROS",3,1,4
" 09","ESTE","UTRERA","TOTAL POBLACION",13,10,23
" 09","ESTE","VALENCINA DE LA CONCEPCION","ESPAÑOLES",0,1,1
" 09","ESTE","VALENCINA DE LA CONCEPCION","EXTRANJEROS",2,4,6
" 09","ESTE","VALENCINA DE LA CONCEPCION","TOTAL POBLACION",2,5,7
" 09","ESTE","VILLAMANRIQUE DE LA CONDESA","ESPAÑOLES",1,0,1
" 09","ESTE","VILLAMANRIQUE DE LA CONDESA","TOTAL POBLACION",1,0,1
" 09","ESTE","VILLANUEVA DEL ARISCAL","ESPAÑOLES",7,5,12
" 09","ESTE","VILLANUEVA DEL ARISCAL","EXTRANJEROS",1,0,1
" 09","ESTE","VILLANUEVA DEL ARISCAL","TOTAL POBLACION",8,5,13
" 09","ESTE","VILLANUEVA DEL RIO Y MINAS","ESPAÑOLES",3,4,7
" 09","ESTE","VILLANUEVA DEL RIO Y MINAS","TOTAL POBLACION",3,4,7
" 09","ESTE","VILLAVERDE DEL RIO","ESPAÑOLES",3,1,4
" 09","ESTE","VILLAVERDE DEL RIO","TOTAL POBLACION",3,1,4
" 09","ESTE","VISO DEL ALCOR (EL)","ESPAÑOLES",5,6,11
" 09","ESTE","VISO DEL ALCOR (EL)","TOTAL POBLACION",5,6,11
" 10","BELLAVISTA-LA PALMERA","- FUERA DE LA PROVINCIA DE SEVILLA","ESPAÑOLES",268,278,546
" 10","BELLAVISTA-LA PALMERA","- FUERA DE LA PROVINCIA DE SEVILLA","EXTRANJEROS",36,39,75
" 10","BELLAVISTA-LA PALMERA","- FUERA DE LA PROVINCIA DE SEVILLA","NO CONSTA",0,1,1
" 10","BELLAVISTA-LA PALMERA","- FUERA DE LA PROVINCIA DE SEVILLA","TOTAL POBLACION",304,318,622
" 10","BELLAVISTA-LA PALMERA","- PROVINCIA DE SEVILLA","ESPAÑOLES",220,253,473
" 10","BELLAVISTA-LA PALMERA","- PROVINCIA DE SEVILLA","EXTRANJEROS",15,21,36
" 10","BELLAVISTA-LA PALMERA","- PROVINCIA DE SEVILLA","NO CONSTA",0,1,1
" 10","BELLAVISTA-LA PALMERA","- PROVINCIA DE SEVILLA","TOTAL POBLACION",235,275,510
" 10","BELLAVISTA-LA PALMERA","ALCALA DE GUADAIRA","ESPAÑOLES",7,15,22
" 10","BELLAVISTA-LA PALMERA","ALCALA DE GUADAIRA","EXTRANJEROS",3,2,5
" 10","BELLAVISTA-LA PALMERA","ALCALA DE GUADAIRA","TOTAL POBLACION",10,17,27
" 10","BELLAVISTA-LA PALMERA","ALCALA DEL RIO","ESPAÑOLES",3,2,5
" 10","BELLAVISTA-LA PALMERA","ALCALA DEL RIO","EXTRANJEROS",0,1,1
" 10","BELLAVISTA-LA PALMERA","ALCALA DEL RIO","TOTAL POBLACION",3,3,6
" 10","BELLAVISTA-LA PALMERA","ALGABA (LA)","ESPAÑOLES",1,2,3
" 10","BELLAVISTA-LA PALMERA","ALGABA (LA)","TOTAL POBLACION",1,2,3
" 10","BELLAVISTA-LA PALMERA","ALMENSILLA","ESPAÑOLES",2,0,2
" 10","BELLAVISTA-LA PALMERA","ALMENSILLA","TOTAL POBLACION",2,0,2
" 10","BELLAVISTA-LA PALMERA","ARAHAL (EL)","ESPAÑOLES",3,2,5
" 10","BELLAVISTA-LA PALMERA","ARAHAL (EL)","EXTRANJEROS",0,1,1
" 10","BELLAVISTA-LA PALMERA","ARAHAL (EL)","TOTAL POBLACION",3,3,6
" 10","BELLAVISTA-LA PALMERA","AZNALCAZAR","ESPAÑOLES",3,3,6
" 10","BELLAVISTA-LA PALMERA","AZNALCAZAR","TOTAL POBLACION",3,3,6
" 10","BELLAVISTA-LA PALMERA","AZNALCOLLAR","EXTRANJEROS",0,1,1
" 10","BELLAVISTA-LA PALMERA","AZNALCOLLAR","TOTAL POBLACION",0,1,1
" 10","BELLAVISTA-LA PALMERA","BENACAZON","ESPAÑOLES",0,1,1
" 10","BELLAVISTA-LA PALMERA","BENACAZON","TOTAL POBLACION",0,1,1
" 10","BELLAVISTA-LA PALMERA","BOLLULLOS DE LA MITACION","ESPAÑOLES",2,3,5
" 10","BELLAVISTA-LA PALMERA","BOLLULLOS DE LA MITACION","TOTAL POBLACION",2,3,5
" 10","BELLAVISTA-LA PALMERA","BORMUJOS","ESPAÑOLES",9,6,15
" 10","BELLAVISTA-LA PALMERA","BORMUJOS","EXTRANJEROS",1,1,2
" 10","BELLAVISTA-LA PALMERA","BORMUJOS","NO CONSTA",0,1,1
" 10","BELLAVISTA-LA PALMERA","BORMUJOS","TOTAL POBLACION",10,8,18
" 10","BELLAVISTA-LA PALMERA","CAMAS","ESPAÑOLES",7,10,17
" 10","BELLAVISTA-LA PALMERA","CAMAS","TOTAL POBLACION",7,10,17
" 10","BELLAVISTA-LA PALMERA","CAMPANA (LA)","ESPAÑOLES",2,0,2
" 10","BELLAVISTA-LA PALMERA","CAMPANA (LA)","TOTAL POBLACION",2,0,2
" 10","BELLAVISTA-LA PALMERA","CANTILLANA","ESPAÑOLES",2,0,2
" 10","BELLAVISTA-LA PALMERA","CANTILLANA","TOTAL POBLACION",2,0,2
" 10","BELLAVISTA-LA PALMERA","CAÑADA ROSAL","ESPAÑOLES",0,1,1
" 10","BELLAVISTA-LA PALMERA","CAÑADA ROSAL","TOTAL POBLACION",0,1,1
" 10","BELLAVISTA-LA PALMERA","CARMONA","ESPAÑOLES",0,3,3
" 10","BELLAVISTA-LA PALMERA","CARMONA","EXTRANJEROS",1,2,3
" 10","BELLAVISTA-LA PALMERA","CARMONA","TOTAL POBLACION",1,5,6
" 10","BELLAVISTA-LA PALMERA","CARRION DE LOS CESPEDES","ESPAÑOLES",1,3,4
" 10","BELLAVISTA-LA PALMERA","CARRION DE LOS CESPEDES","TOTAL POBLACION",1,3,4
" 10","BELLAVISTA-LA PALMERA","CASTILBLANCO DE LOS ARROYOS","ESPAÑOLES",0,1,1
" 10","BELLAVISTA-LA PALMERA","CASTILBLANCO DE LOS ARROYOS","TOTAL POBLACION",0,1,1
" 10","BELLAVISTA-LA PALMERA","CASTILLEJA DE LA CUESTA","ESPAÑOLES",2,2,4
" 10","BELLAVISTA-LA PALMERA","CASTILLEJA DE LA CUESTA","TOTAL POBLACION",2,2,4
" 10","BELLAVISTA-LA PALMERA","CAZALLA DE LA SIERRA","ESPAÑOLES",1,0,1
" 10","BELLAVISTA-LA PALMERA","CAZALLA DE LA SIERRA","TOTAL POBLACION",1,0,1
" 10","BELLAVISTA-LA PALMERA","CORIA DEL RIO","ESPAÑOLES",5,5,10
" 10","BELLAVISTA-LA PALMERA","CORIA DEL RIO","EXTRANJEROS",0,2,2
" 10","BELLAVISTA-LA PALMERA","CORIA DEL RIO","TOTAL POBLACION",5,7,12
" 10","BELLAVISTA-LA PALMERA","CORIPE","ESPAÑOLES",1,0,1
" 10","BELLAVISTA-LA PALMERA","CORIPE","TOTAL POBLACION",1,0,1
" 10","BELLAVISTA-LA PALMERA","CORONIL (EL)","ESPAÑOLES",1,1,2
" 10","BELLAVISTA-LA PALMERA","CORONIL (EL)","TOTAL POBLACION",1,1,2
" 10","BELLAVISTA-LA PALMERA","CORRALES (LOS)","EXTRANJEROS",1,0,1
" 10","BELLAVISTA-LA PALMERA","CORRALES (LOS)","TOTAL POBLACION",1,0,1
" 10","BELLAVISTA-LA PALMERA","DOS HERMANAS","ESPAÑOLES",87,92,179
" 10","BELLAVISTA-LA PALMERA","DOS HERMANAS","EXTRANJEROS",1,5,6
" 10","BELLAVISTA-LA PALMERA","DOS HERMANAS","TOTAL POBLACION",88,97,185
" 10","BELLAVISTA-LA PALMERA","ECIJA","ESPAÑOLES",4,2,6
" 10","BELLAVISTA-LA PALMERA","ECIJA","TOTAL POBLACION",4,2,6
" 10","BELLAVISTA-LA PALMERA","ESPARTINAS","ESPAÑOLES",7,8,15
" 10","BELLAVISTA-LA PALMERA","ESPARTINAS","EXTRANJEROS",1,1,2
" 10","BELLAVISTA-LA PALMERA","ESPARTINAS","TOTAL POBLACION",8,9,17
" 10","BELLAVISTA-LA PALMERA","ESTEPA","ESPAÑOLES",1,0,1
" 10","BELLAVISTA-LA PALMERA","ESTEPA","TOTAL POBLACION",1,0,1
" 10","BELLAVISTA-LA PALMERA","FUENTES DE ANDALUCIA","ESPAÑOLES",1,1,2
" 10","BELLAVISTA-LA PALMERA","FUENTES DE ANDALUCIA","TOTAL POBLACION",1,1,2
" 10","BELLAVISTA-LA PALMERA","GELVES","ESPAÑOLES",10,7,17
" 10","BELLAVISTA-LA PALMERA","GELVES","TOTAL POBLACION",10,7,17
" 10","BELLAVISTA-LA PALMERA","GERENA","ESPAÑOLES",0,1,1
" 10","BELLAVISTA-LA PALMERA","GERENA","TOTAL POBLACION",0,1,1
" 10","BELLAVISTA-LA PALMERA","GINES","ESPAÑOLES",3,2,5
" 10","BELLAVISTA-LA PALMERA","GINES","EXTRANJEROS",1,0,1
" 10","BELLAVISTA-LA PALMERA","GINES","TOTAL POBLACION",4,2,6
" 10","BELLAVISTA-LA PALMERA","GUILLENA","ESPAÑOLES",2,3,5
" 10","BELLAVISTA-LA PALMERA","GUILLENA","TOTAL POBLACION",2,3,5
" 10","BELLAVISTA-LA PALMERA","LEBRIJA","ESPAÑOLES",1,0,1
" 10","BELLAVISTA-LA PALMERA","LEBRIJA","TOTAL POBLACION",1,0,1
" 10","BELLAVISTA-LA PALMERA","MAIRENA DEL ALCOR","ESPAÑOLES",2,8,10
" 10","BELLAVISTA-LA PALMERA","MAIRENA DEL ALCOR","TOTAL POBLACION",2,8,10
" 10","BELLAVISTA-LA PALMERA","MAIRENA DEL ALJARAFE","ESPAÑOLES",11,19,30
" 10","BELLAVISTA-LA PALMERA","MAIRENA DEL ALJARAFE","EXTRANJEROS",1,0,1
" 10","BELLAVISTA-LA PALMERA","MAIRENA DEL ALJARAFE","TOTAL POBLACION",12,19,31
" 10","BELLAVISTA-LA PALMERA","MORON DE LA FRONTERA","ESPAÑOLES",2,0,2
" 10","BELLAVISTA-LA PALMERA","MORON DE LA FRONTERA","EXTRANJEROS",0,1,1
" 10","BELLAVISTA-LA PALMERA","MORON DE LA FRONTERA","TOTAL POBLACION",2,1,3
" 10","BELLAVISTA-LA PALMERA","PALACIOS Y VILLAFRANCA (LOS)","ESPAÑOLES",2,2,4
" 10","BELLAVISTA-LA PALMERA","PALACIOS Y VILLAFRANCA (LOS)","TOTAL POBLACION",2,2,4
" 10","BELLAVISTA-LA PALMERA","PALOMARES DEL RIO","ESPAÑOLES",2,2,4
" 10","BELLAVISTA-LA PALMERA","PALOMARES DEL RIO","TOTAL POBLACION",2,2,4
" 10","BELLAVISTA-LA PALMERA","PUEBLA DE CAZALLA (LA)","ESPAÑOLES",1,0,1
" 10","BELLAVISTA-LA PALMERA","PUEBLA DE CAZALLA (LA)","TOTAL POBLACION",1,0,1
" 10","BELLAVISTA-LA PALMERA","PUEBLA DE LOS INFANTES (LA)","ESPAÑOLES",1,1,2
" 10","BELLAVISTA-LA PALMERA","PUEBLA DE LOS INFANTES (LA)","TOTAL POBLACION",1,1,2
" 10","BELLAVISTA-LA PALMERA","RINCONADA (LA)","ESPAÑOLES",3,8,11
" 10","BELLAVISTA-LA PALMERA","RINCONADA (LA)","EXTRANJEROS",0,1,1
" 10","BELLAVISTA-LA PALMERA","RINCONADA (LA)","TOTAL POBLACION",3,9,12
" 10","BELLAVISTA-LA PALMERA","SALTERAS","ESPAÑOLES",0,1,1
" 10","BELLAVISTA-LA PALMERA","SALTERAS","TOTAL POBLACION",0,1,1
" 10","BELLAVISTA-LA PALMERA","SAN JUAN DE AZNALFARACHE","ESPAÑOLES",9,8,17
" 10","BELLAVISTA-LA PALMERA","SAN JUAN DE AZNALFARACHE","EXTRANJEROS",0,1,1
" 10","BELLAVISTA-LA PALMERA","SAN JUAN DE AZNALFARACHE","TOTAL POBLACION",9,9,18
" 10","BELLAVISTA-LA PALMERA","SAN NICOLAS DEL PUERTO","ESPAÑOLES",1,2,3
" 10","BELLAVISTA-LA PALMERA","SAN NICOLAS DEL PUERTO","TOTAL POBLACION",1,2,3
" 10","BELLAVISTA-LA PALMERA","SANLUCAR LA MAYOR","ESPAÑOLES",0,2,2
" 10","BELLAVISTA-LA PALMERA","SANLUCAR LA MAYOR","EXTRANJEROS",1,0,1
" 10","BELLAVISTA-LA PALMERA","SANLUCAR LA MAYOR","TOTAL POBLACION",1,2,3
" 10","BELLAVISTA-LA PALMERA","TOMARES","ESPAÑOLES",7,13,20
" 10","BELLAVISTA-LA PALMERA","TOMARES","EXTRANJEROS",1,1,2
" 10","BELLAVISTA-LA PALMERA","TOMARES","TOTAL POBLACION",8,14,22
" 10","BELLAVISTA-LA PALMERA","UMBRETE","ESPAÑOLES",3,3,6
" 10","BELLAVISTA-LA PALMERA","UMBRETE","TOTAL POBLACION",3,3,6
" 10","BELLAVISTA-LA PALMERA","UTRERA","ESPAÑOLES",3,5,8
" 10","BELLAVISTA-LA PALMERA","UTRERA","TOTAL POBLACION",3,5,8
" 10","BELLAVISTA-LA PALMERA","VILLANUEVA DEL ARISCAL","ESPAÑOLES",1,1,2
" 10","BELLAVISTA-LA PALMERA","VILLANUEVA DEL ARISCAL","EXTRANJEROS",3,1,4
" 10","BELLAVISTA-LA PALMERA","VILLANUEVA DEL ARISCAL","TOTAL POBLACION",4,2,6
" 10","BELLAVISTA-LA PALMERA","VILLANUEVA DEL RIO Y MINAS","ESPAÑOLES",1,0,1
" 10","BELLAVISTA-LA PALMERA","VILLANUEVA DEL RIO Y MINAS","TOTAL POBLACION",1,0,1
" 10","BELLAVISTA-LA PALMERA","VILLAVERDE DEL RIO","ESPAÑOLES",1,1,2
" 10","BELLAVISTA-LA PALMERA","VILLAVERDE DEL RIO","TOTAL POBLACION",1,1,2
" 10","BELLAVISTA-LA PALMERA","VISO DEL ALCOR (EL)","ESPAÑOLES",2,1,3
" 10","BELLAVISTA-LA PALMERA","VISO DEL ALCOR (EL)","TOTAL POBLACION",2,1,3
" 11","LOS REMEDIOS","- FUERA DE LA PROVINCIA DE SEVILLA","ESPAÑOLES",156,165,321
" 11","LOS REMEDIOS","- FUERA DE LA PROVINCIA DE SEVILLA","EXTRANJEROS",11,23,34
" 11","LOS REMEDIOS","- FUERA DE LA PROVINCIA DE SEVILLA","TOTAL POBLACION",167,188,355
" 11","LOS REMEDIOS","- PROVINCIA DE SEVILLA","ESPAÑOLES",147,126,273
" 11","LOS REMEDIOS","- PROVINCIA DE SEVILLA","EXTRANJEROS",11,25,36
" 11","LOS REMEDIOS","- PROVINCIA DE SEVILLA","TOTAL POBLACION",158,151,309
" 11","LOS REMEDIOS","ALCALA DE GUADAIRA","ESPAÑOLES",6,3,9
" 11","LOS REMEDIOS","ALCALA DE GUADAIRA","TOTAL POBLACION",6,3,9
" 11","LOS REMEDIOS","ALCALA DEL RIO","ESPAÑOLES",1,0,1
" 11","LOS REMEDIOS","ALCALA DEL RIO","EXTRANJEROS",0,1,1
" 11","LOS REMEDIOS","ALCALA DEL RIO","TOTAL POBLACION",1,1,2
" 11","LOS REMEDIOS","ALGABA (LA)","ESPAÑOLES",2,0,2
" 11","LOS REMEDIOS","ALGABA (LA)","TOTAL POBLACION",2,0,2
" 11","LOS REMEDIOS","ALMENSILLA","ESPAÑOLES",0,1,1
" 11","LOS REMEDIOS","ALMENSILLA","TOTAL POBLACION",0,1,1
" 11","LOS REMEDIOS","ARAHAL (EL)","ESPAÑOLES",3,2,5
" 11","LOS REMEDIOS","ARAHAL (EL)","TOTAL POBLACION",3,2,5
" 11","LOS REMEDIOS","BENACAZON","ESPAÑOLES",2,2,4
" 11","LOS REMEDIOS","BENACAZON","TOTAL POBLACION",2,2,4
" 11","LOS REMEDIOS","BOLLULLOS DE LA MITACION","ESPAÑOLES",1,1,2
" 11","LOS REMEDIOS","BOLLULLOS DE LA MITACION","TOTAL POBLACION",1,1,2
" 11","LOS REMEDIOS","BORMUJOS","ESPAÑOLES",6,5,11
" 11","LOS REMEDIOS","BORMUJOS","TOTAL POBLACION",6,5,11
" 11","LOS REMEDIOS","CAMAS","ESPAÑOLES",4,5,9
" 11","LOS REMEDIOS","CAMAS","EXTRANJEROS",1,1,2
" 11","LOS REMEDIOS","CAMAS","TOTAL POBLACION",5,6,11
" 11","LOS REMEDIOS","CAMPANA (LA)","EXTRANJEROS",0,1,1
" 11","LOS REMEDIOS","CAMPANA (LA)","TOTAL POBLACION",0,1,1
" 11","LOS REMEDIOS","CANTILLANA","EXTRANJEROS",0,1,1
" 11","LOS REMEDIOS","CANTILLANA","TOTAL POBLACION",0,1,1
" 11","LOS REMEDIOS","CASTILLEJA DE LA CUESTA","ESPAÑOLES",4,2,6
" 11","LOS REMEDIOS","CASTILLEJA DE LA CUESTA","EXTRANJEROS",0,1,1
" 11","LOS REMEDIOS","CASTILLEJA DE LA CUESTA","TOTAL POBLACION",4,3,7
" 11","LOS REMEDIOS","CAZALLA DE LA SIERRA","ESPAÑOLES",0,1,1
" 11","LOS REMEDIOS","CAZALLA DE LA SIERRA","TOTAL POBLACION",0,1,1
" 11","LOS REMEDIOS","CONSTANTINA","ESPAÑOLES",1,0,1
" 11","LOS REMEDIOS","CONSTANTINA","TOTAL POBLACION",1,0,1
" 11","LOS REMEDIOS","CORIA DEL RIO","ESPAÑOLES",5,4,9
" 11","LOS REMEDIOS","CORIA DEL RIO","EXTRANJEROS",0,1,1
" 11","LOS REMEDIOS","CORIA DEL RIO","TOTAL POBLACION",5,5,10
" 11","LOS REMEDIOS","DOS HERMANAS","ESPAÑOLES",11,10,21
" 11","LOS REMEDIOS","DOS HERMANAS","EXTRANJEROS",1,2,3
" 11","LOS REMEDIOS","DOS HERMANAS","TOTAL POBLACION",12,12,24
" 11","LOS REMEDIOS","ESPARTINAS","ESPAÑOLES",10,12,22
" 11","LOS REMEDIOS","ESPARTINAS","EXTRANJEROS",0,1,1
" 11","LOS REMEDIOS","ESPARTINAS","TOTAL POBLACION",10,13,23
" 11","LOS REMEDIOS","ESTEPA","ESPAÑOLES",2,0,2
" 11","LOS REMEDIOS","ESTEPA","TOTAL POBLACION",2,0,2
" 11","LOS REMEDIOS","GELVES","ESPAÑOLES",13,8,21
" 11","LOS REMEDIOS","GELVES","EXTRANJEROS",4,1,5
" 11","LOS REMEDIOS","GELVES","TOTAL POBLACION",17,9,26
" 11","LOS REMEDIOS","GINES","ESPAÑOLES",10,9,19
" 11","LOS REMEDIOS","GINES","TOTAL POBLACION",10,9,19
" 11","LOS REMEDIOS","GUILLENA","ESPAÑOLES",0,1,1
" 11","LOS REMEDIOS","GUILLENA","TOTAL POBLACION",0,1,1
" 11","LOS REMEDIOS","HUEVAR DEL ALJARAFE","ESPAÑOLES",1,0,1
" 11","LOS REMEDIOS","HUEVAR DEL ALJARAFE","TOTAL POBLACION",1,0,1
" 11","LOS REMEDIOS","MAIRENA DEL ALCOR","ESPAÑOLES",0,2,2
" 11","LOS REMEDIOS","MAIRENA DEL ALCOR","TOTAL POBLACION",0,2,2
" 11","LOS REMEDIOS","MAIRENA DEL ALJARAFE","ESPAÑOLES",27,14,41
" 11","LOS REMEDIOS","MAIRENA DEL ALJARAFE","EXTRANJEROS",0,4,4
" 11","LOS REMEDIOS","MAIRENA DEL ALJARAFE","TOTAL POBLACION",27,18,45
" 11","LOS REMEDIOS","MARCHENA","ESPAÑOLES",0,1,1
" 11","LOS REMEDIOS","MARCHENA","EXTRANJEROS",0,1,1
" 11","LOS REMEDIOS","MARCHENA","TOTAL POBLACION",0,2,2
" 11","LOS REMEDIOS","MORON DE LA FRONTERA","ESPAÑOLES",0,3,3
" 11","LOS REMEDIOS","MORON DE LA FRONTERA","TOTAL POBLACION",0,3,3
" 11","LOS REMEDIOS","NAVAS DE LA CONCEPCION (LAS)","ESPAÑOLES",0,1,1
" 11","LOS REMEDIOS","NAVAS DE LA CONCEPCION (LAS)","TOTAL POBLACION",0,1,1
" 11","LOS REMEDIOS","OLIVARES","ESPAÑOLES",0,3,3
" 11","LOS REMEDIOS","OLIVARES","TOTAL POBLACION",0,3,3
" 11","LOS REMEDIOS","OSUNA","ESPAÑOLES",0,1,1
" 11","LOS REMEDIOS","OSUNA","TOTAL POBLACION",0,1,1
" 11","LOS REMEDIOS","PALACIOS Y VILLAFRANCA (LOS)","ESPAÑOLES",0,1,1
" 11","LOS REMEDIOS","PALACIOS Y VILLAFRANCA (LOS)","TOTAL POBLACION",0,1,1
" 11","LOS REMEDIOS","PALOMARES DEL RIO","ESPAÑOLES",2,3,5
" 11","LOS REMEDIOS","PALOMARES DEL RIO","TOTAL POBLACION",2,3,5
" 11","LOS REMEDIOS","PUEBLA DE LOS INFANTES (LA)","ESPAÑOLES",0,1,1
" 11","LOS REMEDIOS","PUEBLA DE LOS INFANTES (LA)","TOTAL POBLACION",0,1,1
" 11","LOS REMEDIOS","PUEBLA DEL RIO (LA)","ESPAÑOLES",1,1,2
" 11","LOS REMEDIOS","PUEBLA DEL RIO (LA)","TOTAL POBLACION",1,1,2
" 11","LOS REMEDIOS","RINCONADA (LA)","ESPAÑOLES",2,0,2
" 11","LOS REMEDIOS","RINCONADA (LA)","EXTRANJEROS",0,1,1
" 11","LOS REMEDIOS","RINCONADA (LA)","TOTAL POBLACION",2,1,3
" 11","LOS REMEDIOS","SALTERAS","ESPAÑOLES",2,0,2
" 11","LOS REMEDIOS","SALTERAS","TOTAL POBLACION",2,0,2
" 11","LOS REMEDIOS","SAN JUAN DE AZNALFARACHE","ESPAÑOLES",10,11,21
" 11","LOS REMEDIOS","SAN JUAN DE AZNALFARACHE","EXTRANJEROS",2,4,6
" 11","LOS REMEDIOS","SAN JUAN DE AZNALFARACHE","TOTAL POBLACION",12,15,27
" 11","LOS REMEDIOS","SANLUCAR LA MAYOR","ESPAÑOLES",2,0,2
" 11","LOS REMEDIOS","SANLUCAR LA MAYOR","TOTAL POBLACION",2,0,2
" 11","LOS REMEDIOS","SANTIPONCE","ESPAÑOLES",1,2,3
" 11","LOS REMEDIOS","SANTIPONCE","EXTRANJEROS",0,1,1
" 11","LOS REMEDIOS","SANTIPONCE","TOTAL POBLACION",1,3,4
" 11","LOS REMEDIOS","TOMARES","ESPAÑOLES",16,15,31
" 11","LOS REMEDIOS","TOMARES","EXTRANJEROS",3,4,7
" 11","LOS REMEDIOS","TOMARES","TOTAL POBLACION",19,19,38
" 11","LOS REMEDIOS","UMBRETE","ESPAÑOLES",0,1,1
" 11","LOS REMEDIOS","UMBRETE","TOTAL POBLACION",0,1,1
" 11","LOS REMEDIOS","VILLAMANRIQUE DE LA CONDESA","ESPAÑOLES",1,0,1
" 11","LOS REMEDIOS","VILLAMANRIQUE DE LA CONDESA","TOTAL POBLACION",1,0,1
" 11","LOS REMEDIOS","VILLANUEVA DEL ARISCAL","ESPAÑOLES",1,0,1
" 11","LOS REMEDIOS","VILLANUEVA DEL ARISCAL","TOTAL POBLACION",1,0,1
