"CD","ND","DESTINO","NACION","HOMBRES","MUJERES","TOTAL"
" 01","CASCO ANTIGUO","- FUERA DE LA PROVINCIA DE SEVILLA","ESPAÑOLES",405,435,840
" 01","CASCO ANTIGUO","- FUERA DE LA PROVINCIA DE SEVILLA","EXTRANJEROS",82,92,174
" 01","CASCO ANTIGUO","- FUERA DE LA PROVINCIA DE SEVILLA","TOTAL POBLACION",487,527,1014
" 01","CASCO ANTIGUO","- PROVINCIA DE SEVILLA","ESPAÑOLES",280,301,581
" 01","CASCO ANTIGUO","- PROVINCIA DE SEVILLA","EXTRANJEROS",27,33,60
" 01","CASCO ANTIGUO","- PROVINCIA DE SEVILLA","TOTAL POBLACION",307,334,641
" 01","CASCO ANTIGUO","ALANIS","ESPAÑOLES",1,2,3
" 01","CASCO ANTIGUO","ALANIS","TOTAL POBLACION",1,2,3
" 01","CASCO ANTIGUO","ALBAIDA DEL ALJARAFE","ESPAÑOLES",2,0,2
" 01","CASCO ANTIGUO","ALBAIDA DEL ALJARAFE","TOTAL POBLACION",2,0,2
" 01","CASCO ANTIGUO","ALCALA DE GUADAIRA","ESPAÑOLES",14,23,37
" 01","CASCO ANTIGUO","ALCALA DE GUADAIRA","EXTRANJEROS",2,2,4
" 01","CASCO ANTIGUO","ALCALA DE GUADAIRA","TOTAL POBLACION",16,25,41
" 01","CASCO ANTIGUO","ALCALA DEL RIO","ESPAÑOLES",1,4,5
" 01","CASCO ANTIGUO","ALCALA DEL RIO","TOTAL POBLACION",1,4,5
" 01","CASCO ANTIGUO","ALCOLEA DEL RIO","ESPAÑOLES",1,0,1
" 01","CASCO ANTIGUO","ALCOLEA DEL RIO","TOTAL POBLACION",1,0,1
" 01","CASCO ANTIGUO","ALGABA (LA)","ESPAÑOLES",9,5,14
" 01","CASCO ANTIGUO","ALGABA (LA)","TOTAL POBLACION",9,5,14
" 01","CASCO ANTIGUO","ALMENSILLA","ESPAÑOLES",4,1,5
" 01","CASCO ANTIGUO","ALMENSILLA","TOTAL POBLACION",4,1,5
" 01","CASCO ANTIGUO","ARAHAL (EL)","ESPAÑOLES",1,0,1
" 01","CASCO ANTIGUO","ARAHAL (EL)","TOTAL POBLACION",1,0,1
" 01","CASCO ANTIGUO","AZNALCAZAR","ESPAÑOLES",2,1,3
" 01","CASCO ANTIGUO","AZNALCAZAR","EXTRANJEROS",1,0,1
" 01","CASCO ANTIGUO","AZNALCAZAR","TOTAL POBLACION",3,1,4
" 01","CASCO ANTIGUO","AZNALCOLLAR","ESPAÑOLES",1,1,2
" 01","CASCO ANTIGUO","AZNALCOLLAR","TOTAL POBLACION",1,1,2
" 01","CASCO ANTIGUO","BENACAZON","ESPAÑOLES",3,1,4
" 01","CASCO ANTIGUO","BENACAZON","EXTRANJEROS",1,0,1
" 01","CASCO ANTIGUO","BENACAZON","TOTAL POBLACION",4,1,5
" 01","CASCO ANTIGUO","BOLLULLOS DE LA MITACION","ESPAÑOLES",7,5,12
" 01","CASCO ANTIGUO","BOLLULLOS DE LA MITACION","TOTAL POBLACION",7,5,12
" 01","CASCO ANTIGUO","BORMUJOS","ESPAÑOLES",7,10,17
" 01","CASCO ANTIGUO","BORMUJOS","EXTRANJEROS",0,1,1
" 01","CASCO ANTIGUO","BORMUJOS","TOTAL POBLACION",7,11,18
" 01","CASCO ANTIGUO","BRENES","ESPAÑOLES",1,1,2
" 01","CASCO ANTIGUO","BRENES","EXTRANJEROS",0,1,1
" 01","CASCO ANTIGUO","BRENES","TOTAL POBLACION",1,2,3
" 01","CASCO ANTIGUO","BURGUILLOS","ESPAÑOLES",0,1,1
" 01","CASCO ANTIGUO","BURGUILLOS","EXTRANJEROS",0,1,1
" 01","CASCO ANTIGUO","BURGUILLOS","TOTAL POBLACION",0,2,2
" 01","CASCO ANTIGUO","CABEZAS DE SAN JUAN (LAS)","ESPAÑOLES",1,0,1
" 01","CASCO ANTIGUO","CABEZAS DE SAN JUAN (LAS)","TOTAL POBLACION",1,0,1
" 01","CASCO ANTIGUO","CAMAS","ESPAÑOLES",19,7,26
" 01","CASCO ANTIGUO","CAMAS","EXTRANJEROS",2,2,4
" 01","CASCO ANTIGUO","CAMAS","TOTAL POBLACION",21,9,30
" 01","CASCO ANTIGUO","CANTILLANA","ESPAÑOLES",1,2,3
" 01","CASCO ANTIGUO","CANTILLANA","TOTAL POBLACION",1,2,3
" 01","CASCO ANTIGUO","CARMONA","ESPAÑOLES",4,4,8
" 01","CASCO ANTIGUO","CARMONA","TOTAL POBLACION",4,4,8
" 01","CASCO ANTIGUO","CARRION DE LOS CESPEDES","EXTRANJEROS",0,1,1
" 01","CASCO ANTIGUO","CARRION DE LOS CESPEDES","TOTAL POBLACION",0,1,1
" 01","CASCO ANTIGUO","CASTILLEJA DE GUZMAN","ESPAÑOLES",1,1,2
" 01","CASCO ANTIGUO","CASTILLEJA DE GUZMAN","TOTAL POBLACION",1,1,2
" 01","CASCO ANTIGUO","CASTILLEJA DE LA CUESTA","ESPAÑOLES",9,8,17
" 01","CASCO ANTIGUO","CASTILLEJA DE LA CUESTA","EXTRANJEROS",2,1,3
" 01","CASCO ANTIGUO","CASTILLEJA DE LA CUESTA","TOTAL POBLACION",11,9,20
" 01","CASCO ANTIGUO","CASTILLO DE LAS GUARDAS (EL)","ESPAÑOLES",2,2,4
" 01","CASCO ANTIGUO","CASTILLO DE LAS GUARDAS (EL)","TOTAL POBLACION",2,2,4
" 01","CASCO ANTIGUO","CAZALLA DE LA SIERRA","ESPAÑOLES",2,0,2
" 01","CASCO ANTIGUO","CAZALLA DE LA SIERRA","TOTAL POBLACION",2,0,2
" 01","CASCO ANTIGUO","CONSTANTINA","ESPAÑOLES",0,1,1
" 01","CASCO ANTIGUO","CONSTANTINA","TOTAL POBLACION",0,1,1
" 01","CASCO ANTIGUO","CORIA DEL RIO","ESPAÑOLES",2,1,3
" 01","CASCO ANTIGUO","CORIA DEL RIO","TOTAL POBLACION",2,1,3
" 01","CASCO ANTIGUO","CORONIL (EL)","ESPAÑOLES",0,1,1
" 01","CASCO ANTIGUO","CORONIL (EL)","TOTAL POBLACION",0,1,1
" 01","CASCO ANTIGUO","DOS HERMANAS","ESPAÑOLES",26,17,43
" 01","CASCO ANTIGUO","DOS HERMANAS","EXTRANJEROS",5,5,10
" 01","CASCO ANTIGUO","DOS HERMANAS","TOTAL POBLACION",31,22,53
" 01","CASCO ANTIGUO","ECIJA","ESPAÑOLES",1,2,3
" 01","CASCO ANTIGUO","ECIJA","TOTAL POBLACION",1,2,3
" 01","CASCO ANTIGUO","ESPARTINAS","ESPAÑOLES",11,12,23
" 01","CASCO ANTIGUO","ESPARTINAS","TOTAL POBLACION",11,12,23
" 01","CASCO ANTIGUO","ESTEPA","ESPAÑOLES",0,1,1
" 01","CASCO ANTIGUO","ESTEPA","TOTAL POBLACION",0,1,1
" 01","CASCO ANTIGUO","FUENTES DE ANDALUCIA","ESPAÑOLES",1,2,3
" 01","CASCO ANTIGUO","FUENTES DE ANDALUCIA","TOTAL POBLACION",1,2,3
" 01","CASCO ANTIGUO","GELVES","ESPAÑOLES",2,8,10
" 01","CASCO ANTIGUO","GELVES","EXTRANJEROS",2,1,3
" 01","CASCO ANTIGUO","GELVES","TOTAL POBLACION",4,9,13
" 01","CASCO ANTIGUO","GERENA","ESPAÑOLES",0,1,1
" 01","CASCO ANTIGUO","GERENA","TOTAL POBLACION",0,1,1
" 01","CASCO ANTIGUO","GINES","ESPAÑOLES",11,11,22
" 01","CASCO ANTIGUO","GINES","EXTRANJEROS",1,1,2
" 01","CASCO ANTIGUO","GINES","TOTAL POBLACION",12,12,24
" 01","CASCO ANTIGUO","GUADALCANAL","ESPAÑOLES",0,1,1
" 01","CASCO ANTIGUO","GUADALCANAL","TOTAL POBLACION",0,1,1
" 01","CASCO ANTIGUO","GUILLENA","ESPAÑOLES",8,6,14
" 01","CASCO ANTIGUO","GUILLENA","EXTRANJEROS",1,0,1
" 01","CASCO ANTIGUO","GUILLENA","TOTAL POBLACION",9,6,15
" 01","CASCO ANTIGUO","HUEVAR DEL ALJARAFE","ESPAÑOLES",1,0,1
" 01","CASCO ANTIGUO","HUEVAR DEL ALJARAFE","TOTAL POBLACION",1,0,1
" 01","CASCO ANTIGUO","LANTEJUELA (LA)","ESPAÑOLES",1,0,1
" 01","CASCO ANTIGUO","LANTEJUELA (LA)","TOTAL POBLACION",1,0,1
" 01","CASCO ANTIGUO","LEBRIJA","ESPAÑOLES",1,4,5
" 01","CASCO ANTIGUO","LEBRIJA","EXTRANJEROS",0,1,1
" 01","CASCO ANTIGUO","LEBRIJA","TOTAL POBLACION",1,5,6
" 01","CASCO ANTIGUO","LORA DEL RIO","ESPAÑOLES",1,1,2
" 01","CASCO ANTIGUO","LORA DEL RIO","TOTAL POBLACION",1,1,2
" 01","CASCO ANTIGUO","MAIRENA DEL ALCOR","ESPAÑOLES",4,6,10
" 01","CASCO ANTIGUO","MAIRENA DEL ALCOR","TOTAL POBLACION",4,6,10
" 01","CASCO ANTIGUO","MAIRENA DEL ALJARAFE","ESPAÑOLES",26,29,55
" 01","CASCO ANTIGUO","MAIRENA DEL ALJARAFE","EXTRANJEROS",1,1,2
" 01","CASCO ANTIGUO","MAIRENA DEL ALJARAFE","TOTAL POBLACION",27,30,57
" 01","CASCO ANTIGUO","MARCHENA","ESPAÑOLES",1,1,2
" 01","CASCO ANTIGUO","MARCHENA","TOTAL POBLACION",1,1,2
" 01","CASCO ANTIGUO","MONTELLANO","ESPAÑOLES",0,1,1
" 01","CASCO ANTIGUO","MONTELLANO","TOTAL POBLACION",0,1,1
" 01","CASCO ANTIGUO","MORON DE LA FRONTERA","ESPAÑOLES",2,3,5
" 01","CASCO ANTIGUO","MORON DE LA FRONTERA","EXTRANJEROS",1,0,1
" 01","CASCO ANTIGUO","MORON DE LA FRONTERA","TOTAL POBLACION",3,3,6
" 01","CASCO ANTIGUO","OLIVARES","ESPAÑOLES",6,8,14
" 01","CASCO ANTIGUO","OLIVARES","TOTAL POBLACION",6,8,14
" 01","CASCO ANTIGUO","OSUNA","ESPAÑOLES",2,2,4
" 01","CASCO ANTIGUO","OSUNA","TOTAL POBLACION",2,2,4
" 01","CASCO ANTIGUO","PALACIOS Y VILLAFRANCA (LOS)","ESPAÑOLES",1,6,7
" 01","CASCO ANTIGUO","PALACIOS Y VILLAFRANCA (LOS)","TOTAL POBLACION",1,6,7
" 01","CASCO ANTIGUO","PALOMARES DEL RIO","ESPAÑOLES",5,10,15
" 01","CASCO ANTIGUO","PALOMARES DEL RIO","EXTRANJEROS",0,1,1
" 01","CASCO ANTIGUO","PALOMARES DEL RIO","TOTAL POBLACION",5,11,16
" 01","CASCO ANTIGUO","PARADAS","EXTRANJEROS",0,1,1
" 01","CASCO ANTIGUO","PARADAS","TOTAL POBLACION",0,1,1
" 01","CASCO ANTIGUO","PEDROSO (EL)","ESPAÑOLES",1,1,2
" 01","CASCO ANTIGUO","PEDROSO (EL)","TOTAL POBLACION",1,1,2
" 01","CASCO ANTIGUO","PILAS","ESPAÑOLES",1,0,1
" 01","CASCO ANTIGUO","PILAS","EXTRANJEROS",1,1,2
" 01","CASCO ANTIGUO","PILAS","TOTAL POBLACION",2,1,3
" 01","CASCO ANTIGUO","PUEBLA DE LOS INFANTES (LA)","ESPAÑOLES",1,0,1
" 01","CASCO ANTIGUO","PUEBLA DE LOS INFANTES (LA)","TOTAL POBLACION",1,0,1
" 01","CASCO ANTIGUO","PUEBLA DEL RIO (LA)","ESPAÑOLES",3,3,6
" 01","CASCO ANTIGUO","PUEBLA DEL RIO (LA)","TOTAL POBLACION",3,3,6
" 01","CASCO ANTIGUO","RINCONADA (LA)","ESPAÑOLES",6,12,18
" 01","CASCO ANTIGUO","RINCONADA (LA)","TOTAL POBLACION",6,12,18
" 01","CASCO ANTIGUO","SALTERAS","ESPAÑOLES",2,2,4
" 01","CASCO ANTIGUO","SALTERAS","TOTAL POBLACION",2,2,4
" 01","CASCO ANTIGUO","SAN JUAN DE AZNALFARACHE","ESPAÑOLES",9,10,19
" 01","CASCO ANTIGUO","SAN JUAN DE AZNALFARACHE","EXTRANJEROS",0,3,3
" 01","CASCO ANTIGUO","SAN JUAN DE AZNALFARACHE","TOTAL POBLACION",9,13,22
" 01","CASCO ANTIGUO","SANLUCAR LA MAYOR","ESPAÑOLES",1,2,3
" 01","CASCO ANTIGUO","SANLUCAR LA MAYOR","TOTAL POBLACION",1,2,3
" 01","CASCO ANTIGUO","TOCINA","ESPAÑOLES",4,3,7
" 01","CASCO ANTIGUO","TOCINA","TOTAL POBLACION",4,3,7
" 01","CASCO ANTIGUO","TOMARES","ESPAÑOLES",26,26,52
" 01","CASCO ANTIGUO","TOMARES","EXTRANJEROS",3,4,7
" 01","CASCO ANTIGUO","TOMARES","TOTAL POBLACION",29,30,59
" 01","CASCO ANTIGUO","UMBRETE","ESPAÑOLES",3,5,8
" 01","CASCO ANTIGUO","UMBRETE","EXTRANJEROS",0,1,1
" 01","CASCO ANTIGUO","UMBRETE","TOTAL POBLACION",3,6,9
" 01","CASCO ANTIGUO","UTRERA","ESPAÑOLES",1,2,3
" 01","CASCO ANTIGUO","UTRERA","EXTRANJEROS",1,0,1
" 01","CASCO ANTIGUO","UTRERA","TOTAL POBLACION",2,2,4
" 01","CASCO ANTIGUO","VALENCINA DE LA CONCEPCION","ESPAÑOLES",6,10,16
" 01","CASCO ANTIGUO","VALENCINA DE LA CONCEPCION","EXTRANJEROS",0,1,1
" 01","CASCO ANTIGUO","VALENCINA DE LA CONCEPCION","TOTAL POBLACION",6,11,17
" 01","CASCO ANTIGUO","VILLAMANRIQUE DE LA CONDESA","ESPAÑOLES",2,1,3
" 01","CASCO ANTIGUO","VILLAMANRIQUE DE LA CONDESA","EXTRANJEROS",0,1,1
" 01","CASCO ANTIGUO","VILLAMANRIQUE DE LA CONDESA","TOTAL POBLACION",2,2,4
" 01","CASCO ANTIGUO","VILLANUEVA DEL ARISCAL","ESPAÑOLES",8,8,16
" 01","CASCO ANTIGUO","VILLANUEVA DEL ARISCAL","EXTRANJEROS",1,0,1
" 01","CASCO ANTIGUO","VILLANUEVA DEL ARISCAL","TOTAL POBLACION",9,8,17
" 01","CASCO ANTIGUO","VILLAVERDE DEL RIO","ESPAÑOLES",0,1,1
" 01","CASCO ANTIGUO","VILLAVERDE DEL RIO","TOTAL POBLACION",0,1,1
" 01","CASCO ANTIGUO","VISO DEL ALCOR (EL)","ESPAÑOLES",0,1,1
" 01","CASCO ANTIGUO","VISO DEL ALCOR (EL)","EXTRANJEROS",2,2,4
" 01","CASCO ANTIGUO","VISO DEL ALCOR (EL)","TOTAL POBLACION",2,3,5
" 02","MACARENA","- FUERA DE LA PROVINCIA DE SEVILLA","ESPAÑOLES",428,385,813
" 02","MACARENA","- FUERA DE LA PROVINCIA DE SEVILLA","EXTRANJEROS",143,118,261
" 02","MACARENA","- FUERA DE LA PROVINCIA DE SEVILLA","NO CONSTA",1,0,1
" 02","MACARENA","- FUERA DE LA PROVINCIA DE SEVILLA","TOTAL POBLACION",572,503,1075
" 02","MACARENA","- PROVINCIA DE SEVILLA","ESPAÑOLES",395,415,810
" 02","MACARENA","- PROVINCIA DE SEVILLA","EXTRANJEROS",47,78,125
" 02","MACARENA","- PROVINCIA DE SEVILLA","NO CONSTA",1,0,1
" 02","MACARENA","- PROVINCIA DE SEVILLA","TOTAL POBLACION",443,493,936
" 02","MACARENA","ALANIS","ESPAÑOLES",0,1,1
" 02","MACARENA","ALANIS","TOTAL POBLACION",0,1,1
" 02","MACARENA","ALBAIDA DEL ALJARAFE","ESPAÑOLES",0,1,1
" 02","MACARENA","ALBAIDA DEL ALJARAFE","EXTRANJEROS",0,1,1
" 02","MACARENA","ALBAIDA DEL ALJARAFE","TOTAL POBLACION",0,2,2
" 02","MACARENA","ALCALA DE GUADAIRA","ESPAÑOLES",20,19,39
" 02","MACARENA","ALCALA DE GUADAIRA","EXTRANJEROS",3,2,5
" 02","MACARENA","ALCALA DE GUADAIRA","TOTAL POBLACION",23,21,44
" 02","MACARENA","ALCALA DEL RIO","ESPAÑOLES",9,8,17
" 02","MACARENA","ALCALA DEL RIO","TOTAL POBLACION",9,8,17
" 02","MACARENA","ALGABA (LA)","ESPAÑOLES",19,24,43
" 02","MACARENA","ALGABA (LA)","EXTRANJEROS",1,2,3
" 02","MACARENA","ALGABA (LA)","TOTAL POBLACION",20,26,46
" 02","MACARENA","ALMADEN DE LA PLATA","ESPAÑOLES",2,0,2
" 02","MACARENA","ALMADEN DE LA PLATA","TOTAL POBLACION",2,0,2
" 02","MACARENA","ALMENSILLA","ESPAÑOLES",6,4,10
" 02","MACARENA","ALMENSILLA","EXTRANJEROS",2,1,3
" 02","MACARENA","ALMENSILLA","TOTAL POBLACION",8,5,13
" 02","MACARENA","ARAHAL (EL)","ESPAÑOLES",1,0,1
" 02","MACARENA","ARAHAL (EL)","TOTAL POBLACION",1,0,1
" 02","MACARENA","AZNALCAZAR","ESPAÑOLES",1,1,2
" 02","MACARENA","AZNALCAZAR","TOTAL POBLACION",1,1,2
" 02","MACARENA","BENACAZON","EXTRANJEROS",0,1,1
" 02","MACARENA","BENACAZON","TOTAL POBLACION",0,1,1
" 02","MACARENA","BOLLULLOS DE LA MITACION","ESPAÑOLES",13,11,24
" 02","MACARENA","BOLLULLOS DE LA MITACION","TOTAL POBLACION",13,11,24
" 02","MACARENA","BORMUJOS","ESPAÑOLES",7,9,16
" 02","MACARENA","BORMUJOS","EXTRANJEROS",0,2,2
" 02","MACARENA","BORMUJOS","TOTAL POBLACION",7,11,18
" 02","MACARENA","BRENES","ESPAÑOLES",6,5,11
" 02","MACARENA","BRENES","EXTRANJEROS",1,0,1
" 02","MACARENA","BRENES","TOTAL POBLACION",7,5,12
" 02","MACARENA","BURGUILLOS","ESPAÑOLES",5,12,17
" 02","MACARENA","BURGUILLOS","TOTAL POBLACION",5,12,17
" 02","MACARENA","CABEZAS DE SAN JUAN (LAS)","ESPAÑOLES",1,2,3
" 02","MACARENA","CABEZAS DE SAN JUAN (LAS)","TOTAL POBLACION",1,2,3
" 02","MACARENA","CAMAS","ESPAÑOLES",24,16,40
" 02","MACARENA","CAMAS","EXTRANJEROS",4,8,12
" 02","MACARENA","CAMAS","TOTAL POBLACION",28,24,52
" 02","MACARENA","CAMPANA (LA)","ESPAÑOLES",2,0,2
" 02","MACARENA","CAMPANA (LA)","TOTAL POBLACION",2,0,2
" 02","MACARENA","CANTILLANA","ESPAÑOLES",5,6,11
" 02","MACARENA","CANTILLANA","TOTAL POBLACION",5,6,11
" 02","MACARENA","CARMONA","ESPAÑOLES",20,20,40
" 02","MACARENA","CARMONA","EXTRANJEROS",1,1,2
" 02","MACARENA","CARMONA","TOTAL POBLACION",21,21,42
" 02","MACARENA","CARRION DE LOS CESPEDES","ESPAÑOLES",1,0,1
" 02","MACARENA","CARRION DE LOS CESPEDES","EXTRANJEROS",1,0,1
" 02","MACARENA","CARRION DE LOS CESPEDES","TOTAL POBLACION",2,0,2
" 02","MACARENA","CASTILBLANCO DE LOS ARROYOS","ESPAÑOLES",8,13,21
" 02","MACARENA","CASTILBLANCO DE LOS ARROYOS","TOTAL POBLACION",8,13,21
" 02","MACARENA","CASTILLEJA DE GUZMAN","ESPAÑOLES",0,1,1
" 02","MACARENA","CASTILLEJA DE GUZMAN","TOTAL POBLACION",0,1,1
" 02","MACARENA","CASTILLEJA DE LA CUESTA","ESPAÑOLES",10,7,17
" 02","MACARENA","CASTILLEJA DE LA CUESTA","EXTRANJEROS",2,5,7
" 02","MACARENA","CASTILLEJA DE LA CUESTA","TOTAL POBLACION",12,12,24
" 02","MACARENA","CASTILLEJA DEL CAMPO","ESPAÑOLES",0,1,1
" 02","MACARENA","CASTILLEJA DEL CAMPO","TOTAL POBLACION",0,1,1
" 02","MACARENA","CASTILLO DE LAS GUARDAS (EL)","ESPAÑOLES",1,1,2
" 02","MACARENA","CASTILLO DE LAS GUARDAS (EL)","TOTAL POBLACION",1,1,2
" 02","MACARENA","CAZALLA DE LA SIERRA","ESPAÑOLES",2,4,6
" 02","MACARENA","CAZALLA DE LA SIERRA","TOTAL POBLACION",2,4,6
" 02","MACARENA","CONSTANTINA","ESPAÑOLES",1,1,2
" 02","MACARENA","CONSTANTINA","TOTAL POBLACION",1,1,2
" 02","MACARENA","CORIA DEL RIO","ESPAÑOLES",10,10,20
" 02","MACARENA","CORIA DEL RIO","EXTRANJEROS",1,7,8
" 02","MACARENA","CORIA DEL RIO","TOTAL POBLACION",11,17,28
" 02","MACARENA","CORONIL (EL)","ESPAÑOLES",0,1,1
" 02","MACARENA","CORONIL (EL)","TOTAL POBLACION",0,1,1
" 02","MACARENA","DOS HERMANAS","ESPAÑOLES",38,35,73
" 02","MACARENA","DOS HERMANAS","EXTRANJEROS",6,7,13
" 02","MACARENA","DOS HERMANAS","TOTAL POBLACION",44,42,86
" 02","MACARENA","ECIJA","ESPAÑOLES",0,2,2
" 02","MACARENA","ECIJA","TOTAL POBLACION",0,2,2
" 02","MACARENA","ESPARTINAS","ESPAÑOLES",20,18,38
" 02","MACARENA","ESPARTINAS","EXTRANJEROS",1,1,2
" 02","MACARENA","ESPARTINAS","TOTAL POBLACION",21,19,40
" 02","MACARENA","ESTEPA","ESPAÑOLES",0,1,1
" 02","MACARENA","ESTEPA","EXTRANJEROS",0,1,1
" 02","MACARENA","ESTEPA","TOTAL POBLACION",0,2,2
" 02","MACARENA","FUENTES DE ANDALUCIA","ESPAÑOLES",1,0,1
" 02","MACARENA","FUENTES DE ANDALUCIA","TOTAL POBLACION",1,0,1
" 02","MACARENA","GARROBO (EL)","ESPAÑOLES",1,0,1
" 02","MACARENA","GARROBO (EL)","EXTRANJEROS",1,2,3
" 02","MACARENA","GARROBO (EL)","TOTAL POBLACION",2,2,4
" 02","MACARENA","GELVES","ESPAÑOLES",3,0,3
" 02","MACARENA","GELVES","EXTRANJEROS",1,3,4
" 02","MACARENA","GELVES","TOTAL POBLACION",4,3,7
" 02","MACARENA","GERENA","ESPAÑOLES",2,5,7
" 02","MACARENA","GERENA","EXTRANJEROS",0,2,2
" 02","MACARENA","GERENA","TOTAL POBLACION",2,7,9
" 02","MACARENA","GINES","ESPAÑOLES",4,5,9
" 02","MACARENA","GINES","EXTRANJEROS",1,0,1
" 02","MACARENA","GINES","TOTAL POBLACION",5,5,10
" 02","MACARENA","GUADALCANAL","ESPAÑOLES",2,2,4
" 02","MACARENA","GUADALCANAL","TOTAL POBLACION",2,2,4
" 02","MACARENA","GUILLENA","ESPAÑOLES",8,9,17
" 02","MACARENA","GUILLENA","EXTRANJEROS",1,0,1
" 02","MACARENA","GUILLENA","TOTAL POBLACION",9,9,18
" 02","MACARENA","HERRERA","ESPAÑOLES",2,2,4
" 02","MACARENA","HERRERA","EXTRANJEROS",0,1,1
" 02","MACARENA","HERRERA","TOTAL POBLACION",2,3,5
" 02","MACARENA","HUEVAR DEL ALJARAFE","ESPAÑOLES",1,3,4
" 02","MACARENA","HUEVAR DEL ALJARAFE","EXTRANJEROS",0,1,1
" 02","MACARENA","HUEVAR DEL ALJARAFE","TOTAL POBLACION",1,4,5
" 02","MACARENA","LEBRIJA","ESPAÑOLES",2,3,5
" 02","MACARENA","LEBRIJA","TOTAL POBLACION",2,3,5
" 02","MACARENA","LORA DEL RIO","ESPAÑOLES",0,3,3
" 02","MACARENA","LORA DEL RIO","TOTAL POBLACION",0,3,3
" 02","MACARENA","LUISIANA (LA)","ESPAÑOLES",0,1,1
" 02","MACARENA","LUISIANA (LA)","TOTAL POBLACION",0,1,1
" 02","MACARENA","MAIRENA DEL ALCOR","ESPAÑOLES",3,3,6
" 02","MACARENA","MAIRENA DEL ALCOR","EXTRANJEROS",1,0,1
" 02","MACARENA","MAIRENA DEL ALCOR","TOTAL POBLACION",4,3,7
" 02","MACARENA","MAIRENA DEL ALJARAFE","ESPAÑOLES",18,23,41
" 02","MACARENA","MAIRENA DEL ALJARAFE","EXTRANJEROS",3,5,8
" 02","MACARENA","MAIRENA DEL ALJARAFE","NO CONSTA",1,0,1
" 02","MACARENA","MAIRENA DEL ALJARAFE","TOTAL POBLACION",22,28,50
" 02","MACARENA","MONTELLANO","ESPAÑOLES",2,1,3
" 02","MACARENA","MONTELLANO","EXTRANJEROS",1,0,1
" 02","MACARENA","MONTELLANO","TOTAL POBLACION",3,1,4
" 02","MACARENA","MORON DE LA FRONTERA","ESPAÑOLES",2,2,4
" 02","MACARENA","MORON DE LA FRONTERA","EXTRANJEROS",0,2,2
" 02","MACARENA","MORON DE LA FRONTERA","TOTAL POBLACION",2,4,6
" 02","MACARENA","NAVAS DE LA CONCEPCION (LAS)","ESPAÑOLES",0,1,1
" 02","MACARENA","NAVAS DE LA CONCEPCION (LAS)","TOTAL POBLACION",0,1,1
" 02","MACARENA","OLIVARES","ESPAÑOLES",4,1,5
" 02","MACARENA","OLIVARES","EXTRANJEROS",0,1,1
" 02","MACARENA","OLIVARES","TOTAL POBLACION",4,2,6
" 02","MACARENA","OSUNA","ESPAÑOLES",1,0,1
" 02","MACARENA","OSUNA","TOTAL POBLACION",1,0,1
" 02","MACARENA","PALACIOS Y VILLAFRANCA (LOS)","ESPAÑOLES",6,8,14
" 02","MACARENA","PALACIOS Y VILLAFRANCA (LOS)","EXTRANJEROS",0,1,1
" 02","MACARENA","PALACIOS Y VILLAFRANCA (LOS)","TOTAL POBLACION",6,9,15
" 02","MACARENA","PALOMARES DEL RIO","ESPAÑOLES",0,1,1
" 02","MACARENA","PALOMARES DEL RIO","EXTRANJEROS",0,1,1
" 02","MACARENA","PALOMARES DEL RIO","TOTAL POBLACION",0,2,2
" 02","MACARENA","PEDRERA","ESPAÑOLES",1,0,1
" 02","MACARENA","PEDRERA","TOTAL POBLACION",1,0,1
" 02","MACARENA","PEDROSO (EL)","ESPAÑOLES",1,2,3
" 02","MACARENA","PEDROSO (EL)","TOTAL POBLACION",1,2,3
" 02","MACARENA","PEÑAFLOR","ESPAÑOLES",2,0,2
" 02","MACARENA","PEÑAFLOR","TOTAL POBLACION",2,0,2
" 02","MACARENA","PILAS","ESPAÑOLES",2,3,5
" 02","MACARENA","PILAS","EXTRANJEROS",1,0,1
" 02","MACARENA","PILAS","TOTAL POBLACION",3,3,6
" 02","MACARENA","PRUNA","ESPAÑOLES",0,1,1
" 02","MACARENA","PRUNA","TOTAL POBLACION",0,1,1
" 02","MACARENA","PUEBLA DE CAZALLA (LA)","ESPAÑOLES",3,2,5
" 02","MACARENA","PUEBLA DE CAZALLA (LA)","TOTAL POBLACION",3,2,5
" 02","MACARENA","PUEBLA DE LOS INFANTES (LA)","ESPAÑOLES",1,0,1
" 02","MACARENA","PUEBLA DE LOS INFANTES (LA)","TOTAL POBLACION",1,0,1
" 02","MACARENA","PUEBLA DEL RIO (LA)","ESPAÑOLES",2,2,4
" 02","MACARENA","PUEBLA DEL RIO (LA)","TOTAL POBLACION",2,2,4
" 02","MACARENA","REAL DE LA JARA (EL)","ESPAÑOLES",1,0,1
" 02","MACARENA","REAL DE LA JARA (EL)","EXTRANJEROS",0,1,1
" 02","MACARENA","REAL DE LA JARA (EL)","TOTAL POBLACION",1,1,2
" 02","MACARENA","RINCONADA (LA)","ESPAÑOLES",20,33,53
" 02","MACARENA","RINCONADA (LA)","EXTRANJEROS",4,5,9
" 02","MACARENA","RINCONADA (LA)","TOTAL POBLACION",24,38,62
" 02","MACARENA","RONQUILLO (EL)","ESPAÑOLES",3,3,6
" 02","MACARENA","RONQUILLO (EL)","TOTAL POBLACION",3,3,6
" 02","MACARENA","RUBIO (EL)","ESPAÑOLES",0,1,1
" 02","MACARENA","RUBIO (EL)","TOTAL POBLACION",0,1,1
" 02","MACARENA","SALTERAS","ESPAÑOLES",2,3,5
" 02","MACARENA","SALTERAS","TOTAL POBLACION",2,3,5
" 02","MACARENA","SAN JUAN DE AZNALFARACHE","ESPAÑOLES",9,7,16
" 02","MACARENA","SAN JUAN DE AZNALFARACHE","EXTRANJEROS",3,2,5
" 02","MACARENA","SAN JUAN DE AZNALFARACHE","TOTAL POBLACION",12,9,21
" 02","MACARENA","SAN NICOLAS DEL PUERTO","ESPAÑOLES",0,1,1
" 02","MACARENA","SAN NICOLAS DEL PUERTO","TOTAL POBLACION",0,1,1
" 02","MACARENA","SANLUCAR LA MAYOR","ESPAÑOLES",5,6,11
" 02","MACARENA","SANLUCAR LA MAYOR","EXTRANJEROS",2,5,7
" 02","MACARENA","SANLUCAR LA MAYOR","TOTAL POBLACION",7,11,18
" 02","MACARENA","SANTIPONCE","ESPAÑOLES",7,4,11
" 02","MACARENA","SANTIPONCE","TOTAL POBLACION",7,4,11
" 02","MACARENA","TOCINA","ESPAÑOLES",2,2,4
" 02","MACARENA","TOCINA","TOTAL POBLACION",2,2,4
" 02","MACARENA","TOMARES","ESPAÑOLES",17,10,27
" 02","MACARENA","TOMARES","EXTRANJEROS",2,1,3
" 02","MACARENA","TOMARES","TOTAL POBLACION",19,11,30
" 02","MACARENA","UMBRETE","ESPAÑOLES",2,4,6
" 02","MACARENA","UMBRETE","TOTAL POBLACION",2,4,6
" 02","MACARENA","UTRERA","ESPAÑOLES",4,7,11
" 02","MACARENA","UTRERA","EXTRANJEROS",1,1,2
" 02","MACARENA","UTRERA","TOTAL POBLACION",5,8,13
" 02","MACARENA","VALENCINA DE LA CONCEPCION","ESPAÑOLES",8,6,14
" 02","MACARENA","VALENCINA DE LA CONCEPCION","EXTRANJEROS",2,3,5
" 02","MACARENA","VALENCINA DE LA CONCEPCION","TOTAL POBLACION",10,9,19
" 02","MACARENA","VILLAMANRIQUE DE LA CONDESA","ESPAÑOLES",1,1,2
" 02","MACARENA","VILLAMANRIQUE DE LA CONDESA","TOTAL POBLACION",1,1,2
" 02","MACARENA","VILLANUEVA DEL ARISCAL","ESPAÑOLES",6,7,13
" 02","MACARENA","VILLANUEVA DEL ARISCAL","EXTRANJEROS",0,2,2
" 02","MACARENA","VILLANUEVA DEL ARISCAL","TOTAL POBLACION",6,9,15
" 02","MACARENA","VILLANUEVA DEL RIO Y MINAS","ESPAÑOLES",1,1,2
" 02","MACARENA","VILLANUEVA DEL RIO Y MINAS","TOTAL POBLACION",1,1,2
" 02","MACARENA","VILLAVERDE DEL RIO","ESPAÑOLES",1,0,1
" 02","MACARENA","VILLAVERDE DEL RIO","TOTAL POBLACION",1,0,1
" 02","MACARENA","VISO DEL ALCOR (EL)","ESPAÑOLES",0,2,2
" 02","MACARENA","VISO DEL ALCOR (EL)","TOTAL POBLACION",0,2,2
" 03","NERVION","- FUERA DE LA PROVINCIA DE SEVILLA","ESPAÑOLES",314,349,663
" 03","NERVION","- FUERA DE LA PROVINCIA DE SEVILLA","EXTRANJEROS",42,47,89
" 03","NERVION","- FUERA DE LA PROVINCIA DE SEVILLA","TOTAL POBLACION",356,396,752
" 03","NERVION","- PROVINCIA DE SEVILLA","ESPAÑOLES",199,193,392
" 03","NERVION","- PROVINCIA DE SEVILLA","EXTRANJEROS",15,21,36
" 03","NERVION","- PROVINCIA DE SEVILLA","TOTAL POBLACION",214,214,428
" 03","NERVION","AGUADULCE","ESPAÑOLES",0,1,1
" 03","NERVION","AGUADULCE","TOTAL POBLACION",0,1,1
" 03","NERVION","ALCALA DE GUADAIRA","ESPAÑOLES",19,18,37
" 03","NERVION","ALCALA DE GUADAIRA","EXTRANJEROS",2,0,2
" 03","NERVION","ALCALA DE GUADAIRA","TOTAL POBLACION",21,18,39
" 03","NERVION","ALCALA DEL RIO","ESPAÑOLES",2,3,5
" 03","NERVION","ALCALA DEL RIO","TOTAL POBLACION",2,3,5
" 03","NERVION","ALGABA (LA)","ESPAÑOLES",2,1,3
" 03","NERVION","ALGABA (LA)","TOTAL POBLACION",2,1,3
" 03","NERVION","ALMENSILLA","ESPAÑOLES",3,3,6
" 03","NERVION","ALMENSILLA","TOTAL POBLACION",3,3,6
" 03","NERVION","ARAHAL (EL)","ESPAÑOLES",2,2,4
" 03","NERVION","ARAHAL (EL)","TOTAL POBLACION",2,2,4
" 03","NERVION","AZNALCAZAR","ESPAÑOLES",0,1,1
" 03","NERVION","AZNALCAZAR","TOTAL POBLACION",0,1,1
" 03","NERVION","BADOLATOSA","ESPAÑOLES",0,1,1
" 03","NERVION","BADOLATOSA","TOTAL POBLACION",0,1,1
" 03","NERVION","BENACAZON","ESPAÑOLES",0,1,1
" 03","NERVION","BENACAZON","TOTAL POBLACION",0,1,1
" 03","NERVION","BOLLULLOS DE LA MITACION","ESPAÑOLES",1,3,4
" 03","NERVION","BOLLULLOS DE LA MITACION","TOTAL POBLACION",1,3,4
" 03","NERVION","BORMUJOS","ESPAÑOLES",4,3,7
" 03","NERVION","BORMUJOS","TOTAL POBLACION",4,3,7
" 03","NERVION","CAMAS","ESPAÑOLES",4,7,11
" 03","NERVION","CAMAS","EXTRANJEROS",1,0,1
" 03","NERVION","CAMAS","TOTAL POBLACION",5,7,12
" 03","NERVION","CANTILLANA","ESPAÑOLES",0,2,2
" 03","NERVION","CANTILLANA","TOTAL POBLACION",0,2,2
" 03","NERVION","CARMONA","ESPAÑOLES",3,4,7
" 03","NERVION","CARMONA","TOTAL POBLACION",3,4,7
" 03","NERVION","CASTILBLANCO DE LOS ARROYOS","ESPAÑOLES",1,1,2
" 03","NERVION","CASTILBLANCO DE LOS ARROYOS","TOTAL POBLACION",1,1,2
" 03","NERVION","CASTILLEJA DE GUZMAN","ESPAÑOLES",1,1,2
" 03","NERVION","CASTILLEJA DE GUZMAN","TOTAL POBLACION",1,1,2
" 03","NERVION","CASTILLEJA DE LA CUESTA","ESPAÑOLES",4,3,7
" 03","NERVION","CASTILLEJA DE LA CUESTA","EXTRANJEROS",1,1,2
" 03","NERVION","CASTILLEJA DE LA CUESTA","TOTAL POBLACION",5,4,9
" 03","NERVION","CASTILLO DE LAS GUARDAS (EL)","ESPAÑOLES",1,0,1
" 03","NERVION","CASTILLO DE LAS GUARDAS (EL)","EXTRANJEROS",1,1,2
" 03","NERVION","CASTILLO DE LAS GUARDAS (EL)","TOTAL POBLACION",2,1,3
" 03","NERVION","CORIA DEL RIO","ESPAÑOLES",7,6,13
" 03","NERVION","CORIA DEL RIO","EXTRANJEROS",0,1,1
" 03","NERVION","CORIA DEL RIO","TOTAL POBLACION",7,7,14
" 03","NERVION","DOS HERMANAS","ESPAÑOLES",22,25,47
" 03","NERVION","DOS HERMANAS","EXTRANJEROS",4,4,8
" 03","NERVION","DOS HERMANAS","TOTAL POBLACION",26,29,55
" 03","NERVION","ECIJA","ESPAÑOLES",1,2,3
" 03","NERVION","ECIJA","TOTAL POBLACION",1,2,3
" 03","NERVION","ESPARTINAS","ESPAÑOLES",6,4,10
" 03","NERVION","ESPARTINAS","EXTRANJEROS",0,1,1
" 03","NERVION","ESPARTINAS","TOTAL POBLACION",6,5,11
" 03","NERVION","GELVES","ESPAÑOLES",3,4,7
" 03","NERVION","GELVES","EXTRANJEROS",1,2,3
" 03","NERVION","GELVES","TOTAL POBLACION",4,6,10
" 03","NERVION","GERENA","ESPAÑOLES",1,2,3
" 03","NERVION","GERENA","TOTAL POBLACION",1,2,3
" 03","NERVION","GINES","ESPAÑOLES",8,6,14
" 03","NERVION","GINES","TOTAL POBLACION",8,6,14
" 03","NERVION","GUADALCANAL","ESPAÑOLES",1,0,1
" 03","NERVION","GUADALCANAL","TOTAL POBLACION",1,0,1
" 03","NERVION","GUILLENA","ESPAÑOLES",2,2,4
" 03","NERVION","GUILLENA","TOTAL POBLACION",2,2,4
" 03","NERVION","LEBRIJA","ESPAÑOLES",1,0,1
" 03","NERVION","LEBRIJA","TOTAL POBLACION",1,0,1
" 03","NERVION","LORA DEL RIO","ESPAÑOLES",3,1,4
" 03","NERVION","LORA DEL RIO","TOTAL POBLACION",3,1,4
" 03","NERVION","MAIRENA DEL ALCOR","ESPAÑOLES",1,4,5
" 03","NERVION","MAIRENA DEL ALCOR","EXTRANJEROS",0,2,2
" 03","NERVION","MAIRENA DEL ALCOR","TOTAL POBLACION",1,6,7
" 03","NERVION","MAIRENA DEL ALJARAFE","ESPAÑOLES",24,19,43
" 03","NERVION","MAIRENA DEL ALJARAFE","EXTRANJEROS",2,2,4
" 03","NERVION","MAIRENA DEL ALJARAFE","TOTAL POBLACION",26,21,47
" 03","NERVION","MARCHENA","ESPAÑOLES",0,2,2
" 03","NERVION","MARCHENA","TOTAL POBLACION",0,2,2
" 03","NERVION","MOLARES (LOS)","ESPAÑOLES",1,0,1
" 03","NERVION","MOLARES (LOS)","TOTAL POBLACION",1,0,1
" 03","NERVION","MORON DE LA FRONTERA","ESPAÑOLES",1,0,1
" 03","NERVION","MORON DE LA FRONTERA","TOTAL POBLACION",1,0,1
" 03","NERVION","OLIVARES","ESPAÑOLES",1,0,1
" 03","NERVION","OLIVARES","TOTAL POBLACION",1,0,1
" 03","NERVION","OSUNA","ESPAÑOLES",1,0,1
" 03","NERVION","OSUNA","TOTAL POBLACION",1,0,1
" 03","NERVION","PALACIOS Y VILLAFRANCA (LOS)","ESPAÑOLES",1,2,3
" 03","NERVION","PALACIOS Y VILLAFRANCA (LOS)","EXTRANJEROS",0,1,1
" 03","NERVION","PALACIOS Y VILLAFRANCA (LOS)","TOTAL POBLACION",1,3,4
" 03","NERVION","PALOMARES DEL RIO","ESPAÑOLES",6,3,9
" 03","NERVION","PALOMARES DEL RIO","TOTAL POBLACION",6,3,9
" 03","NERVION","PEÑAFLOR","ESPAÑOLES",1,1,2
" 03","NERVION","PEÑAFLOR","TOTAL POBLACION",1,1,2
" 03","NERVION","PILAS","ESPAÑOLES",2,1,3
" 03","NERVION","PILAS","TOTAL POBLACION",2,1,3
" 03","NERVION","PUEBLA DEL RIO (LA)","EXTRANJEROS",0,1,1
" 03","NERVION","PUEBLA DEL RIO (LA)","TOTAL POBLACION",0,1,1
" 03","NERVION","RINCONADA (LA)","ESPAÑOLES",3,5,8
" 03","NERVION","RINCONADA (LA)","EXTRANJEROS",1,0,1
" 03","NERVION","RINCONADA (LA)","TOTAL POBLACION",4,5,9
" 03","NERVION","SALTERAS","ESPAÑOLES",3,2,5
" 03","NERVION","SALTERAS","TOTAL POBLACION",3,2,5
" 03","NERVION","SAN JUAN DE AZNALFARACHE","ESPAÑOLES",16,11,27
" 03","NERVION","SAN JUAN DE AZNALFARACHE","EXTRANJEROS",0,2,2
" 03","NERVION","SAN JUAN DE AZNALFARACHE","TOTAL POBLACION",16,13,29
" 03","NERVION","SANLUCAR LA MAYOR","ESPAÑOLES",4,4,8
" 03","NERVION","SANLUCAR LA MAYOR","EXTRANJEROS",2,0,2
" 03","NERVION","SANLUCAR LA MAYOR","TOTAL POBLACION",6,4,10
" 03","NERVION","SANTIPONCE","ESPAÑOLES",4,3,7
" 03","NERVION","SANTIPONCE","TOTAL POBLACION",4,3,7
" 03","NERVION","SAUCEJO (EL)","ESPAÑOLES",1,1,2
" 03","NERVION","SAUCEJO (EL)","TOTAL POBLACION",1,1,2
" 03","NERVION","TOCINA","ESPAÑOLES",1,0,1
" 03","NERVION","TOCINA","TOTAL POBLACION",1,0,1
" 03","NERVION","TOMARES","ESPAÑOLES",20,18,38
" 03","NERVION","TOMARES","TOTAL POBLACION",20,18,38
" 03","NERVION","UMBRETE","ESPAÑOLES",1,3,4
" 03","NERVION","UMBRETE","EXTRANJEROS",0,1,1
" 03","NERVION","UMBRETE","TOTAL POBLACION",1,4,5
" 03","NERVION","UTRERA","ESPAÑOLES",0,2,2
" 03","NERVION","UTRERA","TOTAL POBLACION",0,2,2
" 03","NERVION","VALENCINA DE LA CONCEPCION","ESPAÑOLES",3,3,6
" 03","NERVION","VALENCINA DE LA CONCEPCION","EXTRANJEROS",0,1,1
" 03","NERVION","VALENCINA DE LA CONCEPCION","TOTAL POBLACION",3,4,7
" 03","NERVION","VILLAMANRIQUE DE LA CONDESA","EXTRANJEROS",0,1,1
" 03","NERVION","VILLAMANRIQUE DE LA CONDESA","TOTAL POBLACION",0,1,1
" 03","NERVION","VILLANUEVA DEL ARISCAL","ESPAÑOLES",2,2,4
" 03","NERVION","VILLANUEVA DEL ARISCAL","TOTAL POBLACION",2,2,4
" 04","CERRO-AMATE","- FUERA DE LA PROVINCIA DE SEVILLA","ESPAÑOLES",375,373,748
" 04","CERRO-AMATE","- FUERA DE LA PROVINCIA DE SEVILLA","EXTRANJEROS",133,146,279
" 04","CERRO-AMATE","- FUERA DE LA PROVINCIA DE SEVILLA","TOTAL POBLACION",508,519,1027
" 04","CERRO-AMATE","- PROVINCIA DE SEVILLA","ESPAÑOLES",475,496,971
" 04","CERRO-AMATE","- PROVINCIA DE SEVILLA","EXTRANJEROS",37,71,108
" 04","CERRO-AMATE","- PROVINCIA DE SEVILLA","TOTAL POBLACION",512,567,1079
" 04","CERRO-AMATE","ALCALA DE GUADAIRA","ESPAÑOLES",62,66,128
" 04","CERRO-AMATE","ALCALA DE GUADAIRA","EXTRANJEROS",5,4,9
" 04","CERRO-AMATE","ALCALA DE GUADAIRA","TOTAL POBLACION",67,70,137
" 04","CERRO-AMATE","ALCALA DEL RIO","ESPAÑOLES",4,8,12
" 04","CERRO-AMATE","ALCALA DEL RIO","EXTRANJEROS",1,0,1
" 04","CERRO-AMATE","ALCALA DEL RIO","TOTAL POBLACION",5,8,13
" 04","CERRO-AMATE","ALGABA (LA)","ESPAÑOLES",10,7,17
" 04","CERRO-AMATE","ALGABA (LA)","EXTRANJEROS",4,4,8
" 04","CERRO-AMATE","ALGABA (LA)","TOTAL POBLACION",14,11,25
" 04","CERRO-AMATE","ALMADEN DE LA PLATA","ESPAÑOLES",0,1,1
" 04","CERRO-AMATE","ALMADEN DE LA PLATA","TOTAL POBLACION",0,1,1
" 04","CERRO-AMATE","ALMENSILLA","ESPAÑOLES",2,4,6
" 04","CERRO-AMATE","ALMENSILLA","TOTAL POBLACION",2,4,6
" 04","CERRO-AMATE","ARAHAL (EL)","ESPAÑOLES",2,1,3
" 04","CERRO-AMATE","ARAHAL (EL)","EXTRANJEROS",0,1,1
" 04","CERRO-AMATE","ARAHAL (EL)","TOTAL POBLACION",2,2,4
" 04","CERRO-AMATE","AZNALCAZAR","ESPAÑOLES",2,3,5
" 04","CERRO-AMATE","AZNALCAZAR","EXTRANJEROS",0,1,1
" 04","CERRO-AMATE","AZNALCAZAR","TOTAL POBLACION",2,4,6
" 04","CERRO-AMATE","AZNALCOLLAR","ESPAÑOLES",1,2,3
" 04","CERRO-AMATE","AZNALCOLLAR","TOTAL POBLACION",1,2,3
" 04","CERRO-AMATE","BENACAZON","ESPAÑOLES",0,1,1
" 04","CERRO-AMATE","BENACAZON","TOTAL POBLACION",0,1,1
" 04","CERRO-AMATE","BOLLULLOS DE LA MITACION","ESPAÑOLES",8,6,14
" 04","CERRO-AMATE","BOLLULLOS DE LA MITACION","TOTAL POBLACION",8,6,14
" 04","CERRO-AMATE","BORMUJOS","ESPAÑOLES",21,14,35
" 04","CERRO-AMATE","BORMUJOS","EXTRANJEROS",1,1,2
" 04","CERRO-AMATE","BORMUJOS","TOTAL POBLACION",22,15,37
" 04","CERRO-AMATE","BRENES","ESPAÑOLES",2,4,6
" 04","CERRO-AMATE","BRENES","EXTRANJEROS",1,0,1
" 04","CERRO-AMATE","BRENES","TOTAL POBLACION",3,4,7
" 04","CERRO-AMATE","BURGUILLOS","ESPAÑOLES",7,9,16
" 04","CERRO-AMATE","BURGUILLOS","EXTRANJEROS",0,1,1
" 04","CERRO-AMATE","BURGUILLOS","TOTAL POBLACION",7,10,17
" 04","CERRO-AMATE","CABEZAS DE SAN JUAN (LAS)","ESPAÑOLES",2,0,2
" 04","CERRO-AMATE","CABEZAS DE SAN JUAN (LAS)","EXTRANJEROS",1,1,2
" 04","CERRO-AMATE","CABEZAS DE SAN JUAN (LAS)","TOTAL POBLACION",3,1,4
" 04","CERRO-AMATE","CAMAS","ESPAÑOLES",19,15,34
" 04","CERRO-AMATE","CAMAS","EXTRANJEROS",4,3,7
" 04","CERRO-AMATE","CAMAS","TOTAL POBLACION",23,18,41
" 04","CERRO-AMATE","CAMPANA (LA)","ESPAÑOLES",1,0,1
" 04","CERRO-AMATE","CAMPANA (LA)","TOTAL POBLACION",1,0,1
" 04","CERRO-AMATE","CANTILLANA","ESPAÑOLES",6,5,11
" 04","CERRO-AMATE","CANTILLANA","TOTAL POBLACION",6,5,11
" 04","CERRO-AMATE","CARMONA","ESPAÑOLES",21,14,35
" 04","CERRO-AMATE","CARMONA","EXTRANJEROS",0,2,2
" 04","CERRO-AMATE","CARMONA","TOTAL POBLACION",21,16,37
" 04","CERRO-AMATE","CARRION DE LOS CESPEDES","ESPAÑOLES",1,0,1
" 04","CERRO-AMATE","CARRION DE LOS CESPEDES","TOTAL POBLACION",1,0,1
" 04","CERRO-AMATE","CASTILBLANCO DE LOS ARROYOS","ESPAÑOLES",4,3,7
" 04","CERRO-AMATE","CASTILBLANCO DE LOS ARROYOS","TOTAL POBLACION",4,3,7
" 04","CERRO-AMATE","CASTILLEJA DE GUZMAN","ESPAÑOLES",0,2,2
" 04","CERRO-AMATE","CASTILLEJA DE GUZMAN","TOTAL POBLACION",0,2,2
" 04","CERRO-AMATE","CASTILLEJA DE LA CUESTA","ESPAÑOLES",4,11,15
" 04","CERRO-AMATE","CASTILLEJA DE LA CUESTA","EXTRANJEROS",0,2,2
" 04","CERRO-AMATE","CASTILLEJA DE LA CUESTA","TOTAL POBLACION",4,13,17
" 04","CERRO-AMATE","CAZALLA DE LA SIERRA","ESPAÑOLES",2,1,3
" 04","CERRO-AMATE","CAZALLA DE LA SIERRA","TOTAL POBLACION",2,1,3
" 04","CERRO-AMATE","CORIA DEL RIO","ESPAÑOLES",12,9,21
" 04","CERRO-AMATE","CORIA DEL RIO","EXTRANJEROS",0,4,4
" 04","CERRO-AMATE","CORIA DEL RIO","TOTAL POBLACION",12,13,25
" 04","CERRO-AMATE","CORIPE","EXTRANJEROS",0,1,1
" 04","CERRO-AMATE","CORIPE","TOTAL POBLACION",0,1,1
" 04","CERRO-AMATE","CUERVO DE SEVILLA (EL)","ESPAÑOLES",2,1,3
" 04","CERRO-AMATE","CUERVO DE SEVILLA (EL)","TOTAL POBLACION",2,1,3
" 04","CERRO-AMATE","DOS HERMANAS","ESPAÑOLES",98,105,203
" 04","CERRO-AMATE","DOS HERMANAS","EXTRANJEROS",5,12,17
" 04","CERRO-AMATE","DOS HERMANAS","TOTAL POBLACION",103,117,220
" 04","CERRO-AMATE","ECIJA","ESPAÑOLES",1,2,3
" 04","CERRO-AMATE","ECIJA","TOTAL POBLACION",1,2,3
" 04","CERRO-AMATE","ESPARTINAS","ESPAÑOLES",11,13,24
" 04","CERRO-AMATE","ESPARTINAS","EXTRANJEROS",1,3,4
" 04","CERRO-AMATE","ESPARTINAS","TOTAL POBLACION",12,16,28
" 04","CERRO-AMATE","FUENTES DE ANDALUCIA","ESPAÑOLES",0,1,1
" 04","CERRO-AMATE","FUENTES DE ANDALUCIA","TOTAL POBLACION",0,1,1
" 04","CERRO-AMATE","GELVES","ESPAÑOLES",5,6,11
" 04","CERRO-AMATE","GELVES","TOTAL POBLACION",5,6,11
" 04","CERRO-AMATE","GERENA","ESPAÑOLES",9,5,14
" 04","CERRO-AMATE","GERENA","TOTAL POBLACION",9,5,14
" 04","CERRO-AMATE","GINES","ESPAÑOLES",4,7,11
" 04","CERRO-AMATE","GINES","TOTAL POBLACION",4,7,11
" 04","CERRO-AMATE","GUILLENA","ESPAÑOLES",10,6,16
" 04","CERRO-AMATE","GUILLENA","EXTRANJEROS",0,1,1
" 04","CERRO-AMATE","GUILLENA","TOTAL POBLACION",10,7,17
" 04","CERRO-AMATE","HUEVAR DEL ALJARAFE","ESPAÑOLES",0,3,3
" 04","CERRO-AMATE","HUEVAR DEL ALJARAFE","TOTAL POBLACION",0,3,3
" 04","CERRO-AMATE","ISLA MAYOR","ESPAÑOLES",1,0,1
" 04","CERRO-AMATE","ISLA MAYOR","TOTAL POBLACION",1,0,1
" 04","CERRO-AMATE","LEBRIJA","ESPAÑOLES",1,0,1
" 04","CERRO-AMATE","LEBRIJA","TOTAL POBLACION",1,0,1
" 04","CERRO-AMATE","LORA DEL RIO","EXTRANJEROS",0,1,1
" 04","CERRO-AMATE","LORA DEL RIO","TOTAL POBLACION",0,1,1
" 04","CERRO-AMATE","LUISIANA (LA)","ESPAÑOLES",1,2,3
" 04","CERRO-AMATE","LUISIANA (LA)","TOTAL POBLACION",1,2,3
" 04","CERRO-AMATE","MAIRENA DEL ALCOR","ESPAÑOLES",22,14,36
" 04","CERRO-AMATE","MAIRENA DEL ALCOR","EXTRANJEROS",1,2,3
" 04","CERRO-AMATE","MAIRENA DEL ALCOR","TOTAL POBLACION",23,16,39
" 04","CERRO-AMATE","MAIRENA DEL ALJARAFE","ESPAÑOLES",16,25,41
" 04","CERRO-AMATE","MAIRENA DEL ALJARAFE","EXTRANJEROS",2,1,3
" 04","CERRO-AMATE","MAIRENA DEL ALJARAFE","TOTAL POBLACION",18,26,44
" 04","CERRO-AMATE","MARCHENA","ESPAÑOLES",4,3,7
" 04","CERRO-AMATE","MARCHENA","EXTRANJEROS",0,1,1
" 04","CERRO-AMATE","MARCHENA","TOTAL POBLACION",4,4,8
" 04","CERRO-AMATE","MONTELLANO","ESPAÑOLES",0,2,2
" 04","CERRO-AMATE","MONTELLANO","TOTAL POBLACION",0,2,2
" 04","CERRO-AMATE","MORON DE LA FRONTERA","ESPAÑOLES",1,6,7
" 04","CERRO-AMATE","MORON DE LA FRONTERA","EXTRANJEROS",0,1,1
" 04","CERRO-AMATE","MORON DE LA FRONTERA","TOTAL POBLACION",1,7,8
" 04","CERRO-AMATE","OLIVARES","ESPAÑOLES",1,5,6
" 04","CERRO-AMATE","OLIVARES","EXTRANJEROS",1,0,1
" 04","CERRO-AMATE","OLIVARES","TOTAL POBLACION",2,5,7
" 04","CERRO-AMATE","OSUNA","ESPAÑOLES",1,0,1
" 04","CERRO-AMATE","OSUNA","EXTRANJEROS",0,1,1
" 04","CERRO-AMATE","OSUNA","TOTAL POBLACION",1,1,2
" 04","CERRO-AMATE","PALACIOS Y VILLAFRANCA (LOS)","ESPAÑOLES",2,5,7
" 04","CERRO-AMATE","PALACIOS Y VILLAFRANCA (LOS)","TOTAL POBLACION",2,5,7
" 04","CERRO-AMATE","PALOMARES DEL RIO","ESPAÑOLES",4,2,6
" 04","CERRO-AMATE","PALOMARES DEL RIO","TOTAL POBLACION",4,2,6
" 04","CERRO-AMATE","PARADAS","ESPAÑOLES",0,1,1
" 04","CERRO-AMATE","PARADAS","TOTAL POBLACION",0,1,1
" 04","CERRO-AMATE","PILAS","ESPAÑOLES",7,7,14
" 04","CERRO-AMATE","PILAS","EXTRANJEROS",3,2,5
" 04","CERRO-AMATE","PILAS","TOTAL POBLACION",10,9,19
" 04","CERRO-AMATE","PRUNA","ESPAÑOLES",0,1,1
" 04","CERRO-AMATE","PRUNA","TOTAL POBLACION",0,1,1
" 04","CERRO-AMATE","PUEBLA DE CAZALLA (LA)","ESPAÑOLES",1,3,4
" 04","CERRO-AMATE","PUEBLA DE CAZALLA (LA)","TOTAL POBLACION",1,3,4
" 04","CERRO-AMATE","PUEBLA DEL RIO (LA)","ESPAÑOLES",5,3,8
" 04","CERRO-AMATE","PUEBLA DEL RIO (LA)","TOTAL POBLACION",5,3,8
" 04","CERRO-AMATE","RINCONADA (LA)","ESPAÑOLES",17,22,39
" 04","CERRO-AMATE","RINCONADA (LA)","EXTRANJEROS",2,6,8
" 04","CERRO-AMATE","RINCONADA (LA)","TOTAL POBLACION",19,28,47
" 04","CERRO-AMATE","RONQUILLO (EL)","ESPAÑOLES",1,0,1
" 04","CERRO-AMATE","RONQUILLO (EL)","TOTAL POBLACION",1,0,1
" 04","CERRO-AMATE","SALTERAS","ESPAÑOLES",1,0,1
" 04","CERRO-AMATE","SALTERAS","EXTRANJEROS",0,1,1
" 04","CERRO-AMATE","SALTERAS","TOTAL POBLACION",1,1,2
" 04","CERRO-AMATE","SAN JUAN DE AZNALFARACHE","ESPAÑOLES",14,21,35
" 04","CERRO-AMATE","SAN JUAN DE AZNALFARACHE","EXTRANJEROS",2,7,9
" 04","CERRO-AMATE","SAN JUAN DE AZNALFARACHE","TOTAL POBLACION",16,28,44
" 04","CERRO-AMATE","SANLUCAR LA MAYOR","ESPAÑOLES",8,6,14
" 04","CERRO-AMATE","SANLUCAR LA MAYOR","EXTRANJEROS",0,2,2
" 04","CERRO-AMATE","SANLUCAR LA MAYOR","TOTAL POBLACION",8,8,16
" 04","CERRO-AMATE","SANTIPONCE","ESPAÑOLES",3,3,6
" 04","CERRO-AMATE","SANTIPONCE","TOTAL POBLACION",3,3,6
" 04","CERRO-AMATE","TOMARES","ESPAÑOLES",8,4,12
" 04","CERRO-AMATE","TOMARES","EXTRANJEROS",1,0,1
" 04","CERRO-AMATE","TOMARES","TOTAL POBLACION",9,4,13
" 04","CERRO-AMATE","UMBRETE","ESPAÑOLES",1,1,2
" 04","CERRO-AMATE","UMBRETE","TOTAL POBLACION",1,1,2
" 04","CERRO-AMATE","UTRERA","ESPAÑOLES",11,17,28
" 04","CERRO-AMATE","UTRERA","EXTRANJEROS",2,2,4
" 04","CERRO-AMATE","UTRERA","TOTAL POBLACION",13,19,32
" 04","CERRO-AMATE","VALENCINA DE LA CONCEPCION","ESPAÑOLES",1,2,3
" 04","CERRO-AMATE","VALENCINA DE LA CONCEPCION","EXTRANJEROS",0,1,1
" 04","CERRO-AMATE","VALENCINA DE LA CONCEPCION","TOTAL POBLACION",1,3,4
" 04","CERRO-AMATE","VILLAMANRIQUE DE LA CONDESA","ESPAÑOLES",1,0,1
" 04","CERRO-AMATE","VILLAMANRIQUE DE LA CONDESA","TOTAL POBLACION",1,0,1
" 04","CERRO-AMATE","VILLANUEVA DEL ARISCAL","ESPAÑOLES",4,3,7
" 04","CERRO-AMATE","VILLANUEVA DEL ARISCAL","TOTAL POBLACION",4,3,7
" 04","CERRO-AMATE","VILLAVERDE DEL RIO","ESPAÑOLES",2,1,3
" 04","CERRO-AMATE","VILLAVERDE DEL RIO","EXTRANJEROS",0,1,1
" 04","CERRO-AMATE","VILLAVERDE DEL RIO","TOTAL POBLACION",2,2,4
" 04","CERRO-AMATE","VISO DEL ALCOR (EL)","ESPAÑOLES",3,2,5
" 04","CERRO-AMATE","VISO DEL ALCOR (EL)","EXTRANJEROS",0,1,1
" 04","CERRO-AMATE","VISO DEL ALCOR (EL)","TOTAL POBLACION",3,3,6
" 05","SUR","- FUERA DE LA PROVINCIA DE SEVILLA","ESPAÑOLES",407,435,842
" 05","SUR","- FUERA DE LA PROVINCIA DE SEVILLA","EXTRANJEROS",84,89,173
" 05","SUR","- FUERA DE LA PROVINCIA DE SEVILLA","TOTAL POBLACION",491,524,1015
" 05","SUR","- PROVINCIA DE SEVILLA","ESPAÑOLES",395,388,783
" 05","SUR","- PROVINCIA DE SEVILLA","EXTRANJEROS",15,42,57
" 05","SUR","- PROVINCIA DE SEVILLA","NO CONSTA",1,1,2
" 05","SUR","- PROVINCIA DE SEVILLA","TOTAL POBLACION",411,431,842
" 05","SUR","ALANIS","ESPAÑOLES",0,1,1
" 05","SUR","ALANIS","TOTAL POBLACION",0,1,1
" 05","SUR","ALBAIDA DEL ALJARAFE","ESPAÑOLES",0,3,3
" 05","SUR","ALBAIDA DEL ALJARAFE","TOTAL POBLACION",0,3,3
" 05","SUR","ALCALA DE GUADAIRA","ESPAÑOLES",28,20,48
" 05","SUR","ALCALA DE GUADAIRA","EXTRANJEROS",1,6,7
" 05","SUR","ALCALA DE GUADAIRA","TOTAL POBLACION",29,26,55
" 05","SUR","ALCALA DEL RIO","ESPAÑOLES",3,8,11
" 05","SUR","ALCALA DEL RIO","TOTAL POBLACION",3,8,11
" 05","SUR","ALGABA (LA)","ESPAÑOLES",2,1,3
" 05","SUR","ALGABA (LA)","TOTAL POBLACION",2,1,3
" 05","SUR","ALMADEN DE LA PLATA","ESPAÑOLES",1,0,1
" 05","SUR","ALMADEN DE LA PLATA","TOTAL POBLACION",1,0,1
" 05","SUR","ALMENSILLA","ESPAÑOLES",13,9,22
" 05","SUR","ALMENSILLA","TOTAL POBLACION",13,9,22
" 05","SUR","ARAHAL (EL)","ESPAÑOLES",2,5,7
" 05","SUR","ARAHAL (EL)","TOTAL POBLACION",2,5,7
" 05","SUR","AZNALCAZAR","ESPAÑOLES",2,3,5
" 05","SUR","AZNALCAZAR","TOTAL POBLACION",2,3,5
" 05","SUR","AZNALCOLLAR","ESPAÑOLES",1,0,1
" 05","SUR","AZNALCOLLAR","TOTAL POBLACION",1,0,1
" 05","SUR","BENACAZON","ESPAÑOLES",2,3,5
" 05","SUR","BENACAZON","TOTAL POBLACION",2,3,5
" 05","SUR","BOLLULLOS DE LA MITACION","ESPAÑOLES",1,4,5
" 05","SUR","BOLLULLOS DE LA MITACION","EXTRANJEROS",0,2,2
" 05","SUR","BOLLULLOS DE LA MITACION","TOTAL POBLACION",1,6,7
" 05","SUR","BORMUJOS","ESPAÑOLES",18,16,34
" 05","SUR","BORMUJOS","EXTRANJEROS",0,1,1
" 05","SUR","BORMUJOS","TOTAL POBLACION",18,17,35
" 05","SUR","BRENES","ESPAÑOLES",3,1,4
" 05","SUR","BRENES","TOTAL POBLACION",3,1,4
" 05","SUR","BURGUILLOS","ESPAÑOLES",2,2,4
" 05","SUR","BURGUILLOS","TOTAL POBLACION",2,2,4
" 05","SUR","CABEZAS DE SAN JUAN (LAS)","ESPAÑOLES",1,0,1
" 05","SUR","CABEZAS DE SAN JUAN (LAS)","TOTAL POBLACION",1,0,1
" 05","SUR","CAMAS","ESPAÑOLES",13,14,27
" 05","SUR","CAMAS","EXTRANJEROS",0,1,1
" 05","SUR","CAMAS","TOTAL POBLACION",13,15,28
" 05","SUR","CAMPANA (LA)","ESPAÑOLES",1,0,1
" 05","SUR","CAMPANA (LA)","TOTAL POBLACION",1,0,1
" 05","SUR","CANTILLANA","ESPAÑOLES",0,2,2
" 05","SUR","CANTILLANA","TOTAL POBLACION",0,2,2
" 05","SUR","CARMONA","ESPAÑOLES",7,9,16
" 05","SUR","CARMONA","NO CONSTA",0,1,1
" 05","SUR","CARMONA","TOTAL POBLACION",7,10,17
" 05","SUR","CASARICHE","ESPAÑOLES",2,2,4
" 05","SUR","CASARICHE","TOTAL POBLACION",2,2,4
" 05","SUR","CASTILBLANCO DE LOS ARROYOS","ESPAÑOLES",0,2,2
" 05","SUR","CASTILBLANCO DE LOS ARROYOS","TOTAL POBLACION",0,2,2
" 05","SUR","CASTILLEJA DE GUZMAN","ESPAÑOLES",1,1,2
" 05","SUR","CASTILLEJA DE GUZMAN","TOTAL POBLACION",1,1,2
" 05","SUR","CASTILLEJA DE LA CUESTA","ESPAÑOLES",4,8,12
" 05","SUR","CASTILLEJA DE LA CUESTA","TOTAL POBLACION",4,8,12
" 05","SUR","CAZALLA DE LA SIERRA","ESPAÑOLES",1,0,1
" 05","SUR","CAZALLA DE LA SIERRA","TOTAL POBLACION",1,0,1
" 05","SUR","CONSTANTINA","ESPAÑOLES",1,3,4
" 05","SUR","CONSTANTINA","TOTAL POBLACION",1,3,4
" 05","SUR","CORIA DEL RIO","ESPAÑOLES",11,12,23
" 05","SUR","CORIA DEL RIO","EXTRANJEROS",1,1,2
" 05","SUR","CORIA DEL RIO","TOTAL POBLACION",12,13,25
" 05","SUR","CORONIL (EL)","ESPAÑOLES",1,1,2
" 05","SUR","CORONIL (EL)","TOTAL POBLACION",1,1,2
" 05","SUR","DOS HERMANAS","ESPAÑOLES",111,99,210
" 05","SUR","DOS HERMANAS","EXTRANJEROS",7,14,21
" 05","SUR","DOS HERMANAS","TOTAL POBLACION",118,113,231
" 05","SUR","ECIJA","ESPAÑOLES",1,1,2
" 05","SUR","ECIJA","TOTAL POBLACION",1,1,2
" 05","SUR","ESPARTINAS","ESPAÑOLES",12,6,18
" 05","SUR","ESPARTINAS","TOTAL POBLACION",12,6,18
" 05","SUR","ESTEPA","ESPAÑOLES",0,1,1
" 05","SUR","ESTEPA","TOTAL POBLACION",0,1,1
" 05","SUR","FUENTES DE ANDALUCIA","ESPAÑOLES",2,0,2
" 05","SUR","FUENTES DE ANDALUCIA","TOTAL POBLACION",2,0,2
" 05","SUR","GELVES","ESPAÑOLES",7,5,12
" 05","SUR","GELVES","EXTRANJEROS",0,1,1
" 05","SUR","GELVES","TOTAL POBLACION",7,6,13
" 05","SUR","GERENA","ESPAÑOLES",2,2,4
" 05","SUR","GERENA","TOTAL POBLACION",2,2,4
" 05","SUR","GILENA","ESPAÑOLES",1,0,1
" 05","SUR","GILENA","TOTAL POBLACION",1,0,1
" 05","SUR","GINES","ESPAÑOLES",5,2,7
" 05","SUR","GINES","TOTAL POBLACION",5,2,7
" 05","SUR","GUADALCANAL","ESPAÑOLES",2,3,5
" 05","SUR","GUADALCANAL","TOTAL POBLACION",2,3,5
" 05","SUR","GUILLENA","ESPAÑOLES",3,2,5
" 05","SUR","GUILLENA","TOTAL POBLACION",3,2,5
" 05","SUR","HUEVAR DEL ALJARAFE","ESPAÑOLES",3,4,7
" 05","SUR","HUEVAR DEL ALJARAFE","TOTAL POBLACION",3,4,7
" 05","SUR","ISLA MAYOR","ESPAÑOLES",2,1,3
" 05","SUR","ISLA MAYOR","EXTRANJEROS",1,0,1
" 05","SUR","ISLA MAYOR","TOTAL POBLACION",3,1,4
" 05","SUR","LANTEJUELA (LA)","ESPAÑOLES",1,0,1
" 05","SUR","LANTEJUELA (LA)","TOTAL POBLACION",1,0,1
" 05","SUR","LEBRIJA","ESPAÑOLES",0,2,2
" 05","SUR","LEBRIJA","TOTAL POBLACION",0,2,2
" 05","SUR","LORA DEL RIO","ESPAÑOLES",2,0,2
" 05","SUR","LORA DEL RIO","TOTAL POBLACION",2,0,2
" 05","SUR","MADROÑO (EL)","ESPAÑOLES",1,0,1
" 05","SUR","MADROÑO (EL)","TOTAL POBLACION",1,0,1
" 05","SUR","MAIRENA DEL ALCOR","ESPAÑOLES",3,8,11
" 05","SUR","MAIRENA DEL ALCOR","EXTRANJEROS",0,1,1
" 05","SUR","MAIRENA DEL ALCOR","TOTAL POBLACION",3,9,12
" 05","SUR","MAIRENA DEL ALJARAFE","ESPAÑOLES",25,33,58
" 05","SUR","MAIRENA DEL ALJARAFE","EXTRANJEROS",2,1,3
" 05","SUR","MAIRENA DEL ALJARAFE","NO CONSTA",1,0,1
" 05","SUR","MAIRENA DEL ALJARAFE","TOTAL POBLACION",28,34,62
" 05","SUR","MARCHENA","ESPAÑOLES",2,2,4
" 05","SUR","MARCHENA","TOTAL POBLACION",2,2,4
" 05","SUR","MORON DE LA FRONTERA","ESPAÑOLES",1,2,3
" 05","SUR","MORON DE LA FRONTERA","TOTAL POBLACION",1,2,3
" 05","SUR","OLIVARES","ESPAÑOLES",3,1,4
" 05","SUR","OLIVARES","EXTRANJEROS",0,1,1
" 05","SUR","OLIVARES","TOTAL POBLACION",3,2,5
" 05","SUR","OSUNA","ESPAÑOLES",0,2,2
" 05","SUR","OSUNA","TOTAL POBLACION",0,2,2
" 05","SUR","PALACIOS Y VILLAFRANCA (LOS)","ESPAÑOLES",4,5,9
" 05","SUR","PALACIOS Y VILLAFRANCA (LOS)","TOTAL POBLACION",4,5,9
" 05","SUR","PALOMARES DEL RIO","ESPAÑOLES",2,3,5
" 05","SUR","PALOMARES DEL RIO","TOTAL POBLACION",2,3,5
" 05","SUR","PARADAS","ESPAÑOLES",1,2,3
" 05","SUR","PARADAS","TOTAL POBLACION",1,2,3
" 05","SUR","PEDROSO (EL)","ESPAÑOLES",1,0,1
" 05","SUR","PEDROSO (EL)","TOTAL POBLACION",1,0,1
" 05","SUR","PILAS","ESPAÑOLES",1,0,1
" 05","SUR","PILAS","EXTRANJEROS",0,1,1
" 05","SUR","PILAS","TOTAL POBLACION",1,1,2
" 05","SUR","PUEBLA DEL RIO (LA)","ESPAÑOLES",0,1,1
" 05","SUR","PUEBLA DEL RIO (LA)","TOTAL POBLACION",0,1,1
" 05","SUR","RINCONADA (LA)","ESPAÑOLES",8,8,16
" 05","SUR","RINCONADA (LA)","TOTAL POBLACION",8,8,16
" 05","SUR","RONQUILLO (EL)","ESPAÑOLES",2,0,2
" 05","SUR","RONQUILLO (EL)","TOTAL POBLACION",2,0,2
" 05","SUR","SAN JUAN DE AZNALFARACHE","ESPAÑOLES",11,10,21
" 05","SUR","SAN JUAN DE AZNALFARACHE","EXTRANJEROS",0,3,3
" 05","SUR","SAN JUAN DE AZNALFARACHE","TOTAL POBLACION",11,13,24
" 05","SUR","SANLUCAR LA MAYOR","ESPAÑOLES",3,2,5
" 05","SUR","SANLUCAR LA MAYOR","EXTRANJEROS",0,1,1
" 05","SUR","SANLUCAR LA MAYOR","TOTAL POBLACION",3,3,6
" 05","SUR","SANTIPONCE","ESPAÑOLES",4,7,11
" 05","SUR","SANTIPONCE","TOTAL POBLACION",4,7,11
" 05","SUR","TOCINA","ESPAÑOLES",2,0,2
" 05","SUR","TOCINA","TOTAL POBLACION",2,0,2
" 05","SUR","TOMARES","ESPAÑOLES",11,10,21
" 05","SUR","TOMARES","EXTRANJEROS",1,5,6
" 05","SUR","TOMARES","TOTAL POBLACION",12,15,27
" 05","SUR","UMBRETE","ESPAÑOLES",6,5,11
" 05","SUR","UMBRETE","TOTAL POBLACION",6,5,11
" 05","SUR","UTRERA","ESPAÑOLES",12,12,24
" 05","SUR","UTRERA","EXTRANJEROS",2,3,5
" 05","SUR","UTRERA","TOTAL POBLACION",14,15,29
" 05","SUR","VALENCINA DE LA CONCEPCION","ESPAÑOLES",2,4,6
" 05","SUR","VALENCINA DE LA CONCEPCION","TOTAL POBLACION",2,4,6
" 05","SUR","VILLAMANRIQUE DE LA CONDESA","ESPAÑOLES",1,0,1
" 05","SUR","VILLAMANRIQUE DE LA CONDESA","TOTAL POBLACION",1,0,1
" 05","SUR","VILLANUEVA DEL ARISCAL","ESPAÑOLES",6,2,8
" 05","SUR","VILLANUEVA DEL ARISCAL","TOTAL POBLACION",6,2,8
" 05","SUR","VILLANUEVA DEL RIO Y MINAS","ESPAÑOLES",5,4,9
" 05","SUR","VILLANUEVA DEL RIO Y MINAS","TOTAL POBLACION",5,4,9
" 05","SUR","VILLAVERDE DEL RIO","ESPAÑOLES",0,2,2
" 05","SUR","VILLAVERDE DEL RIO","TOTAL POBLACION",0,2,2
" 05","SUR","VISO DEL ALCOR (EL)","ESPAÑOLES",3,5,8
" 05","SUR","VISO DEL ALCOR (EL)","TOTAL POBLACION",3,5,8
" 06","TRIANA","- FUERA DE LA PROVINCIA DE SEVILLA","ESPAÑOLES",258,250,508
" 06","TRIANA","- FUERA DE LA PROVINCIA DE SEVILLA","EXTRANJEROS",39,57,96
" 06","TRIANA","- FUERA DE LA PROVINCIA DE SEVILLA","TOTAL POBLACION",297,307,604
" 06","TRIANA","- PROVINCIA DE SEVILLA","ESPAÑOLES",283,295,578
" 06","TRIANA","- PROVINCIA DE SEVILLA","EXTRANJEROS",22,30,52
" 06","TRIANA","- PROVINCIA DE SEVILLA","NO CONSTA",1,1,2
" 06","TRIANA","- PROVINCIA DE SEVILLA","TOTAL POBLACION",306,326,632
" 06","TRIANA","ALCALA DE GUADAIRA","ESPAÑOLES",12,7,19
" 06","TRIANA","ALCALA DE GUADAIRA","EXTRANJEROS",2,2,4
" 06","TRIANA","ALCALA DE GUADAIRA","TOTAL POBLACION",14,9,23
" 06","TRIANA","ALCOLEA DEL RIO","ESPAÑOLES",1,0,1
" 06","TRIANA","ALCOLEA DEL RIO","TOTAL POBLACION",1,0,1
" 06","TRIANA","ALGABA (LA)","ESPAÑOLES",1,0,1
" 06","TRIANA","ALGABA (LA)","EXTRANJEROS",1,0,1
" 06","TRIANA","ALGABA (LA)","TOTAL POBLACION",2,0,2
" 06","TRIANA","ALMENSILLA","ESPAÑOLES",1,4,5
" 06","TRIANA","ALMENSILLA","EXTRANJEROS",0,1,1
" 06","TRIANA","ALMENSILLA","TOTAL POBLACION",1,5,6
" 06","TRIANA","ARAHAL (EL)","ESPAÑOLES",1,3,4
" 06","TRIANA","ARAHAL (EL)","TOTAL POBLACION",1,3,4
" 06","TRIANA","AZNALCAZAR","ESPAÑOLES",1,0,1
" 06","TRIANA","AZNALCAZAR","TOTAL POBLACION",1,0,1
" 06","TRIANA","BENACAZON","ESPAÑOLES",3,2,5
" 06","TRIANA","BENACAZON","TOTAL POBLACION",3,2,5
" 06","TRIANA","BOLLULLOS DE LA MITACION","ESPAÑOLES",4,6,10
" 06","TRIANA","BOLLULLOS DE LA MITACION","TOTAL POBLACION",4,6,10
" 06","TRIANA","BORMUJOS","ESPAÑOLES",13,16,29
" 06","TRIANA","BORMUJOS","EXTRANJEROS",2,2,4
" 06","TRIANA","BORMUJOS","NO CONSTA",1,0,1
" 06","TRIANA","BORMUJOS","TOTAL POBLACION",16,18,34
" 06","TRIANA","CAMAS","ESPAÑOLES",27,25,52
" 06","TRIANA","CAMAS","EXTRANJEROS",3,2,5
" 06","TRIANA","CAMAS","TOTAL POBLACION",30,27,57
" 06","TRIANA","CAMPANA (LA)","ESPAÑOLES",1,1,2
" 06","TRIANA","CAMPANA (LA)","EXTRANJEROS",0,1,1
" 06","TRIANA","CAMPANA (LA)","TOTAL POBLACION",1,2,3
" 06","TRIANA","CARMONA","ESPAÑOLES",3,4,7
" 06","TRIANA","CARMONA","TOTAL POBLACION",3,4,7
" 06","TRIANA","CASTILBLANCO DE LOS ARROYOS","ESPAÑOLES",1,2,3
" 06","TRIANA","CASTILBLANCO DE LOS ARROYOS","TOTAL POBLACION",1,2,3
" 06","TRIANA","CASTILLEJA DE LA CUESTA","ESPAÑOLES",16,14,30
" 06","TRIANA","CASTILLEJA DE LA CUESTA","EXTRANJEROS",1,0,1
" 06","TRIANA","CASTILLEJA DE LA CUESTA","TOTAL POBLACION",17,14,31
" 06","TRIANA","CASTILLO DE LAS GUARDAS (EL)","ESPAÑOLES",1,0,1
" 06","TRIANA","CASTILLO DE LAS GUARDAS (EL)","TOTAL POBLACION",1,0,1
" 06","TRIANA","CONSTANTINA","ESPAÑOLES",0,2,2
" 06","TRIANA","CONSTANTINA","TOTAL POBLACION",0,2,2
" 06","TRIANA","CORIA DEL RIO","ESPAÑOLES",4,4,8
" 06","TRIANA","CORIA DEL RIO","EXTRANJEROS",1,1,2
" 06","TRIANA","CORIA DEL RIO","TOTAL POBLACION",5,5,10
" 06","TRIANA","DOS HERMANAS","ESPAÑOLES",12,9,21
" 06","TRIANA","DOS HERMANAS","EXTRANJEROS",1,1,2
" 06","TRIANA","DOS HERMANAS","TOTAL POBLACION",13,10,23
" 06","TRIANA","ECIJA","ESPAÑOLES",2,3,5
" 06","TRIANA","ECIJA","TOTAL POBLACION",2,3,5
" 06","TRIANA","ESPARTINAS","ESPAÑOLES",6,8,14
" 06","TRIANA","ESPARTINAS","TOTAL POBLACION",6,8,14
" 06","TRIANA","ESTEPA","ESPAÑOLES",0,1,1
" 06","TRIANA","ESTEPA","TOTAL POBLACION",0,1,1
" 06","TRIANA","GELVES","ESPAÑOLES",4,5,9
" 06","TRIANA","GELVES","TOTAL POBLACION",4,5,9
" 06","TRIANA","GERENA","ESPAÑOLES",2,4,6
" 06","TRIANA","GERENA","TOTAL POBLACION",2,4,6
" 06","TRIANA","GINES","ESPAÑOLES",15,16,31
" 06","TRIANA","GINES","TOTAL POBLACION",15,16,31
" 06","TRIANA","GUADALCANAL","ESPAÑOLES",1,1,2
" 06","TRIANA","GUADALCANAL","TOTAL POBLACION",1,1,2
" 06","TRIANA","GUILLENA","ESPAÑOLES",2,0,2
" 06","TRIANA","GUILLENA","EXTRANJEROS",1,2,3
" 06","TRIANA","GUILLENA","NO CONSTA",0,1,1
" 06","TRIANA","GUILLENA","TOTAL POBLACION",3,3,6
" 06","TRIANA","HUEVAR DEL ALJARAFE","EXTRANJEROS",1,0,1
" 06","TRIANA","HUEVAR DEL ALJARAFE","TOTAL POBLACION",1,0,1
" 06","TRIANA","ISLA MAYOR","ESPAÑOLES",1,0,1
" 06","TRIANA","ISLA MAYOR","EXTRANJEROS",0,1,1
" 06","TRIANA","ISLA MAYOR","TOTAL POBLACION",1,1,2
" 06","TRIANA","LEBRIJA","ESPAÑOLES",0,1,1
" 06","TRIANA","LEBRIJA","TOTAL POBLACION",0,1,1
" 06","TRIANA","LORA DEL RIO","ESPAÑOLES",3,6,9
" 06","TRIANA","LORA DEL RIO","EXTRANJEROS",0,1,1
" 06","TRIANA","LORA DEL RIO","TOTAL POBLACION",3,7,10
" 06","TRIANA","MAIRENA DEL ALCOR","ESPAÑOLES",2,1,3
" 06","TRIANA","MAIRENA DEL ALCOR","TOTAL POBLACION",2,1,3
" 06","TRIANA","MAIRENA DEL ALJARAFE","ESPAÑOLES",46,54,100
" 06","TRIANA","MAIRENA DEL ALJARAFE","EXTRANJEROS",3,4,7
" 06","TRIANA","MAIRENA DEL ALJARAFE","TOTAL POBLACION",49,58,107
" 06","TRIANA","MARCHENA","ESPAÑOLES",1,1,2
" 06","TRIANA","MARCHENA","TOTAL POBLACION",1,1,2
" 06","TRIANA","MONTELLANO","ESPAÑOLES",0,1,1
" 06","TRIANA","MONTELLANO","TOTAL POBLACION",0,1,1
" 06","TRIANA","NAVAS DE LA CONCEPCION (LAS)","ESPAÑOLES",1,0,1
" 06","TRIANA","NAVAS DE LA CONCEPCION (LAS)","TOTAL POBLACION",1,0,1
" 06","TRIANA","PALACIOS Y VILLAFRANCA (LOS)","ESPAÑOLES",3,6,9
" 06","TRIANA","PALACIOS Y VILLAFRANCA (LOS)","TOTAL POBLACION",3,6,9
" 06","TRIANA","PALOMARES DEL RIO","ESPAÑOLES",9,5,14
" 06","TRIANA","PALOMARES DEL RIO","TOTAL POBLACION",9,5,14
" 06","TRIANA","PARADAS","ESPAÑOLES",1,1,2
" 06","TRIANA","PARADAS","TOTAL POBLACION",1,1,2
" 06","TRIANA","PEÑAFLOR","ESPAÑOLES",1,2,3
" 06","TRIANA","PEÑAFLOR","TOTAL POBLACION",1,2,3
" 06","TRIANA","PILAS","ESPAÑOLES",2,1,3
" 06","TRIANA","PILAS","TOTAL POBLACION",2,1,3
" 06","TRIANA","PUEBLA DE LOS INFANTES (LA)","ESPAÑOLES",0,1,1
" 06","TRIANA","PUEBLA DE LOS INFANTES (LA)","TOTAL POBLACION",0,1,1
" 06","TRIANA","PUEBLA DEL RIO (LA)","ESPAÑOLES",3,2,5
" 06","TRIANA","PUEBLA DEL RIO (LA)","EXTRANJEROS",1,0,1
" 06","TRIANA","PUEBLA DEL RIO (LA)","TOTAL POBLACION",4,2,6
" 06","TRIANA","RINCONADA (LA)","ESPAÑOLES",3,6,9
" 06","TRIANA","RINCONADA (LA)","EXTRANJEROS",0,1,1
" 06","TRIANA","RINCONADA (LA)","TOTAL POBLACION",3,7,10
" 06","TRIANA","RONQUILLO (EL)","ESPAÑOLES",0,1,1
" 06","TRIANA","RONQUILLO (EL)","TOTAL POBLACION",0,1,1
" 06","TRIANA","SALTERAS","ESPAÑOLES",2,1,3
" 06","TRIANA","SALTERAS","EXTRANJEROS",0,1,1
" 06","TRIANA","SALTERAS","TOTAL POBLACION",2,2,4
" 06","TRIANA","SAN JUAN DE AZNALFARACHE","ESPAÑOLES",22,22,44
" 06","TRIANA","SAN JUAN DE AZNALFARACHE","EXTRANJEROS",1,3,4
" 06","TRIANA","SAN JUAN DE AZNALFARACHE","TOTAL POBLACION",23,25,48
" 06","TRIANA","SANLUCAR LA MAYOR","ESPAÑOLES",4,3,7
" 06","TRIANA","SANLUCAR LA MAYOR","EXTRANJEROS",1,1,2
" 06","TRIANA","SANLUCAR LA MAYOR","TOTAL POBLACION",5,4,9
" 06","TRIANA","SANTIPONCE","ESPAÑOLES",5,6,11
" 06","TRIANA","SANTIPONCE","TOTAL POBLACION",5,6,11
" 06","TRIANA","TOMARES","ESPAÑOLES",27,26,53
" 06","TRIANA","TOMARES","EXTRANJEROS",3,5,8
" 06","TRIANA","TOMARES","TOTAL POBLACION",30,31,61
" 06","TRIANA","UMBRETE","ESPAÑOLES",2,7,9
" 06","TRIANA","UMBRETE","TOTAL POBLACION",2,7,9
" 06","TRIANA","UTRERA","ESPAÑOLES",2,1,3
" 06","TRIANA","UTRERA","EXTRANJEROS",0,1,1
" 06","TRIANA","UTRERA","TOTAL POBLACION",2,2,4
" 06","TRIANA","VALENCINA DE LA CONCEPCION","ESPAÑOLES",5,2,7
" 06","TRIANA","VALENCINA DE LA CONCEPCION","TOTAL POBLACION",5,2,7
" 06","TRIANA","VILLANUEVA DEL ARISCAL","ESPAÑOLES",3,1,4
" 06","TRIANA","VILLANUEVA DEL ARISCAL","TOTAL POBLACION",3,1,4
" 06","TRIANA","VILLAVERDE DEL RIO","ESPAÑOLES",1,0,1
" 06","TRIANA","VILLAVERDE DEL RIO","TOTAL POBLACION",1,0,1
" 07","NORTE","- FUERA DE LA PROVINCIA DE SEVILLA","ESPAÑOLES",207,246,453
" 07","NORTE","- FUERA DE LA PROVINCIA DE SEVILLA","EXTRANJEROS",44,38,82
" 07","NORTE","- FUERA DE LA PROVINCIA DE SEVILLA","NO CONSTA",0,1,1
" 07","NORTE","- FUERA DE LA PROVINCIA DE SEVILLA","TOTAL POBLACION",251,285,536
" 07","NORTE","- PROVINCIA DE SEVILLA","ESPAÑOLES",359,436,795
" 07","NORTE","- PROVINCIA DE SEVILLA","EXTRANJEROS",19,26,45
" 07","NORTE","- PROVINCIA DE SEVILLA","TOTAL POBLACION",378,462,840
" 07","NORTE","ALANIS","ESPAÑOLES",0,1,1
" 07","NORTE","ALANIS","TOTAL POBLACION",0,1,1
" 07","NORTE","ALBAIDA DEL ALJARAFE","ESPAÑOLES",1,0,1
" 07","NORTE","ALBAIDA DEL ALJARAFE","TOTAL POBLACION",1,0,1
" 07","NORTE","ALCALA DE GUADAIRA","ESPAÑOLES",18,23,41
" 07","NORTE","ALCALA DE GUADAIRA","TOTAL POBLACION",18,23,41
" 07","NORTE","ALCALA DEL RIO","ESPAÑOLES",20,22,42
" 07","NORTE","ALCALA DEL RIO","EXTRANJEROS",1,0,1
" 07","NORTE","ALCALA DEL RIO","TOTAL POBLACION",21,22,43
" 07","NORTE","ALCOLEA DEL RIO","ESPAÑOLES",0,1,1
" 07","NORTE","ALCOLEA DEL RIO","TOTAL POBLACION",0,1,1
" 07","NORTE","ALGABA (LA)","ESPAÑOLES",25,26,51
" 07","NORTE","ALGABA (LA)","EXTRANJEROS",3,2,5
" 07","NORTE","ALGABA (LA)","TOTAL POBLACION",28,28,56
" 07","NORTE","ALMENSILLA","ESPAÑOLES",1,3,4
" 07","NORTE","ALMENSILLA","TOTAL POBLACION",1,3,4
" 07","NORTE","ARAHAL (EL)","ESPAÑOLES",1,1,2
" 07","NORTE","ARAHAL (EL)","TOTAL POBLACION",1,1,2
" 07","NORTE","AZNALCAZAR","ESPAÑOLES",0,3,3
" 07","NORTE","AZNALCAZAR","TOTAL POBLACION",0,3,3
" 07","NORTE","AZNALCOLLAR","ESPAÑOLES",1,0,1
" 07","NORTE","AZNALCOLLAR","TOTAL POBLACION",1,0,1
" 07","NORTE","BADOLATOSA","ESPAÑOLES",0,1,1
" 07","NORTE","BADOLATOSA","TOTAL POBLACION",0,1,1
" 07","NORTE","BENACAZON","ESPAÑOLES",0,1,1
" 07","NORTE","BENACAZON","TOTAL POBLACION",0,1,1
" 07","NORTE","BOLLULLOS DE LA MITACION","ESPAÑOLES",9,4,13
" 07","NORTE","BOLLULLOS DE LA MITACION","EXTRANJEROS",1,0,1
" 07","NORTE","BOLLULLOS DE LA MITACION","TOTAL POBLACION",10,4,14
" 07","NORTE","BORMUJOS","ESPAÑOLES",12,12,24
" 07","NORTE","BORMUJOS","EXTRANJEROS",0,1,1
" 07","NORTE","BORMUJOS","TOTAL POBLACION",12,13,25
" 07","NORTE","BRENES","ESPAÑOLES",4,10,14
" 07","NORTE","BRENES","EXTRANJEROS",2,0,2
" 07","NORTE","BRENES","TOTAL POBLACION",6,10,16
" 07","NORTE","BURGUILLOS","ESPAÑOLES",10,10,20
" 07","NORTE","BURGUILLOS","TOTAL POBLACION",10,10,20
" 07","NORTE","CAMAS","ESPAÑOLES",16,15,31
" 07","NORTE","CAMAS","EXTRANJEROS",3,4,7
" 07","NORTE","CAMAS","TOTAL POBLACION",19,19,38
" 07","NORTE","CANTILLANA","ESPAÑOLES",3,1,4
" 07","NORTE","CANTILLANA","TOTAL POBLACION",3,1,4
" 07","NORTE","CARMONA","ESPAÑOLES",7,13,20
" 07","NORTE","CARMONA","TOTAL POBLACION",7,13,20
" 07","NORTE","CARRION DE LOS CESPEDES","ESPAÑOLES",1,3,4
" 07","NORTE","CARRION DE LOS CESPEDES","TOTAL POBLACION",1,3,4
" 07","NORTE","CASTILBLANCO DE LOS ARROYOS","ESPAÑOLES",2,2,4
" 07","NORTE","CASTILBLANCO DE LOS ARROYOS","TOTAL POBLACION",2,2,4
" 07","NORTE","CASTILLEJA DE LA CUESTA","ESPAÑOLES",12,7,19
" 07","NORTE","CASTILLEJA DE LA CUESTA","EXTRANJEROS",0,1,1
" 07","NORTE","CASTILLEJA DE LA CUESTA","TOTAL POBLACION",12,8,20
" 07","NORTE","CASTILLO DE LAS GUARDAS (EL)","ESPAÑOLES",0,1,1
" 07","NORTE","CASTILLO DE LAS GUARDAS (EL)","TOTAL POBLACION",0,1,1
" 07","NORTE","CORIA DEL RIO","ESPAÑOLES",7,11,18
" 07","NORTE","CORIA DEL RIO","EXTRANJEROS",0,1,1
" 07","NORTE","CORIA DEL RIO","TOTAL POBLACION",7,12,19
" 07","NORTE","CORONIL (EL)","ESPAÑOLES",0,1,1
" 07","NORTE","CORONIL (EL)","TOTAL POBLACION",0,1,1
" 07","NORTE","DOS HERMANAS","ESPAÑOLES",39,49,88
" 07","NORTE","DOS HERMANAS","EXTRANJEROS",1,2,3
" 07","NORTE","DOS HERMANAS","TOTAL POBLACION",40,51,91
" 07","NORTE","ECIJA","ESPAÑOLES",1,2,3
" 07","NORTE","ECIJA","TOTAL POBLACION",1,2,3
" 07","NORTE","ESPARTINAS","ESPAÑOLES",9,10,19
" 07","NORTE","ESPARTINAS","TOTAL POBLACION",9,10,19
" 07","NORTE","FUENTES DE ANDALUCIA","ESPAÑOLES",1,2,3
" 07","NORTE","FUENTES DE ANDALUCIA","TOTAL POBLACION",1,2,3
" 07","NORTE","GELVES","ESPAÑOLES",3,1,4
" 07","NORTE","GELVES","EXTRANJEROS",1,0,1
" 07","NORTE","GELVES","TOTAL POBLACION",4,1,5
" 07","NORTE","GERENA","ESPAÑOLES",11,4,15
" 07","NORTE","GERENA","EXTRANJEROS",0,2,2
" 07","NORTE","GERENA","TOTAL POBLACION",11,6,17
" 07","NORTE","GINES","ESPAÑOLES",6,12,18
" 07","NORTE","GINES","TOTAL POBLACION",6,12,18
" 07","NORTE","GUADALCANAL","ESPAÑOLES",1,0,1
" 07","NORTE","GUADALCANAL","TOTAL POBLACION",1,0,1
" 07","NORTE","GUILLENA","ESPAÑOLES",8,3,11
" 07","NORTE","GUILLENA","EXTRANJEROS",1,0,1
" 07","NORTE","GUILLENA","TOTAL POBLACION",9,3,12
" 07","NORTE","HUEVAR DEL ALJARAFE","ESPAÑOLES",2,3,5
" 07","NORTE","HUEVAR DEL ALJARAFE","TOTAL POBLACION",2,3,5
" 07","NORTE","LEBRIJA","ESPAÑOLES",0,1,1
" 07","NORTE","LEBRIJA","TOTAL POBLACION",0,1,1
" 07","NORTE","LORA DEL RIO","ESPAÑOLES",2,2,4
" 07","NORTE","LORA DEL RIO","EXTRANJEROS",0,1,1
" 07","NORTE","LORA DEL RIO","TOTAL POBLACION",2,3,5
" 07","NORTE","MAIRENA DEL ALCOR","ESPAÑOLES",7,7,14
" 07","NORTE","MAIRENA DEL ALCOR","TOTAL POBLACION",7,7,14
" 07","NORTE","MAIRENA DEL ALJARAFE","ESPAÑOLES",18,29,47
" 07","NORTE","MAIRENA DEL ALJARAFE","EXTRANJEROS",0,1,1
" 07","NORTE","MAIRENA DEL ALJARAFE","TOTAL POBLACION",18,30,48
" 07","NORTE","MARCHENA","ESPAÑOLES",0,1,1
" 07","NORTE","MARCHENA","EXTRANJEROS",0,1,1
" 07","NORTE","MARCHENA","TOTAL POBLACION",0,2,2
" 07","NORTE","MONTELLANO","ESPAÑOLES",0,1,1
" 07","NORTE","MONTELLANO","TOTAL POBLACION",0,1,1
" 07","NORTE","MORON DE LA FRONTERA","ESPAÑOLES",0,1,1
" 07","NORTE","MORON DE LA FRONTERA","TOTAL POBLACION",0,1,1
" 07","NORTE","NAVAS DE LA CONCEPCION (LAS)","ESPAÑOLES",1,1,2
" 07","NORTE","NAVAS DE LA CONCEPCION (LAS)","TOTAL POBLACION",1,1,2
" 07","NORTE","OLIVARES","ESPAÑOLES",1,2,3
" 07","NORTE","OLIVARES","EXTRANJEROS",0,1,1
" 07","NORTE","OLIVARES","TOTAL POBLACION",1,3,4
" 07","NORTE","OSUNA","ESPAÑOLES",2,1,3
" 07","NORTE","OSUNA","TOTAL POBLACION",2,1,3
" 07","NORTE","PALACIOS Y VILLAFRANCA (LOS)","ESPAÑOLES",0,3,3
" 07","NORTE","PALACIOS Y VILLAFRANCA (LOS)","TOTAL POBLACION",0,3,3
" 07","NORTE","PALOMARES DEL RIO","ESPAÑOLES",5,10,15
" 07","NORTE","PALOMARES DEL RIO","TOTAL POBLACION",5,10,15
" 07","NORTE","PARADAS","ESPAÑOLES",1,4,5
" 07","NORTE","PARADAS","TOTAL POBLACION",1,4,5
" 07","NORTE","PEDROSO (EL)","ESPAÑOLES",5,4,9
" 07","NORTE","PEDROSO (EL)","EXTRANJEROS",0,1,1
" 07","NORTE","PEDROSO (EL)","TOTAL POBLACION",5,5,10
" 07","NORTE","PILAS","ESPAÑOLES",2,0,2
" 07","NORTE","PILAS","TOTAL POBLACION",2,0,2
" 07","NORTE","PUEBLA DE CAZALLA (LA)","ESPAÑOLES",1,1,2
" 07","NORTE","PUEBLA DE CAZALLA (LA)","TOTAL POBLACION",1,1,2
" 07","NORTE","PUEBLA DEL RIO (LA)","ESPAÑOLES",1,2,3
" 07","NORTE","PUEBLA DEL RIO (LA)","EXTRANJEROS",0,1,1
" 07","NORTE","PUEBLA DEL RIO (LA)","TOTAL POBLACION",1,3,4
" 07","NORTE","REAL DE LA JARA (EL)","ESPAÑOLES",1,1,2
" 07","NORTE","REAL DE LA JARA (EL)","EXTRANJEROS",0,1,1
" 07","NORTE","REAL DE LA JARA (EL)","TOTAL POBLACION",1,2,3
" 07","NORTE","RINCONADA (LA)","ESPAÑOLES",41,51,92
" 07","NORTE","RINCONADA (LA)","EXTRANJEROS",3,1,4
" 07","NORTE","RINCONADA (LA)","TOTAL POBLACION",44,52,96
" 07","NORTE","RONQUILLO (EL)","ESPAÑOLES",1,4,5
" 07","NORTE","RONQUILLO (EL)","TOTAL POBLACION",1,4,5
" 07","NORTE","RUBIO (EL)","ESPAÑOLES",2,1,3
" 07","NORTE","RUBIO (EL)","TOTAL POBLACION",2,1,3
" 07","NORTE","SALTERAS","ESPAÑOLES",2,5,7
" 07","NORTE","SALTERAS","EXTRANJEROS",0,1,1
" 07","NORTE","SALTERAS","TOTAL POBLACION",2,6,8
" 07","NORTE","SAN JUAN DE AZNALFARACHE","ESPAÑOLES",4,9,13
" 07","NORTE","SAN JUAN DE AZNALFARACHE","EXTRANJEROS",0,1,1
" 07","NORTE","SAN JUAN DE AZNALFARACHE","TOTAL POBLACION",4,10,14
" 07","NORTE","SANLUCAR LA MAYOR","ESPAÑOLES",2,1,3
" 07","NORTE","SANLUCAR LA MAYOR","EXTRANJEROS",1,0,1
" 07","NORTE","SANLUCAR LA MAYOR","TOTAL POBLACION",3,1,4
" 07","NORTE","SANTIPONCE","ESPAÑOLES",3,8,11
" 07","NORTE","SANTIPONCE","EXTRANJEROS",1,0,1
" 07","NORTE","SANTIPONCE","TOTAL POBLACION",4,8,12
" 07","NORTE","TOCINA","ESPAÑOLES",1,0,1
" 07","NORTE","TOCINA","TOTAL POBLACION",1,0,1
" 07","NORTE","TOMARES","ESPAÑOLES",5,10,15
" 07","NORTE","TOMARES","TOTAL POBLACION",5,10,15
" 07","NORTE","UMBRETE","ESPAÑOLES",2,0,2
" 07","NORTE","UMBRETE","TOTAL POBLACION",2,0,2
" 07","NORTE","UTRERA","ESPAÑOLES",7,7,14
" 07","NORTE","UTRERA","EXTRANJEROS",0,1,1
" 07","NORTE","UTRERA","TOTAL POBLACION",7,8,15
" 07","NORTE","VALENCINA DE LA CONCEPCION","ESPAÑOLES",1,2,3
" 07","NORTE","VALENCINA DE LA CONCEPCION","TOTAL POBLACION",1,2,3
" 07","NORTE","VILLANUEVA DEL ARISCAL","ESPAÑOLES",5,4,9
" 07","NORTE","VILLANUEVA DEL ARISCAL","EXTRANJEROS",1,2,3
" 07","NORTE","VILLANUEVA DEL ARISCAL","TOTAL POBLACION",6,6,12
" 07","NORTE","VILLANUEVA DEL RIO Y MINAS","ESPAÑOLES",3,2,5
" 07","NORTE","VILLANUEVA DEL RIO Y MINAS","TOTAL POBLACION",3,2,5
" 07","NORTE","VILLAVERDE DEL RIO","ESPAÑOLES",0,2,2
" 07","NORTE","VILLAVERDE DEL RIO","TOTAL POBLACION",0,2,2
" 07","NORTE","VISO DEL ALCOR (EL)","ESPAÑOLES",2,1,3
" 07","NORTE","VISO DEL ALCOR (EL)","TOTAL POBLACION",2,1,3
" 08","S. PABLO-STA. JUSTA","- FUERA DE LA PROVINCIA DE SEVILLA","ESPAÑOLES",278,323,601
" 08","S. PABLO-STA. JUSTA","- FUERA DE LA PROVINCIA DE SEVILLA","EXTRANJEROS",52,59,111
" 08","S. PABLO-STA. JUSTA","- FUERA DE LA PROVINCIA DE SEVILLA","NO CONSTA",1,0,1
" 08","S. PABLO-STA. JUSTA","- FUERA DE LA PROVINCIA DE SEVILLA","TOTAL POBLACION",331,382,713
" 08","S. PABLO-STA. JUSTA","- PROVINCIA DE SEVILLA","ESPAÑOLES",273,282,555
" 08","S. PABLO-STA. JUSTA","- PROVINCIA DE SEVILLA","EXTRANJEROS",16,29,45
" 08","S. PABLO-STA. JUSTA","- PROVINCIA DE SEVILLA","TOTAL POBLACION",289,311,600
" 08","S. PABLO-STA. JUSTA","ALBAIDA DEL ALJARAFE","ESPAÑOLES",1,2,3
" 08","S. PABLO-STA. JUSTA","ALBAIDA DEL ALJARAFE","TOTAL POBLACION",1,2,3
" 08","S. PABLO-STA. JUSTA","ALCALA DE GUADAIRA","ESPAÑOLES",24,14,38
" 08","S. PABLO-STA. JUSTA","ALCALA DE GUADAIRA","EXTRANJEROS",1,3,4
" 08","S. PABLO-STA. JUSTA","ALCALA DE GUADAIRA","TOTAL POBLACION",25,17,42
" 08","S. PABLO-STA. JUSTA","ALCALA DEL RIO","ESPAÑOLES",7,9,16
" 08","S. PABLO-STA. JUSTA","ALCALA DEL RIO","TOTAL POBLACION",7,9,16
" 08","S. PABLO-STA. JUSTA","ALCOLEA DEL RIO","ESPAÑOLES",1,1,2
" 08","S. PABLO-STA. JUSTA","ALCOLEA DEL RIO","TOTAL POBLACION",1,1,2
" 08","S. PABLO-STA. JUSTA","ALGABA (LA)","ESPAÑOLES",11,11,22
" 08","S. PABLO-STA. JUSTA","ALGABA (LA)","EXTRANJEROS",1,1,2
" 08","S. PABLO-STA. JUSTA","ALGABA (LA)","TOTAL POBLACION",12,12,24
" 08","S. PABLO-STA. JUSTA","ALMADEN DE LA PLATA","ESPAÑOLES",1,0,1
" 08","S. PABLO-STA. JUSTA","ALMADEN DE LA PLATA","TOTAL POBLACION",1,0,1
" 08","S. PABLO-STA. JUSTA","ALMENSILLA","ESPAÑOLES",3,2,5
" 08","S. PABLO-STA. JUSTA","ALMENSILLA","TOTAL POBLACION",3,2,5
" 08","S. PABLO-STA. JUSTA","ARAHAL (EL)","ESPAÑOLES",1,3,4
" 08","S. PABLO-STA. JUSTA","ARAHAL (EL)","EXTRANJEROS",1,2,3
" 08","S. PABLO-STA. JUSTA","ARAHAL (EL)","TOTAL POBLACION",2,5,7
" 08","S. PABLO-STA. JUSTA","AZNALCAZAR","ESPAÑOLES",0,1,1
" 08","S. PABLO-STA. JUSTA","AZNALCAZAR","TOTAL POBLACION",0,1,1
" 08","S. PABLO-STA. JUSTA","AZNALCOLLAR","ESPAÑOLES",0,2,2
" 08","S. PABLO-STA. JUSTA","AZNALCOLLAR","TOTAL POBLACION",0,2,2
" 08","S. PABLO-STA. JUSTA","BENACAZON","ESPAÑOLES",1,0,1
" 08","S. PABLO-STA. JUSTA","BENACAZON","TOTAL POBLACION",1,0,1
" 08","S. PABLO-STA. JUSTA","BOLLULLOS DE LA MITACION","ESPAÑOLES",1,4,5
" 08","S. PABLO-STA. JUSTA","BOLLULLOS DE LA MITACION","TOTAL POBLACION",1,4,5
" 08","S. PABLO-STA. JUSTA","BORMUJOS","ESPAÑOLES",7,5,12
" 08","S. PABLO-STA. JUSTA","BORMUJOS","EXTRANJEROS",5,3,8
" 08","S. PABLO-STA. JUSTA","BORMUJOS","TOTAL POBLACION",12,8,20
" 08","S. PABLO-STA. JUSTA","BRENES","ESPAÑOLES",1,1,2
" 08","S. PABLO-STA. JUSTA","BRENES","TOTAL POBLACION",1,1,2
" 08","S. PABLO-STA. JUSTA","BURGUILLOS","ESPAÑOLES",5,4,9
" 08","S. PABLO-STA. JUSTA","BURGUILLOS","TOTAL POBLACION",5,4,9
" 08","S. PABLO-STA. JUSTA","CABEZAS DE SAN JUAN (LAS)","EXTRANJEROS",2,2,4
" 08","S. PABLO-STA. JUSTA","CABEZAS DE SAN JUAN (LAS)","TOTAL POBLACION",2,2,4
" 08","S. PABLO-STA. JUSTA","CAMAS","ESPAÑOLES",14,12,26
" 08","S. PABLO-STA. JUSTA","CAMAS","EXTRANJEROS",1,0,1
" 08","S. PABLO-STA. JUSTA","CAMAS","TOTAL POBLACION",15,12,27
" 08","S. PABLO-STA. JUSTA","CANTILLANA","ESPAÑOLES",1,1,2
" 08","S. PABLO-STA. JUSTA","CANTILLANA","TOTAL POBLACION",1,1,2
" 08","S. PABLO-STA. JUSTA","CARMONA","ESPAÑOLES",16,18,34
" 08","S. PABLO-STA. JUSTA","CARMONA","TOTAL POBLACION",16,18,34
" 08","S. PABLO-STA. JUSTA","CARRION DE LOS CESPEDES","ESPAÑOLES",3,3,6
" 08","S. PABLO-STA. JUSTA","CARRION DE LOS CESPEDES","TOTAL POBLACION",3,3,6
" 08","S. PABLO-STA. JUSTA","CASARICHE","ESPAÑOLES",1,0,1
" 08","S. PABLO-STA. JUSTA","CASARICHE","TOTAL POBLACION",1,0,1
" 08","S. PABLO-STA. JUSTA","CASTILBLANCO DE LOS ARROYOS","ESPAÑOLES",2,1,3
" 08","S. PABLO-STA. JUSTA","CASTILBLANCO DE LOS ARROYOS","TOTAL POBLACION",2,1,3
" 08","S. PABLO-STA. JUSTA","CASTILLEJA DE GUZMAN","ESPAÑOLES",1,1,2
" 08","S. PABLO-STA. JUSTA","CASTILLEJA DE GUZMAN","EXTRANJEROS",0,1,1
" 08","S. PABLO-STA. JUSTA","CASTILLEJA DE GUZMAN","TOTAL POBLACION",1,2,3
" 08","S. PABLO-STA. JUSTA","CASTILLEJA DE LA CUESTA","ESPAÑOLES",6,7,13
" 08","S. PABLO-STA. JUSTA","CASTILLEJA DE LA CUESTA","EXTRANJEROS",0,1,1
" 08","S. PABLO-STA. JUSTA","CASTILLEJA DE LA CUESTA","TOTAL POBLACION",6,8,14
" 08","S. PABLO-STA. JUSTA","CASTILLEJA DEL CAMPO","ESPAÑOLES",1,0,1
" 08","S. PABLO-STA. JUSTA","CASTILLEJA DEL CAMPO","TOTAL POBLACION",1,0,1
" 08","S. PABLO-STA. JUSTA","CAZALLA DE LA SIERRA","ESPAÑOLES",1,1,2
" 08","S. PABLO-STA. JUSTA","CAZALLA DE LA SIERRA","TOTAL POBLACION",1,1,2
" 08","S. PABLO-STA. JUSTA","CORIA DEL RIO","ESPAÑOLES",3,8,11
" 08","S. PABLO-STA. JUSTA","CORIA DEL RIO","TOTAL POBLACION",3,8,11
" 08","S. PABLO-STA. JUSTA","CUERVO DE SEVILLA (EL)","EXTRANJEROS",0,1,1
" 08","S. PABLO-STA. JUSTA","CUERVO DE SEVILLA (EL)","TOTAL POBLACION",0,1,1
" 08","S. PABLO-STA. JUSTA","DOS HERMANAS","ESPAÑOLES",51,40,91
" 08","S. PABLO-STA. JUSTA","DOS HERMANAS","EXTRANJEROS",0,3,3
" 08","S. PABLO-STA. JUSTA","DOS HERMANAS","TOTAL POBLACION",51,43,94
" 08","S. PABLO-STA. JUSTA","ECIJA","ESPAÑOLES",0,2,2
" 08","S. PABLO-STA. JUSTA","ECIJA","TOTAL POBLACION",0,2,2
" 08","S. PABLO-STA. JUSTA","ESPARTINAS","ESPAÑOLES",9,5,14
" 08","S. PABLO-STA. JUSTA","ESPARTINAS","TOTAL POBLACION",9,5,14
" 08","S. PABLO-STA. JUSTA","GELVES","ESPAÑOLES",4,3,7
" 08","S. PABLO-STA. JUSTA","GELVES","TOTAL POBLACION",4,3,7
" 08","S. PABLO-STA. JUSTA","GERENA","ESPAÑOLES",5,6,11
" 08","S. PABLO-STA. JUSTA","GERENA","TOTAL POBLACION",5,6,11
" 08","S. PABLO-STA. JUSTA","GINES","ESPAÑOLES",4,6,10
" 08","S. PABLO-STA. JUSTA","GINES","EXTRANJEROS",1,0,1
" 08","S. PABLO-STA. JUSTA","GINES","TOTAL POBLACION",5,6,11
" 08","S. PABLO-STA. JUSTA","GUILLENA","ESPAÑOLES",6,3,9
" 08","S. PABLO-STA. JUSTA","GUILLENA","TOTAL POBLACION",6,3,9
" 08","S. PABLO-STA. JUSTA","HERRERA","ESPAÑOLES",1,0,1
" 08","S. PABLO-STA. JUSTA","HERRERA","TOTAL POBLACION",1,0,1
" 08","S. PABLO-STA. JUSTA","LORA DEL RIO","ESPAÑOLES",1,1,2
" 08","S. PABLO-STA. JUSTA","LORA DEL RIO","TOTAL POBLACION",1,1,2
" 08","S. PABLO-STA. JUSTA","MAIRENA DEL ALCOR","ESPAÑOLES",5,9,14
" 08","S. PABLO-STA. JUSTA","MAIRENA DEL ALCOR","EXTRANJEROS",1,0,1
" 08","S. PABLO-STA. JUSTA","MAIRENA DEL ALCOR","TOTAL POBLACION",6,9,15
" 08","S. PABLO-STA. JUSTA","MAIRENA DEL ALJARAFE","ESPAÑOLES",17,17,34
" 08","S. PABLO-STA. JUSTA","MAIRENA DEL ALJARAFE","EXTRANJEROS",0,1,1
" 08","S. PABLO-STA. JUSTA","MAIRENA DEL ALJARAFE","TOTAL POBLACION",17,18,35
" 08","S. PABLO-STA. JUSTA","MARCHENA","ESPAÑOLES",1,0,1
" 08","S. PABLO-STA. JUSTA","MARCHENA","TOTAL POBLACION",1,0,1
" 08","S. PABLO-STA. JUSTA","MARINALEDA","ESPAÑOLES",0,1,1
" 08","S. PABLO-STA. JUSTA","MARINALEDA","TOTAL POBLACION",0,1,1
" 08","S. PABLO-STA. JUSTA","MORON DE LA FRONTERA","ESPAÑOLES",2,0,2
" 08","S. PABLO-STA. JUSTA","MORON DE LA FRONTERA","EXTRANJEROS",0,2,2
" 08","S. PABLO-STA. JUSTA","MORON DE LA FRONTERA","TOTAL POBLACION",2,2,4
" 08","S. PABLO-STA. JUSTA","OLIVARES","ESPAÑOLES",1,2,3
" 08","S. PABLO-STA. JUSTA","OLIVARES","EXTRANJEROS",0,1,1
" 08","S. PABLO-STA. JUSTA","OLIVARES","TOTAL POBLACION",1,3,4
" 08","S. PABLO-STA. JUSTA","OSUNA","ESPAÑOLES",0,1,1
" 08","S. PABLO-STA. JUSTA","OSUNA","EXTRANJEROS",0,1,1
" 08","S. PABLO-STA. JUSTA","OSUNA","TOTAL POBLACION",0,2,2
" 08","S. PABLO-STA. JUSTA","PALACIOS Y VILLAFRANCA (LOS)","ESPAÑOLES",3,1,4
" 08","S. PABLO-STA. JUSTA","PALACIOS Y VILLAFRANCA (LOS)","TOTAL POBLACION",3,1,4
" 08","S. PABLO-STA. JUSTA","PALOMARES DEL RIO","ESPAÑOLES",0,2,2
" 08","S. PABLO-STA. JUSTA","PALOMARES DEL RIO","EXTRANJEROS",1,0,1
" 08","S. PABLO-STA. JUSTA","PALOMARES DEL RIO","TOTAL POBLACION",1,2,3
" 08","S. PABLO-STA. JUSTA","PARADAS","ESPAÑOLES",0,1,1
" 08","S. PABLO-STA. JUSTA","PARADAS","TOTAL POBLACION",0,1,1
" 08","S. PABLO-STA. JUSTA","PILAS","ESPAÑOLES",0,2,2
" 08","S. PABLO-STA. JUSTA","PILAS","TOTAL POBLACION",0,2,2
" 08","S. PABLO-STA. JUSTA","PUEBLA DEL RIO (LA)","ESPAÑOLES",0,1,1
" 08","S. PABLO-STA. JUSTA","PUEBLA DEL RIO (LA)","EXTRANJEROS",0,2,2
" 08","S. PABLO-STA. JUSTA","PUEBLA DEL RIO (LA)","TOTAL POBLACION",0,3,3
" 08","S. PABLO-STA. JUSTA","RINCONADA (LA)","ESPAÑOLES",10,18,28
" 08","S. PABLO-STA. JUSTA","RINCONADA (LA)","TOTAL POBLACION",10,18,28
" 08","S. PABLO-STA. JUSTA","RONQUILLO (EL)","ESPAÑOLES",1,0,1
" 08","S. PABLO-STA. JUSTA","RONQUILLO (EL)","TOTAL POBLACION",1,0,1
" 08","S. PABLO-STA. JUSTA","SAN JUAN DE AZNALFARACHE","ESPAÑOLES",9,13,22
" 08","S. PABLO-STA. JUSTA","SAN JUAN DE AZNALFARACHE","EXTRANJEROS",2,4,6
" 08","S. PABLO-STA. JUSTA","SAN JUAN DE AZNALFARACHE","TOTAL POBLACION",11,17,28
" 08","S. PABLO-STA. JUSTA","SANLUCAR LA MAYOR","ESPAÑOLES",1,1,2
" 08","S. PABLO-STA. JUSTA","SANLUCAR LA MAYOR","TOTAL POBLACION",1,1,2
" 08","S. PABLO-STA. JUSTA","SANTIPONCE","ESPAÑOLES",4,2,6
" 08","S. PABLO-STA. JUSTA","SANTIPONCE","TOTAL POBLACION",4,2,6
" 08","S. PABLO-STA. JUSTA","TOCINA","ESPAÑOLES",1,3,4
" 08","S. PABLO-STA. JUSTA","TOCINA","TOTAL POBLACION",1,3,4
" 08","S. PABLO-STA. JUSTA","TOMARES","ESPAÑOLES",13,16,29
" 08","S. PABLO-STA. JUSTA","TOMARES","EXTRANJEROS",0,1,1
" 08","S. PABLO-STA. JUSTA","TOMARES","TOTAL POBLACION",13,17,30
" 08","S. PABLO-STA. JUSTA","UTRERA","ESPAÑOLES",3,4,7
" 08","S. PABLO-STA. JUSTA","UTRERA","TOTAL POBLACION",3,4,7
" 08","S. PABLO-STA. JUSTA","VALENCINA DE LA CONCEPCION","ESPAÑOLES",3,4,7
" 08","S. PABLO-STA. JUSTA","VALENCINA DE LA CONCEPCION","TOTAL POBLACION",3,4,7
" 08","S. PABLO-STA. JUSTA","VILLANUEVA DEL ARISCAL","ESPAÑOLES",0,1,1
" 08","S. PABLO-STA. JUSTA","VILLANUEVA DEL ARISCAL","TOTAL POBLACION",0,1,1
" 08","S. PABLO-STA. JUSTA","VILLANUEVA DEL RIO Y MINAS","ESPAÑOLES",1,1,2
" 08","S. PABLO-STA. JUSTA","VILLANUEVA DEL RIO Y MINAS","TOTAL POBLACION",1,1,2
" 08","S. PABLO-STA. JUSTA","VILLAVERDE DEL RIO","ESPAÑOLES",1,0,1
" 08","S. PABLO-STA. JUSTA","VILLAVERDE DEL RIO","TOTAL POBLACION",1,0,1
" 08","S. PABLO-STA. JUSTA","VISO DEL ALCOR (EL)","ESPAÑOLES",3,5,8
" 08","S. PABLO-STA. JUSTA","VISO DEL ALCOR (EL)","TOTAL POBLACION",3,5,8
" 09","ESTE","- FUERA DE LA PROVINCIA DE SEVILLA","ESPAÑOLES",437,433,870
" 09","ESTE","- FUERA DE LA PROVINCIA DE SEVILLA","EXTRANJEROS",101,95,196
" 09","ESTE","- FUERA DE LA PROVINCIA DE SEVILLA","TOTAL POBLACION",538,528,1066
" 09","ESTE","- PROVINCIA DE SEVILLA","ESPAÑOLES",467,499,966
" 09","ESTE","- PROVINCIA DE SEVILLA","EXTRANJEROS",27,37,64
" 09","ESTE","- PROVINCIA DE SEVILLA","TOTAL POBLACION",494,536,1030
" 09","ESTE","ALBAIDA DEL ALJARAFE","ESPAÑOLES",0,1,1
" 09","ESTE","ALBAIDA DEL ALJARAFE","TOTAL POBLACION",0,1,1
" 09","ESTE","ALCALA DE GUADAIRA","ESPAÑOLES",78,81,159
" 09","ESTE","ALCALA DE GUADAIRA","EXTRANJEROS",3,5,8
" 09","ESTE","ALCALA DE GUADAIRA","TOTAL POBLACION",81,86,167
" 09","ESTE","ALCALA DEL RIO","ESPAÑOLES",21,8,29
" 09","ESTE","ALCALA DEL RIO","TOTAL POBLACION",21,8,29
" 09","ESTE","ALGABA (LA)","ESPAÑOLES",5,6,11
" 09","ESTE","ALGABA (LA)","TOTAL POBLACION",5,6,11
" 09","ESTE","ALMENSILLA","ESPAÑOLES",3,1,4
" 09","ESTE","ALMENSILLA","TOTAL POBLACION",3,1,4
" 09","ESTE","ARAHAL (EL)","ESPAÑOLES",7,6,13
" 09","ESTE","ARAHAL (EL)","TOTAL POBLACION",7,6,13
" 09","ESTE","AZNALCAZAR","ESPAÑOLES",3,7,10
" 09","ESTE","AZNALCAZAR","TOTAL POBLACION",3,7,10
" 09","ESTE","AZNALCOLLAR","EXTRANJEROS",0,1,1
" 09","ESTE","AZNALCOLLAR","TOTAL POBLACION",0,1,1
" 09","ESTE","BENACAZON","ESPAÑOLES",2,2,4
" 09","ESTE","BENACAZON","TOTAL POBLACION",2,2,4
" 09","ESTE","BOLLULLOS DE LA MITACION","ESPAÑOLES",6,11,17
" 09","ESTE","BOLLULLOS DE LA MITACION","TOTAL POBLACION",6,11,17
" 09","ESTE","BORMUJOS","ESPAÑOLES",11,8,19
" 09","ESTE","BORMUJOS","TOTAL POBLACION",11,8,19
" 09","ESTE","BRENES","ESPAÑOLES",2,6,8
" 09","ESTE","BRENES","EXTRANJEROS",1,1,2
" 09","ESTE","BRENES","TOTAL POBLACION",3,7,10
" 09","ESTE","BURGUILLOS","ESPAÑOLES",6,6,12
" 09","ESTE","BURGUILLOS","EXTRANJEROS",0,1,1
" 09","ESTE","BURGUILLOS","TOTAL POBLACION",6,7,13
" 09","ESTE","CABEZAS DE SAN JUAN (LAS)","ESPAÑOLES",1,3,4
" 09","ESTE","CABEZAS DE SAN JUAN (LAS)","TOTAL POBLACION",1,3,4
" 09","ESTE","CAMAS","ESPAÑOLES",9,11,20
" 09","ESTE","CAMAS","EXTRANJEROS",2,0,2
" 09","ESTE","CAMAS","TOTAL POBLACION",11,11,22
" 09","ESTE","CAMPANA (LA)","ESPAÑOLES",1,0,1
" 09","ESTE","CAMPANA (LA)","TOTAL POBLACION",1,0,1
" 09","ESTE","CANTILLANA","ESPAÑOLES",1,3,4
" 09","ESTE","CANTILLANA","TOTAL POBLACION",1,3,4
" 09","ESTE","CARMONA","ESPAÑOLES",33,27,60
" 09","ESTE","CARMONA","EXTRANJEROS",2,4,6
" 09","ESTE","CARMONA","TOTAL POBLACION",35,31,66
" 09","ESTE","CARRION DE LOS CESPEDES","ESPAÑOLES",2,2,4
" 09","ESTE","CARRION DE LOS CESPEDES","TOTAL POBLACION",2,2,4
" 09","ESTE","CASTILBLANCO DE LOS ARROYOS","ESPAÑOLES",2,0,2
" 09","ESTE","CASTILBLANCO DE LOS ARROYOS","TOTAL POBLACION",2,0,2
" 09","ESTE","CASTILLEJA DE LA CUESTA","ESPAÑOLES",8,6,14
" 09","ESTE","CASTILLEJA DE LA CUESTA","TOTAL POBLACION",8,6,14
" 09","ESTE","CAZALLA DE LA SIERRA","ESPAÑOLES",4,2,6
" 09","ESTE","CAZALLA DE LA SIERRA","TOTAL POBLACION",4,2,6
" 09","ESTE","CONSTANTINA","ESPAÑOLES",1,5,6
" 09","ESTE","CONSTANTINA","TOTAL POBLACION",1,5,6
" 09","ESTE","CORIA DEL RIO","ESPAÑOLES",10,5,15
" 09","ESTE","CORIA DEL RIO","EXTRANJEROS",1,0,1
" 09","ESTE","CORIA DEL RIO","TOTAL POBLACION",11,5,16
" 09","ESTE","CORONIL (EL)","ESPAÑOLES",1,2,3
" 09","ESTE","CORONIL (EL)","TOTAL POBLACION",1,2,3
" 09","ESTE","CUERVO DE SEVILLA (EL)","ESPAÑOLES",0,2,2
" 09","ESTE","CUERVO DE SEVILLA (EL)","TOTAL POBLACION",0,2,2
" 09","ESTE","DOS HERMANAS","ESPAÑOLES",60,60,120
" 09","ESTE","DOS HERMANAS","EXTRANJEROS",0,4,4
" 09","ESTE","DOS HERMANAS","TOTAL POBLACION",60,64,124
" 09","ESTE","ECIJA","ESPAÑOLES",0,6,6
" 09","ESTE","ECIJA","TOTAL POBLACION",0,6,6
" 09","ESTE","ESPARTINAS","ESPAÑOLES",9,19,28
" 09","ESTE","ESPARTINAS","EXTRANJEROS",0,1,1
" 09","ESTE","ESPARTINAS","TOTAL POBLACION",9,20,29
" 09","ESTE","FUENTES DE ANDALUCIA","ESPAÑOLES",3,1,4
" 09","ESTE","FUENTES DE ANDALUCIA","TOTAL POBLACION",3,1,4
" 09","ESTE","GELVES","ESPAÑOLES",3,5,8
" 09","ESTE","GELVES","TOTAL POBLACION",3,5,8
" 09","ESTE","GERENA","ESPAÑOLES",6,3,9
" 09","ESTE","GERENA","TOTAL POBLACION",6,3,9
" 09","ESTE","GINES","ESPAÑOLES",5,3,8
" 09","ESTE","GINES","TOTAL POBLACION",5,3,8
" 09","ESTE","GUADALCANAL","ESPAÑOLES",0,2,2
" 09","ESTE","GUADALCANAL","TOTAL POBLACION",0,2,2
" 09","ESTE","GUILLENA","ESPAÑOLES",6,7,13
" 09","ESTE","GUILLENA","EXTRANJEROS",2,3,5
" 09","ESTE","GUILLENA","TOTAL POBLACION",8,10,18
" 09","ESTE","HUEVAR DEL ALJARAFE","ESPAÑOLES",6,8,14
" 09","ESTE","HUEVAR DEL ALJARAFE","TOTAL POBLACION",6,8,14
" 09","ESTE","ISLA MAYOR","ESPAÑOLES",1,0,1
" 09","ESTE","ISLA MAYOR","TOTAL POBLACION",1,0,1
" 09","ESTE","LORA DEL RIO","ESPAÑOLES",2,5,7
" 09","ESTE","LORA DEL RIO","TOTAL POBLACION",2,5,7
" 09","ESTE","MAIRENA DEL ALCOR","ESPAÑOLES",48,42,90
" 09","ESTE","MAIRENA DEL ALCOR","EXTRANJEROS",0,1,1
" 09","ESTE","MAIRENA DEL ALCOR","TOTAL POBLACION",48,43,91
" 09","ESTE","MAIRENA DEL ALJARAFE","ESPAÑOLES",15,21,36
" 09","ESTE","MAIRENA DEL ALJARAFE","EXTRANJEROS",0,1,1
" 09","ESTE","MAIRENA DEL ALJARAFE","TOTAL POBLACION",15,22,37
" 09","ESTE","MARCHENA","ESPAÑOLES",2,2,4
" 09","ESTE","MARCHENA","TOTAL POBLACION",2,2,4
" 09","ESTE","MOLARES (LOS)","ESPAÑOLES",1,0,1
" 09","ESTE","MOLARES (LOS)","TOTAL POBLACION",1,0,1
" 09","ESTE","MONTELLANO","ESPAÑOLES",0,2,2
" 09","ESTE","MONTELLANO","TOTAL POBLACION",0,2,2
" 09","ESTE","MORON DE LA FRONTERA","ESPAÑOLES",4,5,9
" 09","ESTE","MORON DE LA FRONTERA","TOTAL POBLACION",4,5,9
" 09","ESTE","NAVAS DE LA CONCEPCION (LAS)","ESPAÑOLES",3,1,4
" 09","ESTE","NAVAS DE LA CONCEPCION (LAS)","TOTAL POBLACION",3,1,4
" 09","ESTE","OLIVARES","ESPAÑOLES",2,4,6
" 09","ESTE","OLIVARES","TOTAL POBLACION",2,4,6
" 09","ESTE","PALACIOS Y VILLAFRANCA (LOS)","ESPAÑOLES",3,4,7
" 09","ESTE","PALACIOS Y VILLAFRANCA (LOS)","EXTRANJEROS",1,0,1
" 09","ESTE","PALACIOS Y VILLAFRANCA (LOS)","TOTAL POBLACION",4,4,8
" 09","ESTE","PALOMARES DEL RIO","ESPAÑOLES",4,0,4
" 09","ESTE","PALOMARES DEL RIO","EXTRANJEROS",0,1,1
" 09","ESTE","PALOMARES DEL RIO","TOTAL POBLACION",4,1,5
" 09","ESTE","PARADAS","ESPAÑOLES",1,1,2
" 09","ESTE","PARADAS","TOTAL POBLACION",1,1,2
" 09","ESTE","PEDROSO (EL)","ESPAÑOLES",1,0,1
" 09","ESTE","PEDROSO (EL)","TOTAL POBLACION",1,0,1
" 09","ESTE","PEÑAFLOR","ESPAÑOLES",1,1,2
" 09","ESTE","PEÑAFLOR","TOTAL POBLACION",1,1,2
" 09","ESTE","PILAS","ESPAÑOLES",1,4,5
" 09","ESTE","PILAS","TOTAL POBLACION",1,4,5
" 09","ESTE","PUEBLA DE CAZALLA (LA)","ESPAÑOLES",0,1,1
" 09","ESTE","PUEBLA DE CAZALLA (LA)","TOTAL POBLACION",0,1,1
" 09","ESTE","PUEBLA DE LOS INFANTES (LA)","ESPAÑOLES",0,1,1
" 09","ESTE","PUEBLA DE LOS INFANTES (LA)","TOTAL POBLACION",0,1,1
" 09","ESTE","PUEBLA DEL RIO (LA)","ESPAÑOLES",1,1,2
" 09","ESTE","PUEBLA DEL RIO (LA)","TOTAL POBLACION",1,1,2
" 09","ESTE","RINCONADA (LA)","ESPAÑOLES",14,16,30
" 09","ESTE","RINCONADA (LA)","EXTRANJEROS",4,4,8
" 09","ESTE","RINCONADA (LA)","TOTAL POBLACION",18,20,38
" 09","ESTE","RONQUILLO (EL)","ESPAÑOLES",1,0,1
" 09","ESTE","RONQUILLO (EL)","TOTAL POBLACION",1,0,1
" 09","ESTE","SAN JUAN DE AZNALFARACHE","ESPAÑOLES",5,5,10
" 09","ESTE","SAN JUAN DE AZNALFARACHE","EXTRANJEROS",1,0,1
" 09","ESTE","SAN JUAN DE AZNALFARACHE","TOTAL POBLACION",6,5,11
" 09","ESTE","SANLUCAR LA MAYOR","ESPAÑOLES",3,5,8
" 09","ESTE","SANLUCAR LA MAYOR","EXTRANJEROS",9,7,16
" 09","ESTE","SANLUCAR LA MAYOR","TOTAL POBLACION",12,12,24
" 09","ESTE","SANTIPONCE","ESPAÑOLES",4,6,10
" 09","ESTE","SANTIPONCE","TOTAL POBLACION",4,6,10
" 09","ESTE","SAUCEJO (EL)","ESPAÑOLES",0,1,1
" 09","ESTE","SAUCEJO (EL)","TOTAL POBLACION",0,1,1
" 09","ESTE","TOCINA","ESPAÑOLES",1,7,8
" 09","ESTE","TOCINA","TOTAL POBLACION",1,7,8
" 09","ESTE","TOMARES","ESPAÑOLES",7,13,20
" 09","ESTE","TOMARES","EXTRANJEROS",0,2,2
" 09","ESTE","TOMARES","TOTAL POBLACION",7,15,22
" 09","ESTE","UMBRETE","ESPAÑOLES",4,3,7
" 09","ESTE","UMBRETE","TOTAL POBLACION",4,3,7
" 09","ESTE","UTRERA","ESPAÑOLES",11,9,20
" 09","ESTE","UTRERA","TOTAL POBLACION",11,9,20
" 09","ESTE","VALENCINA DE LA CONCEPCION","ESPAÑOLES",2,6,8
" 09","ESTE","VALENCINA DE LA CONCEPCION","EXTRANJEROS",0,1,1
" 09","ESTE","VALENCINA DE LA CONCEPCION","TOTAL POBLACION",2,7,9
" 09","ESTE","VILLANUEVA DEL ARISCAL","ESPAÑOLES",4,3,7
" 09","ESTE","VILLANUEVA DEL ARISCAL","TOTAL POBLACION",4,3,7
" 09","ESTE","VILLANUEVA DEL RIO Y MINAS","ESPAÑOLES",1,0,1
" 09","ESTE","VILLANUEVA DEL RIO Y MINAS","EXTRANJEROS",1,0,1
" 09","ESTE","VILLANUEVA DEL RIO Y MINAS","TOTAL POBLACION",2,0,2
" 09","ESTE","VILLAVERDE DEL RIO","ESPAÑOLES",1,0,1
" 09","ESTE","VILLAVERDE DEL RIO","TOTAL POBLACION",1,0,1
" 09","ESTE","VISO DEL ALCOR (EL)","ESPAÑOLES",4,5,9
" 09","ESTE","VISO DEL ALCOR (EL)","TOTAL POBLACION",4,5,9
" 10","BELLAVISTA-LA PALMERA","- FUERA DE LA PROVINCIA DE SEVILLA","ESPAÑOLES",290,240,530
" 10","BELLAVISTA-LA PALMERA","- FUERA DE LA PROVINCIA DE SEVILLA","EXTRANJEROS",32,44,76
" 10","BELLAVISTA-LA PALMERA","- FUERA DE LA PROVINCIA DE SEVILLA","TOTAL POBLACION",322,284,606
" 10","BELLAVISTA-LA PALMERA","- PROVINCIA DE SEVILLA","ESPAÑOLES",244,235,479
" 10","BELLAVISTA-LA PALMERA","- PROVINCIA DE SEVILLA","EXTRANJEROS",25,31,56
" 10","BELLAVISTA-LA PALMERA","- PROVINCIA DE SEVILLA","TOTAL POBLACION",269,266,535
" 10","BELLAVISTA-LA PALMERA","ALBAIDA DEL ALJARAFE","EXTRANJEROS",1,1,2
" 10","BELLAVISTA-LA PALMERA","ALBAIDA DEL ALJARAFE","TOTAL POBLACION",1,1,2
" 10","BELLAVISTA-LA PALMERA","ALCALA DE GUADAIRA","ESPAÑOLES",12,13,25
" 10","BELLAVISTA-LA PALMERA","ALCALA DE GUADAIRA","EXTRANJEROS",1,2,3
" 10","BELLAVISTA-LA PALMERA","ALCALA DE GUADAIRA","TOTAL POBLACION",13,15,28
" 10","BELLAVISTA-LA PALMERA","ALCALA DEL RIO","ESPAÑOLES",0,2,2
" 10","BELLAVISTA-LA PALMERA","ALCALA DEL RIO","TOTAL POBLACION",0,2,2
" 10","BELLAVISTA-LA PALMERA","ALGABA (LA)","EXTRANJEROS",0,1,1
" 10","BELLAVISTA-LA PALMERA","ALGABA (LA)","TOTAL POBLACION",0,1,1
" 10","BELLAVISTA-LA PALMERA","ALGAMITAS","EXTRANJEROS",0,2,2
" 10","BELLAVISTA-LA PALMERA","ALGAMITAS","TOTAL POBLACION",0,2,2
" 10","BELLAVISTA-LA PALMERA","ARAHAL (EL)","ESPAÑOLES",0,2,2
" 10","BELLAVISTA-LA PALMERA","ARAHAL (EL)","EXTRANJEROS",1,0,1
" 10","BELLAVISTA-LA PALMERA","ARAHAL (EL)","TOTAL POBLACION",1,2,3
" 10","BELLAVISTA-LA PALMERA","AZNALCAZAR","ESPAÑOLES",1,2,3
" 10","BELLAVISTA-LA PALMERA","AZNALCAZAR","TOTAL POBLACION",1,2,3
" 10","BELLAVISTA-LA PALMERA","AZNALCOLLAR","ESPAÑOLES",0,2,2
" 10","BELLAVISTA-LA PALMERA","AZNALCOLLAR","TOTAL POBLACION",0,2,2
" 10","BELLAVISTA-LA PALMERA","BENACAZON","ESPAÑOLES",1,0,1
" 10","BELLAVISTA-LA PALMERA","BENACAZON","EXTRANJEROS",0,1,1
" 10","BELLAVISTA-LA PALMERA","BENACAZON","TOTAL POBLACION",1,1,2
" 10","BELLAVISTA-LA PALMERA","BOLLULLOS DE LA MITACION","ESPAÑOLES",3,3,6
" 10","BELLAVISTA-LA PALMERA","BOLLULLOS DE LA MITACION","TOTAL POBLACION",3,3,6
" 10","BELLAVISTA-LA PALMERA","BORMUJOS","ESPAÑOLES",8,4,12
" 10","BELLAVISTA-LA PALMERA","BORMUJOS","EXTRANJEROS",1,0,1
" 10","BELLAVISTA-LA PALMERA","BORMUJOS","TOTAL POBLACION",9,4,13
" 10","BELLAVISTA-LA PALMERA","BRENES","ESPAÑOLES",1,1,2
" 10","BELLAVISTA-LA PALMERA","BRENES","TOTAL POBLACION",1,1,2
" 10","BELLAVISTA-LA PALMERA","BURGUILLOS","ESPAÑOLES",4,1,5
" 10","BELLAVISTA-LA PALMERA","BURGUILLOS","TOTAL POBLACION",4,1,5
" 10","BELLAVISTA-LA PALMERA","CAMAS","ESPAÑOLES",3,8,11
" 10","BELLAVISTA-LA PALMERA","CAMAS","TOTAL POBLACION",3,8,11
" 10","BELLAVISTA-LA PALMERA","CAMPANA (LA)","ESPAÑOLES",1,0,1
" 10","BELLAVISTA-LA PALMERA","CAMPANA (LA)","TOTAL POBLACION",1,0,1
" 10","BELLAVISTA-LA PALMERA","CANTILLANA","ESPAÑOLES",1,1,2
" 10","BELLAVISTA-LA PALMERA","CANTILLANA","TOTAL POBLACION",1,1,2
" 10","BELLAVISTA-LA PALMERA","CARMONA","ESPAÑOLES",2,3,5
" 10","BELLAVISTA-LA PALMERA","CARMONA","TOTAL POBLACION",2,3,5
" 10","BELLAVISTA-LA PALMERA","CARRION DE LOS CESPEDES","ESPAÑOLES",1,0,1
" 10","BELLAVISTA-LA PALMERA","CARRION DE LOS CESPEDES","EXTRANJEROS",1,0,1
" 10","BELLAVISTA-LA PALMERA","CARRION DE LOS CESPEDES","TOTAL POBLACION",2,0,2
" 10","BELLAVISTA-LA PALMERA","CASTILBLANCO DE LOS ARROYOS","ESPAÑOLES",3,1,4
" 10","BELLAVISTA-LA PALMERA","CASTILBLANCO DE LOS ARROYOS","TOTAL POBLACION",3,1,4
" 10","BELLAVISTA-LA PALMERA","CASTILLEJA DE LA CUESTA","ESPAÑOLES",4,2,6
" 10","BELLAVISTA-LA PALMERA","CASTILLEJA DE LA CUESTA","EXTRANJEROS",0,1,1
" 10","BELLAVISTA-LA PALMERA","CASTILLEJA DE LA CUESTA","TOTAL POBLACION",4,3,7
" 10","BELLAVISTA-LA PALMERA","CASTILLEJA DEL CAMPO","EXTRANJEROS",0,1,1
" 10","BELLAVISTA-LA PALMERA","CASTILLEJA DEL CAMPO","TOTAL POBLACION",0,1,1
" 10","BELLAVISTA-LA PALMERA","CASTILLO DE LAS GUARDAS (EL)","ESPAÑOLES",1,2,3
" 10","BELLAVISTA-LA PALMERA","CASTILLO DE LAS GUARDAS (EL)","TOTAL POBLACION",1,2,3
" 10","BELLAVISTA-LA PALMERA","CORIA DEL RIO","ESPAÑOLES",8,5,13
" 10","BELLAVISTA-LA PALMERA","CORIA DEL RIO","EXTRANJEROS",0,2,2
" 10","BELLAVISTA-LA PALMERA","CORIA DEL RIO","TOTAL POBLACION",8,7,15
" 10","BELLAVISTA-LA PALMERA","CORRALES (LOS)","ESPAÑOLES",2,2,4
" 10","BELLAVISTA-LA PALMERA","CORRALES (LOS)","TOTAL POBLACION",2,2,4
" 10","BELLAVISTA-LA PALMERA","DOS HERMANAS","ESPAÑOLES",109,112,221
" 10","BELLAVISTA-LA PALMERA","DOS HERMANAS","EXTRANJEROS",13,11,24
" 10","BELLAVISTA-LA PALMERA","DOS HERMANAS","TOTAL POBLACION",122,123,245
" 10","BELLAVISTA-LA PALMERA","ECIJA","ESPAÑOLES",1,1,2
" 10","BELLAVISTA-LA PALMERA","ECIJA","TOTAL POBLACION",1,1,2
" 10","BELLAVISTA-LA PALMERA","ESPARTINAS","ESPAÑOLES",5,6,11
" 10","BELLAVISTA-LA PALMERA","ESPARTINAS","TOTAL POBLACION",5,6,11
" 10","BELLAVISTA-LA PALMERA","GELVES","ESPAÑOLES",6,4,10
" 10","BELLAVISTA-LA PALMERA","GELVES","TOTAL POBLACION",6,4,10
" 10","BELLAVISTA-LA PALMERA","GINES","ESPAÑOLES",4,5,9
" 10","BELLAVISTA-LA PALMERA","GINES","TOTAL POBLACION",4,5,9
" 10","BELLAVISTA-LA PALMERA","GUILLENA","ESPAÑOLES",0,2,2
" 10","BELLAVISTA-LA PALMERA","GUILLENA","EXTRANJEROS",1,1,2
" 10","BELLAVISTA-LA PALMERA","GUILLENA","TOTAL POBLACION",1,3,4
" 10","BELLAVISTA-LA PALMERA","HUEVAR DEL ALJARAFE","ESPAÑOLES",1,2,3
" 10","BELLAVISTA-LA PALMERA","HUEVAR DEL ALJARAFE","TOTAL POBLACION",1,2,3
" 10","BELLAVISTA-LA PALMERA","ISLA MAYOR","ESPAÑOLES",1,1,2
" 10","BELLAVISTA-LA PALMERA","ISLA MAYOR","TOTAL POBLACION",1,1,2
" 10","BELLAVISTA-LA PALMERA","LEBRIJA","ESPAÑOLES",2,0,2
" 10","BELLAVISTA-LA PALMERA","LEBRIJA","TOTAL POBLACION",2,0,2
" 10","BELLAVISTA-LA PALMERA","LORA DEL RIO","ESPAÑOLES",1,0,1
" 10","BELLAVISTA-LA PALMERA","LORA DEL RIO","TOTAL POBLACION",1,0,1
" 10","BELLAVISTA-LA PALMERA","MAIRENA DEL ALCOR","ESPAÑOLES",3,2,5
" 10","BELLAVISTA-LA PALMERA","MAIRENA DEL ALCOR","TOTAL POBLACION",3,2,5
" 10","BELLAVISTA-LA PALMERA","MAIRENA DEL ALJARAFE","ESPAÑOLES",11,13,24
" 10","BELLAVISTA-LA PALMERA","MAIRENA DEL ALJARAFE","EXTRANJEROS",2,3,5
" 10","BELLAVISTA-LA PALMERA","MAIRENA DEL ALJARAFE","TOTAL POBLACION",13,16,29
" 10","BELLAVISTA-LA PALMERA","MARCHENA","ESPAÑOLES",2,2,4
" 10","BELLAVISTA-LA PALMERA","MARCHENA","TOTAL POBLACION",2,2,4
" 10","BELLAVISTA-LA PALMERA","MARINALEDA","ESPAÑOLES",1,0,1
" 10","BELLAVISTA-LA PALMERA","MARINALEDA","TOTAL POBLACION",1,0,1
" 10","BELLAVISTA-LA PALMERA","MARTIN DE LA JARA","EXTRANJEROS",0,1,1
" 10","BELLAVISTA-LA PALMERA","MARTIN DE LA JARA","TOTAL POBLACION",0,1,1
" 10","BELLAVISTA-LA PALMERA","MOLARES (LOS)","EXTRANJEROS",0,1,1
" 10","BELLAVISTA-LA PALMERA","MOLARES (LOS)","TOTAL POBLACION",0,1,1
" 10","BELLAVISTA-LA PALMERA","MORON DE LA FRONTERA","ESPAÑOLES",3,1,4
" 10","BELLAVISTA-LA PALMERA","MORON DE LA FRONTERA","TOTAL POBLACION",3,1,4
" 10","BELLAVISTA-LA PALMERA","NAVAS DE LA CONCEPCION (LAS)","ESPAÑOLES",0,1,1
" 10","BELLAVISTA-LA PALMERA","NAVAS DE LA CONCEPCION (LAS)","TOTAL POBLACION",0,1,1
" 10","BELLAVISTA-LA PALMERA","OLIVARES","ESPAÑOLES",1,2,3
" 10","BELLAVISTA-LA PALMERA","OLIVARES","TOTAL POBLACION",1,2,3
" 10","BELLAVISTA-LA PALMERA","PALACIOS Y VILLAFRANCA (LOS)","ESPAÑOLES",0,3,3
" 10","BELLAVISTA-LA PALMERA","PALACIOS Y VILLAFRANCA (LOS)","TOTAL POBLACION",0,3,3
" 10","BELLAVISTA-LA PALMERA","PALOMARES DEL RIO","ESPAÑOLES",3,3,6
" 10","BELLAVISTA-LA PALMERA","PALOMARES DEL RIO","TOTAL POBLACION",3,3,6
" 10","BELLAVISTA-LA PALMERA","PILAS","ESPAÑOLES",2,0,2
" 10","BELLAVISTA-LA PALMERA","PILAS","TOTAL POBLACION",2,0,2
" 10","BELLAVISTA-LA PALMERA","PUEBLA DE CAZALLA (LA)","ESPAÑOLES",0,1,1
" 10","BELLAVISTA-LA PALMERA","PUEBLA DE CAZALLA (LA)","TOTAL POBLACION",0,1,1
" 10","BELLAVISTA-LA PALMERA","PUEBLA DEL RIO (LA)","ESPAÑOLES",1,2,3
" 10","BELLAVISTA-LA PALMERA","PUEBLA DEL RIO (LA)","EXTRANJEROS",0,1,1
" 10","BELLAVISTA-LA PALMERA","PUEBLA DEL RIO (LA)","TOTAL POBLACION",1,3,4
" 10","BELLAVISTA-LA PALMERA","RINCONADA (LA)","ESPAÑOLES",6,2,8
" 10","BELLAVISTA-LA PALMERA","RINCONADA (LA)","TOTAL POBLACION",6,2,8
" 10","BELLAVISTA-LA PALMERA","RUBIO (EL)","ESPAÑOLES",0,1,1
" 10","BELLAVISTA-LA PALMERA","RUBIO (EL)","TOTAL POBLACION",0,1,1
" 10","BELLAVISTA-LA PALMERA","SALTERAS","ESPAÑOLES",0,2,2
" 10","BELLAVISTA-LA PALMERA","SALTERAS","TOTAL POBLACION",0,2,2
" 10","BELLAVISTA-LA PALMERA","SAN JUAN DE AZNALFARACHE","ESPAÑOLES",3,2,5
" 10","BELLAVISTA-LA PALMERA","SAN JUAN DE AZNALFARACHE","EXTRANJEROS",3,0,3
" 10","BELLAVISTA-LA PALMERA","SAN JUAN DE AZNALFARACHE","TOTAL POBLACION",6,2,8
" 10","BELLAVISTA-LA PALMERA","SANLUCAR LA MAYOR","ESPAÑOLES",5,0,5
" 10","BELLAVISTA-LA PALMERA","SANLUCAR LA MAYOR","EXTRANJEROS",0,1,1
" 10","BELLAVISTA-LA PALMERA","SANLUCAR LA MAYOR","TOTAL POBLACION",5,1,6
" 10","BELLAVISTA-LA PALMERA","SANTIPONCE","ESPAÑOLES",1,1,2
" 10","BELLAVISTA-LA PALMERA","SANTIPONCE","TOTAL POBLACION",1,1,2
" 10","BELLAVISTA-LA PALMERA","TOMARES","ESPAÑOLES",9,5,14
" 10","BELLAVISTA-LA PALMERA","TOMARES","EXTRANJEROS",0,1,1
" 10","BELLAVISTA-LA PALMERA","TOMARES","TOTAL POBLACION",9,6,15
" 10","BELLAVISTA-LA PALMERA","UMBRETE","ESPAÑOLES",2,2,4
" 10","BELLAVISTA-LA PALMERA","UMBRETE","TOTAL POBLACION",2,2,4
" 10","BELLAVISTA-LA PALMERA","UTRERA","ESPAÑOLES",3,3,6
" 10","BELLAVISTA-LA PALMERA","UTRERA","EXTRANJEROS",1,0,1
" 10","BELLAVISTA-LA PALMERA","UTRERA","TOTAL POBLACION",4,3,7
" 10","BELLAVISTA-LA PALMERA","VILLAVERDE DEL RIO","ESPAÑOLES",1,0,1
" 10","BELLAVISTA-LA PALMERA","VILLAVERDE DEL RIO","TOTAL POBLACION",1,0,1
" 10","BELLAVISTA-LA PALMERA","VISO DEL ALCOR (EL)","ESPAÑOLES",1,0,1
" 10","BELLAVISTA-LA PALMERA","VISO DEL ALCOR (EL)","TOTAL POBLACION",1,0,1
" 11","LOS REMEDIOS","- FUERA DE LA PROVINCIA DE SEVILLA","ESPAÑOLES",158,175,333
" 11","LOS REMEDIOS","- FUERA DE LA PROVINCIA DE SEVILLA","EXTRANJEROS",18,24,42
" 11","LOS REMEDIOS","- FUERA DE LA PROVINCIA DE SEVILLA","TOTAL POBLACION",176,199,375
" 11","LOS REMEDIOS","- PROVINCIA DE SEVILLA","ESPAÑOLES",133,133,266
" 11","LOS REMEDIOS","- PROVINCIA DE SEVILLA","EXTRANJEROS",7,14,21
" 11","LOS REMEDIOS","- PROVINCIA DE SEVILLA","TOTAL POBLACION",140,147,287
" 11","LOS REMEDIOS","ALCALA DE GUADAIRA","ESPAÑOLES",2,1,3
" 11","LOS REMEDIOS","ALCALA DE GUADAIRA","EXTRANJEROS",1,2,3
" 11","LOS REMEDIOS","ALCALA DE GUADAIRA","TOTAL POBLACION",3,3,6
" 11","LOS REMEDIOS","ALGABA (LA)","EXTRANJEROS",1,0,1
" 11","LOS REMEDIOS","ALGABA (LA)","TOTAL POBLACION",1,0,1
" 11","LOS REMEDIOS","AZNALCAZAR","ESPAÑOLES",0,1,1
" 11","LOS REMEDIOS","AZNALCAZAR","TOTAL POBLACION",0,1,1
" 11","LOS REMEDIOS","BOLLULLOS DE LA MITACION","ESPAÑOLES",6,8,14
" 11","LOS REMEDIOS","BOLLULLOS DE LA MITACION","TOTAL POBLACION",6,8,14
" 11","LOS REMEDIOS","BORMUJOS","ESPAÑOLES",12,6,18
" 11","LOS REMEDIOS","BORMUJOS","EXTRANJEROS",0,1,1
" 11","LOS REMEDIOS","BORMUJOS","TOTAL POBLACION",12,7,19
" 11","LOS REMEDIOS","BRENES","ESPAÑOLES",1,0,1
" 11","LOS REMEDIOS","BRENES","TOTAL POBLACION",1,0,1
" 11","LOS REMEDIOS","BURGUILLOS","ESPAÑOLES",2,0,2
" 11","LOS REMEDIOS","BURGUILLOS","TOTAL POBLACION",2,0,2
" 11","LOS REMEDIOS","CABEZAS DE SAN JUAN (LAS)","ESPAÑOLES",1,0,1
" 11","LOS REMEDIOS","CABEZAS DE SAN JUAN (LAS)","TOTAL POBLACION",1,0,1
" 11","LOS REMEDIOS","CAMAS","ESPAÑOLES",8,13,21
" 11","LOS REMEDIOS","CAMAS","EXTRANJEROS",1,1,2
" 11","LOS REMEDIOS","CAMAS","TOTAL POBLACION",9,14,23
" 11","LOS REMEDIOS","CARMONA","ESPAÑOLES",0,2,2
" 11","LOS REMEDIOS","CARMONA","TOTAL POBLACION",0,2,2
" 11","LOS REMEDIOS","CARRION DE LOS CESPEDES","ESPAÑOLES",3,2,5
" 11","LOS REMEDIOS","CARRION DE LOS CESPEDES","TOTAL POBLACION",3,2,5
" 11","LOS REMEDIOS","CASTILLEJA DE GUZMAN","ESPAÑOLES",4,2,6
" 11","LOS REMEDIOS","CASTILLEJA DE GUZMAN","TOTAL POBLACION",4,2,6
" 11","LOS REMEDIOS","CASTILLEJA DE LA CUESTA","ESPAÑOLES",5,6,11
" 11","LOS REMEDIOS","CASTILLEJA DE LA CUESTA","TOTAL POBLACION",5,6,11
" 11","LOS REMEDIOS","CASTILLO DE LAS GUARDAS (EL)","ESPAÑOLES",0,1,1
" 11","LOS REMEDIOS","CASTILLO DE LAS GUARDAS (EL)","TOTAL POBLACION",0,1,1
" 11","LOS REMEDIOS","CAZALLA DE LA SIERRA","ESPAÑOLES",0,1,1
" 11","LOS REMEDIOS","CAZALLA DE LA SIERRA","TOTAL POBLACION",0,1,1
" 11","LOS REMEDIOS","CONSTANTINA","ESPAÑOLES",2,2,4
" 11","LOS REMEDIOS","CONSTANTINA","TOTAL POBLACION",2,2,4
" 11","LOS REMEDIOS","CORIA DEL RIO","ESPAÑOLES",3,0,3
" 11","LOS REMEDIOS","CORIA DEL RIO","EXTRANJEROS",0,1,1
" 11","LOS REMEDIOS","CORIA DEL RIO","TOTAL POBLACION",3,1,4
" 11","LOS REMEDIOS","DOS HERMANAS","ESPAÑOLES",9,15,24
" 11","LOS REMEDIOS","DOS HERMANAS","EXTRANJEROS",0,1,1
" 11","LOS REMEDIOS","DOS HERMANAS","TOTAL POBLACION",9,16,25
" 11","LOS REMEDIOS","ECIJA","ESPAÑOLES",1,0,1
" 11","LOS REMEDIOS","ECIJA","TOTAL POBLACION",1,0,1
" 11","LOS REMEDIOS","ESPARTINAS","ESPAÑOLES",8,5,13
" 11","LOS REMEDIOS","ESPARTINAS","TOTAL POBLACION",8,5,13
" 11","LOS REMEDIOS","GELVES","ESPAÑOLES",5,5,10
" 11","LOS REMEDIOS","GELVES","EXTRANJEROS",0,1,1
" 11","LOS REMEDIOS","GELVES","TOTAL POBLACION",5,6,11
" 11","LOS REMEDIOS","GINES","ESPAÑOLES",5,7,12
" 11","LOS REMEDIOS","GINES","EXTRANJEROS",1,1,2
" 11","LOS REMEDIOS","GINES","TOTAL POBLACION",6,8,14
" 11","LOS REMEDIOS","GUILLENA","ESPAÑOLES",3,2,5
" 11","LOS REMEDIOS","GUILLENA","TOTAL POBLACION",3,2,5
" 11","LOS REMEDIOS","LORA DEL RIO","EXTRANJEROS",0,1,1
" 11","LOS REMEDIOS","LORA DEL RIO","TOTAL POBLACION",0,1,1
" 11","LOS REMEDIOS","MAIRENA DEL ALJARAFE","ESPAÑOLES",9,17,26
" 11","LOS REMEDIOS","MAIRENA DEL ALJARAFE","TOTAL POBLACION",9,17,26
" 11","LOS REMEDIOS","OLIVARES","ESPAÑOLES",1,0,1
" 11","LOS REMEDIOS","OLIVARES","EXTRANJEROS",0,1,1
" 11","LOS REMEDIOS","OLIVARES","TOTAL POBLACION",1,1,2
" 11","LOS REMEDIOS","PALACIOS Y VILLAFRANCA (LOS)","ESPAÑOLES",1,0,1
" 11","LOS REMEDIOS","PALACIOS Y VILLAFRANCA (LOS)","TOTAL POBLACION",1,0,1
" 11","LOS REMEDIOS","PALOMARES DEL RIO","ESPAÑOLES",4,1,5
" 11","LOS REMEDIOS","PALOMARES DEL RIO","EXTRANJEROS",0,1,1
" 11","LOS REMEDIOS","PALOMARES DEL RIO","TOTAL POBLACION",4,2,6
" 11","LOS REMEDIOS","PUEBLA DEL RIO (LA)","ESPAÑOLES",2,1,3
" 11","LOS REMEDIOS","PUEBLA DEL RIO (LA)","EXTRANJEROS",1,0,1
" 11","LOS REMEDIOS","PUEBLA DEL RIO (LA)","TOTAL POBLACION",3,1,4
" 11","LOS REMEDIOS","SALTERAS","ESPAÑOLES",1,0,1
" 11","LOS REMEDIOS","SALTERAS","EXTRANJEROS",0,1,1
" 11","LOS REMEDIOS","SALTERAS","TOTAL POBLACION",1,1,2
" 11","LOS REMEDIOS","SAN JUAN DE AZNALFARACHE","ESPAÑOLES",8,11,19
" 11","LOS REMEDIOS","SAN JUAN DE AZNALFARACHE","EXTRANJEROS",2,2,4
" 11","LOS REMEDIOS","SAN JUAN DE AZNALFARACHE","TOTAL POBLACION",10,13,23
" 11","LOS REMEDIOS","SANLUCAR LA MAYOR","ESPAÑOLES",5,2,7
" 11","LOS REMEDIOS","SANLUCAR LA MAYOR","TOTAL POBLACION",5,2,7
" 11","LOS REMEDIOS","TOMARES","ESPAÑOLES",11,9,20
" 11","LOS REMEDIOS","TOMARES","TOTAL POBLACION",11,9,20
" 11","LOS REMEDIOS","UMBRETE","ESPAÑOLES",3,5,8
" 11","LOS REMEDIOS","UMBRETE","TOTAL POBLACION",3,5,8
" 11","LOS REMEDIOS","UTRERA","ESPAÑOLES",0,1,1
" 11","LOS REMEDIOS","UTRERA","TOTAL POBLACION",0,1,1
" 11","LOS REMEDIOS","VALENCINA DE LA CONCEPCION","ESPAÑOLES",5,4,9
" 11","LOS REMEDIOS","VALENCINA DE LA CONCEPCION","TOTAL POBLACION",5,4,9
" 11","LOS REMEDIOS","VILLANUEVA DEL ARISCAL","ESPAÑOLES",1,1,2
" 11","LOS REMEDIOS","VILLANUEVA DEL ARISCAL","TOTAL POBLACION",1,1,2
" 11","LOS REMEDIOS","VILLAVERDE DEL RIO","ESPAÑOLES",0,1,1
" 11","LOS REMEDIOS","VILLAVERDE DEL RIO","TOTAL POBLACION",0,1,1
" 11","LOS REMEDIOS","VISO DEL ALCOR (EL)","ESPAÑOLES",2,1,3
" 11","LOS REMEDIOS","VISO DEL ALCOR (EL)","TOTAL POBLACION",2,1,3
