"CD","ND","DESTINO","NACION","HOMBRES","MUJERES","TOTAL"
" 00","TOTAL MUNICIPIO","- TODOS -","ESPAÑOLES",7312,7489,14801
" 00","TOTAL MUNICIPIO","- TODOS -","EXTRANJEROS",1104,1277,2381
" 00","TOTAL MUNICIPIO","- TODOS -","NO CONSTA",3,5,8
" 00","TOTAL MUNICIPIO","- TODOS -","TOTAL POBLACION",8419,8771,17190
" 01","CASCO ANTIGUO","- TODOS -","ESPAÑOLES",702,793,1495
" 01","CASCO ANTIGUO","- TODOS -","EXTRANJEROS",105,113,218
" 01","CASCO ANTIGUO","- TODOS -","NO CONSTA",1,1,2
" 01","CASCO ANTIGUO","- TODOS -","TOTAL POBLACION",808,907,1715
" 01","CASCO ANTIGUO","ALBACETE","ESPAÑOLES",1,2,3
" 01","CASCO ANTIGUO","ALBACETE","TOTAL POBLACION",1,2,3
" 01","CASCO ANTIGUO","ALICANTE","ESPAÑOLES",4,8,12
" 01","CASCO ANTIGUO","ALICANTE","EXTRANJEROS",2,2,4
" 01","CASCO ANTIGUO","ALICANTE","TOTAL POBLACION",6,10,16
" 01","CASCO ANTIGUO","ALMERIA","ESPAÑOLES",6,11,17
" 01","CASCO ANTIGUO","ALMERIA","EXTRANJEROS",0,1,1
" 01","CASCO ANTIGUO","ALMERIA","TOTAL POBLACION",6,12,18
" 01","CASCO ANTIGUO","ASTURIAS","ESPAÑOLES",3,7,10
" 01","CASCO ANTIGUO","ASTURIAS","EXTRANJEROS",2,1,3
" 01","CASCO ANTIGUO","ASTURIAS","TOTAL POBLACION",5,8,13
" 01","CASCO ANTIGUO","AVILA","ESPAÑOLES",0,2,2
" 01","CASCO ANTIGUO","AVILA","TOTAL POBLACION",0,2,2
" 01","CASCO ANTIGUO","BADAJOZ","ESPAÑOLES",17,19,36
" 01","CASCO ANTIGUO","BADAJOZ","EXTRANJEROS",1,0,1
" 01","CASCO ANTIGUO","BADAJOZ","TOTAL POBLACION",18,19,37
" 01","CASCO ANTIGUO","BALEARES","ESPAÑOLES",15,13,28
" 01","CASCO ANTIGUO","BALEARES","EXTRANJEROS",1,2,3
" 01","CASCO ANTIGUO","BALEARES","TOTAL POBLACION",16,15,31
" 01","CASCO ANTIGUO","BARCELONA","ESPAÑOLES",19,21,40
" 01","CASCO ANTIGUO","BARCELONA","EXTRANJEROS",8,7,15
" 01","CASCO ANTIGUO","BARCELONA","TOTAL POBLACION",27,28,55
" 01","CASCO ANTIGUO","BIZKAIA","ESPAÑOLES",3,4,7
" 01","CASCO ANTIGUO","BIZKAIA","EXTRANJEROS",1,2,3
" 01","CASCO ANTIGUO","BIZKAIA","TOTAL POBLACION",4,6,10
" 01","CASCO ANTIGUO","BURGOS","ESPAÑOLES",0,2,2
" 01","CASCO ANTIGUO","BURGOS","TOTAL POBLACION",0,2,2
" 01","CASCO ANTIGUO","CACERES","ESPAÑOLES",1,2,3
" 01","CASCO ANTIGUO","CACERES","TOTAL POBLACION",1,2,3
" 01","CASCO ANTIGUO","CADIZ","ESPAÑOLES",40,57,97
" 01","CASCO ANTIGUO","CADIZ","EXTRANJEROS",6,8,14
" 01","CASCO ANTIGUO","CADIZ","TOTAL POBLACION",46,65,111
" 01","CASCO ANTIGUO","CANTABRIA","ESPAÑOLES",3,3,6
" 01","CASCO ANTIGUO","CANTABRIA","EXTRANJEROS",3,2,5
" 01","CASCO ANTIGUO","CANTABRIA","TOTAL POBLACION",6,5,11
" 01","CASCO ANTIGUO","CASTELLON","ESPAÑOLES",2,1,3
" 01","CASCO ANTIGUO","CASTELLON","EXTRANJEROS",0,1,1
" 01","CASCO ANTIGUO","CASTELLON","TOTAL POBLACION",2,2,4
" 01","CASCO ANTIGUO","CEUTA","ESPAÑOLES",2,2,4
" 01","CASCO ANTIGUO","CEUTA","TOTAL POBLACION",2,2,4
" 01","CASCO ANTIGUO","CIUDAD REAL","ESPAÑOLES",4,1,5
" 01","CASCO ANTIGUO","CIUDAD REAL","TOTAL POBLACION",4,1,5
" 01","CASCO ANTIGUO","CORDOBA","ESPAÑOLES",7,12,19
" 01","CASCO ANTIGUO","CORDOBA","EXTRANJEROS",1,1,2
" 01","CASCO ANTIGUO","CORDOBA","TOTAL POBLACION",8,13,21
" 01","CASCO ANTIGUO","CUENCA","ESPAÑOLES",1,0,1
" 01","CASCO ANTIGUO","CUENCA","TOTAL POBLACION",1,0,1
" 01","CASCO ANTIGUO","EXTRAJERO","ESPAÑOLES",60,57,117
" 01","CASCO ANTIGUO","EXTRAJERO","EXTRANJEROS",11,9,20
" 01","CASCO ANTIGUO","EXTRAJERO","NO CONSTA",0,1,1
" 01","CASCO ANTIGUO","EXTRAJERO","TOTAL POBLACION",71,67,138
" 01","CASCO ANTIGUO","GERONA","ESPAÑOLES",0,1,1
" 01","CASCO ANTIGUO","GERONA","EXTRANJEROS",0,1,1
" 01","CASCO ANTIGUO","GERONA","TOTAL POBLACION",0,2,2
" 01","CASCO ANTIGUO","GIPUZKOA","ESPAÑOLES",5,1,6
" 01","CASCO ANTIGUO","GIPUZKOA","TOTAL POBLACION",5,1,6
" 01","CASCO ANTIGUO","GRANADA","ESPAÑOLES",18,22,40
" 01","CASCO ANTIGUO","GRANADA","EXTRANJEROS",3,4,7
" 01","CASCO ANTIGUO","GRANADA","TOTAL POBLACION",21,26,47
" 01","CASCO ANTIGUO","GUADALAJARA","ESPAÑOLES",0,1,1
" 01","CASCO ANTIGUO","GUADALAJARA","TOTAL POBLACION",0,1,1
" 01","CASCO ANTIGUO","HUELVA","ESPAÑOLES",40,45,85
" 01","CASCO ANTIGUO","HUELVA","EXTRANJEROS",6,6,12
" 01","CASCO ANTIGUO","HUELVA","TOTAL POBLACION",46,51,97
" 01","CASCO ANTIGUO","HUESCA","ESPAÑOLES",0,2,2
" 01","CASCO ANTIGUO","HUESCA","EXTRANJEROS",2,0,2
" 01","CASCO ANTIGUO","HUESCA","TOTAL POBLACION",2,2,4
" 01","CASCO ANTIGUO","JAEN","ESPAÑOLES",5,7,12
" 01","CASCO ANTIGUO","JAEN","TOTAL POBLACION",5,7,12
" 01","CASCO ANTIGUO","LA CORUÑA","ESPAÑOLES",1,2,3
" 01","CASCO ANTIGUO","LA CORUÑA","EXTRANJEROS",1,2,3
" 01","CASCO ANTIGUO","LA CORUÑA","TOTAL POBLACION",2,4,6
" 01","CASCO ANTIGUO","LAS PALMAS","ESPAÑOLES",5,16,21
" 01","CASCO ANTIGUO","LAS PALMAS","EXTRANJEROS",3,1,4
" 01","CASCO ANTIGUO","LAS PALMAS","TOTAL POBLACION",8,17,25
" 01","CASCO ANTIGUO","LLEIDA","ESPAÑOLES",0,2,2
" 01","CASCO ANTIGUO","LLEIDA","TOTAL POBLACION",0,2,2
" 01","CASCO ANTIGUO","MADRID","ESPAÑOLES",71,77,148
" 01","CASCO ANTIGUO","MADRID","EXTRANJEROS",17,12,29
" 01","CASCO ANTIGUO","MADRID","TOTAL POBLACION",88,89,177
" 01","CASCO ANTIGUO","MALAGA","ESPAÑOLES",35,26,61
" 01","CASCO ANTIGUO","MALAGA","EXTRANJEROS",7,10,17
" 01","CASCO ANTIGUO","MALAGA","TOTAL POBLACION",42,36,78
" 01","CASCO ANTIGUO","MELILLA","ESPAÑOLES",1,1,2
" 01","CASCO ANTIGUO","MELILLA","TOTAL POBLACION",1,1,2
" 01","CASCO ANTIGUO","MURCIA","ESPAÑOLES",6,8,14
" 01","CASCO ANTIGUO","MURCIA","EXTRANJEROS",1,1,2
" 01","CASCO ANTIGUO","MURCIA","NO CONSTA",1,0,1
" 01","CASCO ANTIGUO","MURCIA","TOTAL POBLACION",8,9,17
" 01","CASCO ANTIGUO","NAVARRA","ESPAÑOLES",1,4,5
" 01","CASCO ANTIGUO","NAVARRA","EXTRANJEROS",0,1,1
" 01","CASCO ANTIGUO","NAVARRA","TOTAL POBLACION",1,5,6
" 01","CASCO ANTIGUO","ORENSE","ESPAÑOLES",0,1,1
" 01","CASCO ANTIGUO","ORENSE","EXTRANJEROS",0,1,1
" 01","CASCO ANTIGUO","ORENSE","TOTAL POBLACION",0,2,2
" 01","CASCO ANTIGUO","PALENCIA","ESPAÑOLES",0,1,1
" 01","CASCO ANTIGUO","PALENCIA","TOTAL POBLACION",0,1,1
" 01","CASCO ANTIGUO","PONTEVEDRA","ESPAÑOLES",3,2,5
" 01","CASCO ANTIGUO","PONTEVEDRA","TOTAL POBLACION",3,2,5
" 01","CASCO ANTIGUO","SANTA CRUZ DE TENERIFE","ESPAÑOLES",3,7,10
" 01","CASCO ANTIGUO","SANTA CRUZ DE TENERIFE","EXTRANJEROS",1,1,2
" 01","CASCO ANTIGUO","SANTA CRUZ DE TENERIFE","TOTAL POBLACION",4,8,12
" 01","CASCO ANTIGUO","SEGOVIA","ESPAÑOLES",0,1,1
" 01","CASCO ANTIGUO","SEGOVIA","TOTAL POBLACION",0,1,1
" 01","CASCO ANTIGUO","SEVILLA","ESPAÑOLES",314,327,641
" 01","CASCO ANTIGUO","SEVILLA","EXTRANJEROS",24,30,54
" 01","CASCO ANTIGUO","SEVILLA","TOTAL POBLACION",338,357,695
" 01","CASCO ANTIGUO","SORIA","ESPAÑOLES",0,1,1
" 01","CASCO ANTIGUO","SORIA","TOTAL POBLACION",0,1,1
" 01","CASCO ANTIGUO","TARRAGONA","ESPAÑOLES",1,3,4
" 01","CASCO ANTIGUO","TARRAGONA","EXTRANJEROS",2,1,3
" 01","CASCO ANTIGUO","TARRAGONA","TOTAL POBLACION",3,4,7
" 01","CASCO ANTIGUO","TOLEDO","EXTRANJEROS",0,1,1
" 01","CASCO ANTIGUO","TOLEDO","TOTAL POBLACION",0,1,1
" 01","CASCO ANTIGUO","VALENCIA","ESPAÑOLES",2,5,7
" 01","CASCO ANTIGUO","VALENCIA","EXTRANJEROS",1,4,5
" 01","CASCO ANTIGUO","VALENCIA","TOTAL POBLACION",3,9,12
" 01","CASCO ANTIGUO","VALLADOLID","ESPAÑOLES",2,2,4
" 01","CASCO ANTIGUO","VALLADOLID","EXTRANJEROS",0,1,1
" 01","CASCO ANTIGUO","VALLADOLID","TOTAL POBLACION",2,3,5
" 01","CASCO ANTIGUO","ZARAGOZA","ESPAÑOLES",1,4,5
" 01","CASCO ANTIGUO","ZARAGOZA","EXTRANJEROS",1,0,1
" 01","CASCO ANTIGUO","ZARAGOZA","TOTAL POBLACION",2,4,6
" 02","MACARENA","- TODOS -","ESPAÑOLES",814,850,1664
" 02","MACARENA","- TODOS -","EXTRANJEROS",221,250,471
" 02","MACARENA","- TODOS -","NO CONSTA",1,1,2
" 02","MACARENA","- TODOS -","TOTAL POBLACION",1036,1101,2137
" 02","MACARENA","ALBACETE","ESPAÑOLES",1,0,1
" 02","MACARENA","ALBACETE","EXTRANJEROS",0,1,1
" 02","MACARENA","ALBACETE","TOTAL POBLACION",1,1,2
" 02","MACARENA","ALICANTE","ESPAÑOLES",3,2,5
" 02","MACARENA","ALICANTE","EXTRANJEROS",2,3,5
" 02","MACARENA","ALICANTE","TOTAL POBLACION",5,5,10
" 02","MACARENA","ALMERIA","ESPAÑOLES",9,2,11
" 02","MACARENA","ALMERIA","EXTRANJEROS",1,1,2
" 02","MACARENA","ALMERIA","TOTAL POBLACION",10,3,13
" 02","MACARENA","ARABA/ALAVA","ESPAÑOLES",5,2,7
" 02","MACARENA","ARABA/ALAVA","EXTRANJEROS",1,3,4
" 02","MACARENA","ARABA/ALAVA","TOTAL POBLACION",6,5,11
" 02","MACARENA","ASTURIAS","ESPAÑOLES",4,6,10
" 02","MACARENA","ASTURIAS","EXTRANJEROS",1,1,2
" 02","MACARENA","ASTURIAS","TOTAL POBLACION",5,7,12
" 02","MACARENA","AVILA","ESPAÑOLES",2,3,5
" 02","MACARENA","AVILA","TOTAL POBLACION",2,3,5
" 02","MACARENA","BADAJOZ","ESPAÑOLES",11,13,24
" 02","MACARENA","BADAJOZ","EXTRANJEROS",2,5,7
" 02","MACARENA","BADAJOZ","TOTAL POBLACION",13,18,31
" 02","MACARENA","BALEARES","ESPAÑOLES",21,21,42
" 02","MACARENA","BALEARES","EXTRANJEROS",8,7,15
" 02","MACARENA","BALEARES","TOTAL POBLACION",29,28,57
" 02","MACARENA","BARCELONA","ESPAÑOLES",22,19,41
" 02","MACARENA","BARCELONA","EXTRANJEROS",22,18,40
" 02","MACARENA","BARCELONA","TOTAL POBLACION",44,37,81
" 02","MACARENA","BIZKAIA","ESPAÑOLES",3,0,3
" 02","MACARENA","BIZKAIA","EXTRANJEROS",6,3,9
" 02","MACARENA","BIZKAIA","TOTAL POBLACION",9,3,12
" 02","MACARENA","BURGOS","ESPAÑOLES",1,3,4
" 02","MACARENA","BURGOS","EXTRANJEROS",3,0,3
" 02","MACARENA","BURGOS","TOTAL POBLACION",4,3,7
" 02","MACARENA","CACERES","ESPAÑOLES",4,2,6
" 02","MACARENA","CACERES","EXTRANJEROS",0,1,1
" 02","MACARENA","CACERES","TOTAL POBLACION",4,3,7
" 02","MACARENA","CADIZ","ESPAÑOLES",39,52,91
" 02","MACARENA","CADIZ","EXTRANJEROS",4,11,15
" 02","MACARENA","CADIZ","TOTAL POBLACION",43,63,106
" 02","MACARENA","CANTABRIA","ESPAÑOLES",4,0,4
" 02","MACARENA","CANTABRIA","TOTAL POBLACION",4,0,4
" 02","MACARENA","CASTELLON","ESPAÑOLES",1,2,3
" 02","MACARENA","CASTELLON","EXTRANJEROS",0,1,1
" 02","MACARENA","CASTELLON","TOTAL POBLACION",1,3,4
" 02","MACARENA","CEUTA","ESPAÑOLES",0,1,1
" 02","MACARENA","CEUTA","EXTRANJEROS",2,1,3
" 02","MACARENA","CEUTA","TOTAL POBLACION",2,2,4
" 02","MACARENA","CIUDAD REAL","ESPAÑOLES",2,3,5
" 02","MACARENA","CIUDAD REAL","EXTRANJEROS",2,1,3
" 02","MACARENA","CIUDAD REAL","TOTAL POBLACION",4,4,8
" 02","MACARENA","CORDOBA","ESPAÑOLES",12,10,22
" 02","MACARENA","CORDOBA","EXTRANJEROS",3,4,7
" 02","MACARENA","CORDOBA","TOTAL POBLACION",15,14,29
" 02","MACARENA","CUENCA","EXTRANJEROS",1,1,2
" 02","MACARENA","CUENCA","TOTAL POBLACION",1,1,2
" 02","MACARENA","EXTRAJERO","ESPAÑOLES",75,83,158
" 02","MACARENA","EXTRAJERO","EXTRANJEROS",9,15,24
" 02","MACARENA","EXTRAJERO","TOTAL POBLACION",84,98,182
" 02","MACARENA","GERONA","ESPAÑOLES",0,1,1
" 02","MACARENA","GERONA","EXTRANJEROS",1,1,2
" 02","MACARENA","GERONA","TOTAL POBLACION",1,2,3
" 02","MACARENA","GIPUZKOA","ESPAÑOLES",3,5,8
" 02","MACARENA","GIPUZKOA","EXTRANJEROS",3,5,8
" 02","MACARENA","GIPUZKOA","TOTAL POBLACION",6,10,16
" 02","MACARENA","GRANADA","ESPAÑOLES",6,7,13
" 02","MACARENA","GRANADA","EXTRANJEROS",2,4,6
" 02","MACARENA","GRANADA","TOTAL POBLACION",8,11,19
" 02","MACARENA","GUADALAJARA","ESPAÑOLES",2,1,3
" 02","MACARENA","GUADALAJARA","EXTRANJEROS",1,0,1
" 02","MACARENA","GUADALAJARA","TOTAL POBLACION",3,1,4
" 02","MACARENA","HUELVA","ESPAÑOLES",35,36,71
" 02","MACARENA","HUELVA","EXTRANJEROS",16,14,30
" 02","MACARENA","HUELVA","TOTAL POBLACION",51,50,101
" 02","MACARENA","HUESCA","ESPAÑOLES",1,0,1
" 02","MACARENA","HUESCA","TOTAL POBLACION",1,0,1
" 02","MACARENA","JAEN","ESPAÑOLES",4,4,8
" 02","MACARENA","JAEN","EXTRANJEROS",0,2,2
" 02","MACARENA","JAEN","TOTAL POBLACION",4,6,10
" 02","MACARENA","LA CORUÑA","ESPAÑOLES",4,4,8
" 02","MACARENA","LA CORUÑA","EXTRANJEROS",1,0,1
" 02","MACARENA","LA CORUÑA","TOTAL POBLACION",5,4,9
" 02","MACARENA","LA RIOJA","EXTRANJEROS",1,0,1
" 02","MACARENA","LA RIOJA","TOTAL POBLACION",1,0,1
" 02","MACARENA","LAS PALMAS","ESPAÑOLES",21,12,33
" 02","MACARENA","LAS PALMAS","EXTRANJEROS",4,3,7
" 02","MACARENA","LAS PALMAS","NO CONSTA",0,1,1
" 02","MACARENA","LAS PALMAS","TOTAL POBLACION",25,16,41
" 02","MACARENA","LEON","ESPAÑOLES",4,0,4
" 02","MACARENA","LEON","TOTAL POBLACION",4,0,4
" 02","MACARENA","LLEIDA","EXTRANJEROS",1,3,4
" 02","MACARENA","LLEIDA","TOTAL POBLACION",1,3,4
" 02","MACARENA","LUGO","ESPAÑOLES",1,1,2
" 02","MACARENA","LUGO","EXTRANJEROS",0,1,1
" 02","MACARENA","LUGO","TOTAL POBLACION",1,2,3
" 02","MACARENA","MADRID","ESPAÑOLES",46,62,108
" 02","MACARENA","MADRID","EXTRANJEROS",24,22,46
" 02","MACARENA","MADRID","TOTAL POBLACION",70,84,154
" 02","MACARENA","MALAGA","ESPAÑOLES",24,28,52
" 02","MACARENA","MALAGA","EXTRANJEROS",7,14,21
" 02","MACARENA","MALAGA","TOTAL POBLACION",31,42,73
" 02","MACARENA","MURCIA","ESPAÑOLES",6,10,16
" 02","MACARENA","MURCIA","EXTRANJEROS",5,0,5
" 02","MACARENA","MURCIA","TOTAL POBLACION",11,10,21
" 02","MACARENA","NAVARRA","ESPAÑOLES",2,1,3
" 02","MACARENA","NAVARRA","EXTRANJEROS",3,4,7
" 02","MACARENA","NAVARRA","TOTAL POBLACION",5,5,10
" 02","MACARENA","ORENSE","ESPAÑOLES",0,1,1
" 02","MACARENA","ORENSE","TOTAL POBLACION",0,1,1
" 02","MACARENA","PALENCIA","ESPAÑOLES",2,1,3
" 02","MACARENA","PALENCIA","TOTAL POBLACION",2,1,3
" 02","MACARENA","PONTEVEDRA","ESPAÑOLES",2,4,6
" 02","MACARENA","PONTEVEDRA","TOTAL POBLACION",2,4,6
" 02","MACARENA","SALAMANCA","ESPAÑOLES",2,1,3
" 02","MACARENA","SALAMANCA","EXTRANJEROS",0,1,1
" 02","MACARENA","SALAMANCA","TOTAL POBLACION",2,2,4
" 02","MACARENA","SANTA CRUZ DE TENERIFE","ESPAÑOLES",12,10,22
" 02","MACARENA","SANTA CRUZ DE TENERIFE","EXTRANJEROS",2,1,3
" 02","MACARENA","SANTA CRUZ DE TENERIFE","TOTAL POBLACION",14,11,25
" 02","MACARENA","SEGOVIA","ESPAÑOLES",1,0,1
" 02","MACARENA","SEGOVIA","EXTRANJEROS",1,0,1
" 02","MACARENA","SEGOVIA","TOTAL POBLACION",2,0,2
" 02","MACARENA","SEVILLA","ESPAÑOLES",402,425,827
" 02","MACARENA","SEVILLA","EXTRANJEROS",67,76,143
" 02","MACARENA","SEVILLA","NO CONSTA",1,0,1
" 02","MACARENA","SEVILLA","TOTAL POBLACION",470,501,971
" 02","MACARENA","TARRAGONA","ESPAÑOLES",1,3,4
" 02","MACARENA","TARRAGONA","EXTRANJEROS",2,0,2
" 02","MACARENA","TARRAGONA","TOTAL POBLACION",3,3,6
" 02","MACARENA","TOLEDO","ESPAÑOLES",1,1,2
" 02","MACARENA","TOLEDO","EXTRANJEROS",4,4,8
" 02","MACARENA","TOLEDO","TOTAL POBLACION",5,5,10
" 02","MACARENA","VALENCIA","ESPAÑOLES",7,3,10
" 02","MACARENA","VALENCIA","EXTRANJEROS",1,9,10
" 02","MACARENA","VALENCIA","TOTAL POBLACION",8,12,20
" 02","MACARENA","VALLADOLID","ESPAÑOLES",1,2,3
" 02","MACARENA","VALLADOLID","EXTRANJEROS",3,6,9
" 02","MACARENA","VALLADOLID","TOTAL POBLACION",4,8,12
" 02","MACARENA","ZARAGOZA","ESPAÑOLES",5,3,8
" 02","MACARENA","ZARAGOZA","EXTRANJEROS",5,3,8
" 02","MACARENA","ZARAGOZA","TOTAL POBLACION",10,6,16
" 03","NERVION","- TODOS -","ESPAÑOLES",515,533,1048
" 03","NERVION","- TODOS -","EXTRANJEROS",48,71,119
" 03","NERVION","- TODOS -","TOTAL POBLACION",563,604,1167
" 03","NERVION","ALICANTE","ESPAÑOLES",2,5,7
" 03","NERVION","ALICANTE","EXTRANJEROS",0,1,1
" 03","NERVION","ALICANTE","TOTAL POBLACION",2,6,8
" 03","NERVION","ALMERIA","ESPAÑOLES",4,5,9
" 03","NERVION","ALMERIA","TOTAL POBLACION",4,5,9
" 03","NERVION","ARABA/ALAVA","ESPAÑOLES",1,1,2
" 03","NERVION","ARABA/ALAVA","TOTAL POBLACION",1,1,2
" 03","NERVION","ASTURIAS","ESPAÑOLES",0,1,1
" 03","NERVION","ASTURIAS","EXTRANJEROS",1,0,1
" 03","NERVION","ASTURIAS","TOTAL POBLACION",1,1,2
" 03","NERVION","BADAJOZ","ESPAÑOLES",9,4,13
" 03","NERVION","BADAJOZ","EXTRANJEROS",1,2,3
" 03","NERVION","BADAJOZ","TOTAL POBLACION",10,6,16
" 03","NERVION","BALEARES","ESPAÑOLES",15,14,29
" 03","NERVION","BALEARES","EXTRANJEROS",1,2,3
" 03","NERVION","BALEARES","TOTAL POBLACION",16,16,32
" 03","NERVION","BARCELONA","ESPAÑOLES",12,17,29
" 03","NERVION","BARCELONA","EXTRANJEROS",1,3,4
" 03","NERVION","BARCELONA","TOTAL POBLACION",13,20,33
" 03","NERVION","BIZKAIA","ESPAÑOLES",1,3,4
" 03","NERVION","BIZKAIA","EXTRANJEROS",0,2,2
" 03","NERVION","BIZKAIA","TOTAL POBLACION",1,5,6
" 03","NERVION","BURGOS","ESPAÑOLES",0,1,1
" 03","NERVION","BURGOS","TOTAL POBLACION",0,1,1
" 03","NERVION","CACERES","ESPAÑOLES",4,5,9
" 03","NERVION","CACERES","TOTAL POBLACION",4,5,9
" 03","NERVION","CADIZ","ESPAÑOLES",33,43,76
" 03","NERVION","CADIZ","TOTAL POBLACION",33,43,76
" 03","NERVION","CANTABRIA","EXTRANJEROS",1,0,1
" 03","NERVION","CANTABRIA","TOTAL POBLACION",1,0,1
" 03","NERVION","CASTELLON","ESPAÑOLES",1,2,3
" 03","NERVION","CASTELLON","TOTAL POBLACION",1,2,3
" 03","NERVION","CEUTA","ESPAÑOLES",2,1,3
" 03","NERVION","CEUTA","TOTAL POBLACION",2,1,3
" 03","NERVION","CIUDAD REAL","ESPAÑOLES",2,0,2
" 03","NERVION","CIUDAD REAL","TOTAL POBLACION",2,0,2
" 03","NERVION","CORDOBA","ESPAÑOLES",8,5,13
" 03","NERVION","CORDOBA","EXTRANJEROS",1,1,2
" 03","NERVION","CORDOBA","TOTAL POBLACION",9,6,15
" 03","NERVION","EXTRAJERO","ESPAÑOLES",43,35,78
" 03","NERVION","EXTRAJERO","EXTRANJEROS",0,11,11
" 03","NERVION","EXTRAJERO","TOTAL POBLACION",43,46,89
" 03","NERVION","GERONA","ESPAÑOLES",0,1,1
" 03","NERVION","GERONA","TOTAL POBLACION",0,1,1
" 03","NERVION","GIPUZKOA","ESPAÑOLES",0,3,3
" 03","NERVION","GIPUZKOA","TOTAL POBLACION",0,3,3
" 03","NERVION","GRANADA","ESPAÑOLES",6,5,11
" 03","NERVION","GRANADA","EXTRANJEROS",0,1,1
" 03","NERVION","GRANADA","TOTAL POBLACION",6,6,12
" 03","NERVION","GUADALAJARA","ESPAÑOLES",1,0,1
" 03","NERVION","GUADALAJARA","TOTAL POBLACION",1,0,1
" 03","NERVION","HUELVA","ESPAÑOLES",21,18,39
" 03","NERVION","HUELVA","EXTRANJEROS",2,1,3
" 03","NERVION","HUELVA","TOTAL POBLACION",23,19,42
" 03","NERVION","HUESCA","EXTRANJEROS",1,0,1
" 03","NERVION","HUESCA","TOTAL POBLACION",1,0,1
" 03","NERVION","JAEN","ESPAÑOLES",6,6,12
" 03","NERVION","JAEN","EXTRANJEROS",1,0,1
" 03","NERVION","JAEN","TOTAL POBLACION",7,6,13
" 03","NERVION","LA CORUÑA","ESPAÑOLES",2,0,2
" 03","NERVION","LA CORUÑA","TOTAL POBLACION",2,0,2
" 03","NERVION","LA RIOJA","ESPAÑOLES",0,2,2
" 03","NERVION","LA RIOJA","TOTAL POBLACION",0,2,2
" 03","NERVION","LAS PALMAS","ESPAÑOLES",10,9,19
" 03","NERVION","LAS PALMAS","EXTRANJEROS",1,1,2
" 03","NERVION","LAS PALMAS","TOTAL POBLACION",11,10,21
" 03","NERVION","LEON","ESPAÑOLES",2,1,3
" 03","NERVION","LEON","TOTAL POBLACION",2,1,3
" 03","NERVION","LLEIDA","ESPAÑOLES",1,0,1
" 03","NERVION","LLEIDA","EXTRANJEROS",1,0,1
" 03","NERVION","LLEIDA","TOTAL POBLACION",2,0,2
" 03","NERVION","MADRID","ESPAÑOLES",73,69,142
" 03","NERVION","MADRID","EXTRANJEROS",15,16,31
" 03","NERVION","MADRID","TOTAL POBLACION",88,85,173
" 03","NERVION","MALAGA","ESPAÑOLES",16,15,31
" 03","NERVION","MALAGA","EXTRANJEROS",5,4,9
" 03","NERVION","MALAGA","TOTAL POBLACION",21,19,40
" 03","NERVION","MURCIA","ESPAÑOLES",4,3,7
" 03","NERVION","MURCIA","EXTRANJEROS",0,1,1
" 03","NERVION","MURCIA","TOTAL POBLACION",4,4,8
" 03","NERVION","NAVARRA","ESPAÑOLES",1,2,3
" 03","NERVION","NAVARRA","EXTRANJEROS",0,1,1
" 03","NERVION","NAVARRA","TOTAL POBLACION",1,3,4
" 03","NERVION","PONTEVEDRA","ESPAÑOLES",0,2,2
" 03","NERVION","PONTEVEDRA","TOTAL POBLACION",0,2,2
" 03","NERVION","SALAMANCA","ESPAÑOLES",1,0,1
" 03","NERVION","SALAMANCA","EXTRANJEROS",0,1,1
" 03","NERVION","SALAMANCA","TOTAL POBLACION",1,1,2
" 03","NERVION","SANTA CRUZ DE TENERIFE","ESPAÑOLES",13,8,21
" 03","NERVION","SANTA CRUZ DE TENERIFE","EXTRANJEROS",2,2,4
" 03","NERVION","SANTA CRUZ DE TENERIFE","TOTAL POBLACION",15,10,25
" 03","NERVION","SEVILLA","ESPAÑOLES",209,232,441
" 03","NERVION","SEVILLA","EXTRANJEROS",13,21,34
" 03","NERVION","SEVILLA","TOTAL POBLACION",222,253,475
" 03","NERVION","SORIA","ESPAÑOLES",1,0,1
" 03","NERVION","SORIA","TOTAL POBLACION",1,0,1
" 03","NERVION","TARRAGONA","ESPAÑOLES",0,1,1
" 03","NERVION","TARRAGONA","EXTRANJEROS",1,0,1
" 03","NERVION","TARRAGONA","TOTAL POBLACION",1,1,2
" 03","NERVION","TOLEDO","ESPAÑOLES",1,1,2
" 03","NERVION","TOLEDO","TOTAL POBLACION",1,1,2
" 03","NERVION","VALENCIA","ESPAÑOLES",8,10,18
" 03","NERVION","VALENCIA","TOTAL POBLACION",8,10,18
" 03","NERVION","VALLADOLID","ESPAÑOLES",1,2,3
" 03","NERVION","VALLADOLID","TOTAL POBLACION",1,2,3
" 03","NERVION","ZARAGOZA","ESPAÑOLES",1,1,2
" 03","NERVION","ZARAGOZA","TOTAL POBLACION",1,1,2
" 04","CERRO-AMATE","- TODOS -","ESPAÑOLES",815,801,1616
" 04","CERRO-AMATE","- TODOS -","EXTRANJEROS",212,254,466
" 04","CERRO-AMATE","- TODOS -","NO CONSTA",1,1,2
" 04","CERRO-AMATE","- TODOS -","TOTAL POBLACION",1028,1056,2084
" 04","CERRO-AMATE","ALBACETE","EXTRANJEROS",2,0,2
" 04","CERRO-AMATE","ALBACETE","TOTAL POBLACION",2,0,2
" 04","CERRO-AMATE","ALICANTE","ESPAÑOLES",5,5,10
" 04","CERRO-AMATE","ALICANTE","EXTRANJEROS",8,14,22
" 04","CERRO-AMATE","ALICANTE","TOTAL POBLACION",13,19,32
" 04","CERRO-AMATE","ALMERIA","ESPAÑOLES",8,11,19
" 04","CERRO-AMATE","ALMERIA","EXTRANJEROS",1,1,2
" 04","CERRO-AMATE","ALMERIA","TOTAL POBLACION",9,12,21
" 04","CERRO-AMATE","ARABA/ALAVA","ESPAÑOLES",0,1,1
" 04","CERRO-AMATE","ARABA/ALAVA","EXTRANJEROS",0,1,1
" 04","CERRO-AMATE","ARABA/ALAVA","TOTAL POBLACION",0,2,2
" 04","CERRO-AMATE","ASTURIAS","ESPAÑOLES",5,3,8
" 04","CERRO-AMATE","ASTURIAS","TOTAL POBLACION",5,3,8
" 04","CERRO-AMATE","AVILA","EXTRANJEROS",1,0,1
" 04","CERRO-AMATE","AVILA","TOTAL POBLACION",1,0,1
" 04","CERRO-AMATE","BADAJOZ","ESPAÑOLES",10,7,17
" 04","CERRO-AMATE","BADAJOZ","EXTRANJEROS",2,2,4
" 04","CERRO-AMATE","BADAJOZ","TOTAL POBLACION",12,9,21
" 04","CERRO-AMATE","BALEARES","ESPAÑOLES",20,19,39
" 04","CERRO-AMATE","BALEARES","EXTRANJEROS",6,8,14
" 04","CERRO-AMATE","BALEARES","NO CONSTA",1,0,1
" 04","CERRO-AMATE","BALEARES","TOTAL POBLACION",27,27,54
" 04","CERRO-AMATE","BARCELONA","ESPAÑOLES",13,14,27
" 04","CERRO-AMATE","BARCELONA","EXTRANJEROS",7,12,19
" 04","CERRO-AMATE","BARCELONA","TOTAL POBLACION",20,26,46
" 04","CERRO-AMATE","BIZKAIA","ESPAÑOLES",3,2,5
" 04","CERRO-AMATE","BIZKAIA","EXTRANJEROS",2,0,2
" 04","CERRO-AMATE","BIZKAIA","TOTAL POBLACION",5,2,7
" 04","CERRO-AMATE","BURGOS","EXTRANJEROS",2,1,3
" 04","CERRO-AMATE","BURGOS","TOTAL POBLACION",2,1,3
" 04","CERRO-AMATE","CACERES","EXTRANJEROS",3,2,5
" 04","CERRO-AMATE","CACERES","TOTAL POBLACION",3,2,5
" 04","CERRO-AMATE","CADIZ","ESPAÑOLES",38,33,71
" 04","CERRO-AMATE","CADIZ","EXTRANJEROS",11,8,19
" 04","CERRO-AMATE","CADIZ","TOTAL POBLACION",49,41,90
" 04","CERRO-AMATE","CANTABRIA","ESPAÑOLES",2,2,4
" 04","CERRO-AMATE","CANTABRIA","EXTRANJEROS",0,3,3
" 04","CERRO-AMATE","CANTABRIA","TOTAL POBLACION",2,5,7
" 04","CERRO-AMATE","CASTELLON","ESPAÑOLES",1,0,1
" 04","CERRO-AMATE","CASTELLON","EXTRANJEROS",3,0,3
" 04","CERRO-AMATE","CASTELLON","TOTAL POBLACION",4,0,4
" 04","CERRO-AMATE","CEUTA","ESPAÑOLES",2,1,3
" 04","CERRO-AMATE","CEUTA","TOTAL POBLACION",2,1,3
" 04","CERRO-AMATE","CIUDAD REAL","ESPAÑOLES",3,8,11
" 04","CERRO-AMATE","CIUDAD REAL","EXTRANJEROS",2,2,4
" 04","CERRO-AMATE","CIUDAD REAL","TOTAL POBLACION",5,10,15
" 04","CERRO-AMATE","CORDOBA","ESPAÑOLES",10,8,18
" 04","CERRO-AMATE","CORDOBA","EXTRANJEROS",6,4,10
" 04","CERRO-AMATE","CORDOBA","TOTAL POBLACION",16,12,28
" 04","CERRO-AMATE","EXTRAJERO","ESPAÑOLES",50,44,94
" 04","CERRO-AMATE","EXTRAJERO","EXTRANJEROS",9,7,16
" 04","CERRO-AMATE","EXTRAJERO","TOTAL POBLACION",59,51,110
" 04","CERRO-AMATE","GERONA","ESPAÑOLES",2,2,4
" 04","CERRO-AMATE","GERONA","EXTRANJEROS",3,0,3
" 04","CERRO-AMATE","GERONA","TOTAL POBLACION",5,2,7
" 04","CERRO-AMATE","GIPUZKOA","ESPAÑOLES",2,2,4
" 04","CERRO-AMATE","GIPUZKOA","EXTRANJEROS",3,3,6
" 04","CERRO-AMATE","GIPUZKOA","TOTAL POBLACION",5,5,10
" 04","CERRO-AMATE","GRANADA","ESPAÑOLES",10,6,16
" 04","CERRO-AMATE","GRANADA","EXTRANJEROS",9,4,13
" 04","CERRO-AMATE","GRANADA","TOTAL POBLACION",19,10,29
" 04","CERRO-AMATE","GUADALAJARA","ESPAÑOLES",0,1,1
" 04","CERRO-AMATE","GUADALAJARA","TOTAL POBLACION",0,1,1
" 04","CERRO-AMATE","HUELVA","ESPAÑOLES",33,32,65
" 04","CERRO-AMATE","HUELVA","EXTRANJEROS",18,20,38
" 04","CERRO-AMATE","HUELVA","TOTAL POBLACION",51,52,103
" 04","CERRO-AMATE","HUESCA","ESPAÑOLES",2,3,5
" 04","CERRO-AMATE","HUESCA","EXTRANJEROS",2,4,6
" 04","CERRO-AMATE","HUESCA","TOTAL POBLACION",4,7,11
" 04","CERRO-AMATE","JAEN","ESPAÑOLES",3,6,9
" 04","CERRO-AMATE","JAEN","EXTRANJEROS",2,4,6
" 04","CERRO-AMATE","JAEN","TOTAL POBLACION",5,10,15
" 04","CERRO-AMATE","LA CORUÑA","ESPAÑOLES",2,2,4
" 04","CERRO-AMATE","LA CORUÑA","EXTRANJEROS",1,1,2
" 04","CERRO-AMATE","LA CORUÑA","TOTAL POBLACION",3,3,6
" 04","CERRO-AMATE","LA RIOJA","ESPAÑOLES",0,1,1
" 04","CERRO-AMATE","LA RIOJA","EXTRANJEROS",2,0,2
" 04","CERRO-AMATE","LA RIOJA","TOTAL POBLACION",2,1,3
" 04","CERRO-AMATE","LAS PALMAS","ESPAÑOLES",17,9,26
" 04","CERRO-AMATE","LAS PALMAS","EXTRANJEROS",2,4,6
" 04","CERRO-AMATE","LAS PALMAS","TOTAL POBLACION",19,13,32
" 04","CERRO-AMATE","LEON","ESPAÑOLES",1,0,1
" 04","CERRO-AMATE","LEON","TOTAL POBLACION",1,0,1
" 04","CERRO-AMATE","LLEIDA","ESPAÑOLES",1,0,1
" 04","CERRO-AMATE","LLEIDA","EXTRANJEROS",1,0,1
" 04","CERRO-AMATE","LLEIDA","TOTAL POBLACION",2,0,2
" 04","CERRO-AMATE","LUGO","ESPAÑOLES",1,2,3
" 04","CERRO-AMATE","LUGO","EXTRANJEROS",1,1,2
" 04","CERRO-AMATE","LUGO","TOTAL POBLACION",2,3,5
" 04","CERRO-AMATE","MADRID","ESPAÑOLES",30,46,76
" 04","CERRO-AMATE","MADRID","EXTRANJEROS",21,32,53
" 04","CERRO-AMATE","MADRID","TOTAL POBLACION",51,78,129
" 04","CERRO-AMATE","MALAGA","ESPAÑOLES",15,15,30
" 04","CERRO-AMATE","MALAGA","EXTRANJEROS",12,15,27
" 04","CERRO-AMATE","MALAGA","TOTAL POBLACION",27,30,57
" 04","CERRO-AMATE","MELILLA","ESPAÑOLES",1,1,2
" 04","CERRO-AMATE","MELILLA","TOTAL POBLACION",1,1,2
" 04","CERRO-AMATE","MURCIA","ESPAÑOLES",5,3,8
" 04","CERRO-AMATE","MURCIA","EXTRANJEROS",7,4,11
" 04","CERRO-AMATE","MURCIA","TOTAL POBLACION",12,7,19
" 04","CERRO-AMATE","NAVARRA","ESPAÑOLES",1,1,2
" 04","CERRO-AMATE","NAVARRA","EXTRANJEROS",0,1,1
" 04","CERRO-AMATE","NAVARRA","TOTAL POBLACION",1,2,3
" 04","CERRO-AMATE","ORENSE","ESPAÑOLES",1,0,1
" 04","CERRO-AMATE","ORENSE","TOTAL POBLACION",1,0,1
" 04","CERRO-AMATE","PONTEVEDRA","ESPAÑOLES",2,1,3
" 04","CERRO-AMATE","PONTEVEDRA","EXTRANJEROS",0,1,1
" 04","CERRO-AMATE","PONTEVEDRA","TOTAL POBLACION",2,2,4
" 04","CERRO-AMATE","SALAMANCA","ESPAÑOLES",1,3,4
" 04","CERRO-AMATE","SALAMANCA","TOTAL POBLACION",1,3,4
" 04","CERRO-AMATE","SANTA CRUZ DE TENERIFE","ESPAÑOLES",11,12,23
" 04","CERRO-AMATE","SANTA CRUZ DE TENERIFE","EXTRANJEROS",1,0,1
" 04","CERRO-AMATE","SANTA CRUZ DE TENERIFE","TOTAL POBLACION",12,12,24
" 04","CERRO-AMATE","SEVILLA","ESPAÑOLES",481,468,949
" 04","CERRO-AMATE","SEVILLA","EXTRANJEROS",47,72,119
" 04","CERRO-AMATE","SEVILLA","TOTAL POBLACION",528,540,1068
" 04","CERRO-AMATE","SORIA","ESPAÑOLES",1,1,2
" 04","CERRO-AMATE","SORIA","TOTAL POBLACION",1,1,2
" 04","CERRO-AMATE","TARRAGONA","ESPAÑOLES",3,7,10
" 04","CERRO-AMATE","TARRAGONA","EXTRANJEROS",2,2,4
" 04","CERRO-AMATE","TARRAGONA","TOTAL POBLACION",5,9,14
" 04","CERRO-AMATE","TERUEL","EXTRANJEROS",1,1,2
" 04","CERRO-AMATE","TERUEL","TOTAL POBLACION",1,1,2
" 04","CERRO-AMATE","TOLEDO","ESPAÑOLES",5,4,9
" 04","CERRO-AMATE","TOLEDO","EXTRANJEROS",3,4,7
" 04","CERRO-AMATE","TOLEDO","TOTAL POBLACION",8,8,16
" 04","CERRO-AMATE","VALENCIA","ESPAÑOLES",7,10,17
" 04","CERRO-AMATE","VALENCIA","EXTRANJEROS",6,13,19
" 04","CERRO-AMATE","VALENCIA","NO CONSTA",0,1,1
" 04","CERRO-AMATE","VALENCIA","TOTAL POBLACION",13,24,37
" 04","CERRO-AMATE","VALLADOLID","ESPAÑOLES",1,1,2
" 04","CERRO-AMATE","VALLADOLID","EXTRANJEROS",2,0,2
" 04","CERRO-AMATE","VALLADOLID","TOTAL POBLACION",3,1,4
" 04","CERRO-AMATE","ZARAGOZA","ESPAÑOLES",6,4,10
" 04","CERRO-AMATE","ZARAGOZA","EXTRANJEROS",1,3,4
" 04","CERRO-AMATE","ZARAGOZA","TOTAL POBLACION",7,7,14
" 05","SUR","- TODOS -","ESPAÑOLES",816,772,1588
" 05","SUR","- TODOS -","EXTRANJEROS",97,120,217
" 05","SUR","- TODOS -","NO CONSTA",0,1,1
" 05","SUR","- TODOS -","TOTAL POBLACION",913,893,1806
" 05","SUR","ALICANTE","ESPAÑOLES",3,9,12
" 05","SUR","ALICANTE","EXTRANJEROS",0,2,2
" 05","SUR","ALICANTE","TOTAL POBLACION",3,11,14
" 05","SUR","ALMERIA","ESPAÑOLES",3,6,9
" 05","SUR","ALMERIA","EXTRANJEROS",0,1,1
" 05","SUR","ALMERIA","TOTAL POBLACION",3,7,10
" 05","SUR","ARABA/ALAVA","ESPAÑOLES",1,0,1
" 05","SUR","ARABA/ALAVA","EXTRANJEROS",2,0,2
" 05","SUR","ARABA/ALAVA","TOTAL POBLACION",3,0,3
" 05","SUR","ASTURIAS","ESPAÑOLES",0,3,3
" 05","SUR","ASTURIAS","TOTAL POBLACION",0,3,3
" 05","SUR","BADAJOZ","ESPAÑOLES",12,15,27
" 05","SUR","BADAJOZ","EXTRANJEROS",3,6,9
" 05","SUR","BADAJOZ","TOTAL POBLACION",15,21,36
" 05","SUR","BALEARES","ESPAÑOLES",20,11,31
" 05","SUR","BALEARES","EXTRANJEROS",6,3,9
" 05","SUR","BALEARES","TOTAL POBLACION",26,14,40
" 05","SUR","BARCELONA","ESPAÑOLES",22,23,45
" 05","SUR","BARCELONA","EXTRANJEROS",7,3,10
" 05","SUR","BARCELONA","TOTAL POBLACION",29,26,55
" 05","SUR","BIZKAIA","ESPAÑOLES",3,4,7
" 05","SUR","BIZKAIA","EXTRANJEROS",1,2,3
" 05","SUR","BIZKAIA","TOTAL POBLACION",4,6,10
" 05","SUR","BURGOS","ESPAÑOLES",2,1,3
" 05","SUR","BURGOS","EXTRANJEROS",2,1,3
" 05","SUR","BURGOS","TOTAL POBLACION",4,2,6
" 05","SUR","CACERES","ESPAÑOLES",3,3,6
" 05","SUR","CACERES","TOTAL POBLACION",3,3,6
" 05","SUR","CADIZ","ESPAÑOLES",41,38,79
" 05","SUR","CADIZ","EXTRANJEROS",2,2,4
" 05","SUR","CADIZ","TOTAL POBLACION",43,40,83
" 05","SUR","CANTABRIA","ESPAÑOLES",2,3,5
" 05","SUR","CANTABRIA","TOTAL POBLACION",2,3,5
" 05","SUR","CEUTA","ESPAÑOLES",4,2,6
" 05","SUR","CEUTA","TOTAL POBLACION",4,2,6
" 05","SUR","CIUDAD REAL","ESPAÑOLES",2,2,4
" 05","SUR","CIUDAD REAL","TOTAL POBLACION",2,2,4
" 05","SUR","CORDOBA","ESPAÑOLES",13,18,31
" 05","SUR","CORDOBA","EXTRANJEROS",0,1,1
" 05","SUR","CORDOBA","TOTAL POBLACION",13,19,32
" 05","SUR","EXTRAJERO","ESPAÑOLES",59,42,101
" 05","SUR","EXTRAJERO","EXTRANJEROS",7,6,13
" 05","SUR","EXTRAJERO","TOTAL POBLACION",66,48,114
" 05","SUR","GERONA","ESPAÑOLES",5,1,6
" 05","SUR","GERONA","EXTRANJEROS",1,2,3
" 05","SUR","GERONA","TOTAL POBLACION",6,3,9
" 05","SUR","GIPUZKOA","ESPAÑOLES",0,2,2
" 05","SUR","GIPUZKOA","EXTRANJEROS",1,1,2
" 05","SUR","GIPUZKOA","TOTAL POBLACION",1,3,4
" 05","SUR","GRANADA","ESPAÑOLES",12,14,26
" 05","SUR","GRANADA","EXTRANJEROS",5,2,7
" 05","SUR","GRANADA","TOTAL POBLACION",17,16,33
" 05","SUR","GUADALAJARA","ESPAÑOLES",0,1,1
" 05","SUR","GUADALAJARA","TOTAL POBLACION",0,1,1
" 05","SUR","HUELVA","ESPAÑOLES",34,22,56
" 05","SUR","HUELVA","EXTRANJEROS",3,7,10
" 05","SUR","HUELVA","TOTAL POBLACION",37,29,66
" 05","SUR","HUESCA","ESPAÑOLES",1,0,1
" 05","SUR","HUESCA","TOTAL POBLACION",1,0,1
" 05","SUR","JAEN","ESPAÑOLES",4,7,11
" 05","SUR","JAEN","TOTAL POBLACION",4,7,11
" 05","SUR","LA RIOJA","ESPAÑOLES",1,1,2
" 05","SUR","LA RIOJA","TOTAL POBLACION",1,1,2
" 05","SUR","LAS PALMAS","ESPAÑOLES",19,19,38
" 05","SUR","LAS PALMAS","EXTRANJEROS",3,2,5
" 05","SUR","LAS PALMAS","TOTAL POBLACION",22,21,43
" 05","SUR","LEON","ESPAÑOLES",0,5,5
" 05","SUR","LEON","TOTAL POBLACION",0,5,5
" 05","SUR","LLEIDA","ESPAÑOLES",4,1,5
" 05","SUR","LLEIDA","TOTAL POBLACION",4,1,5
" 05","SUR","MADRID","ESPAÑOLES",98,71,169
" 05","SUR","MADRID","EXTRANJEROS",10,12,22
" 05","SUR","MADRID","TOTAL POBLACION",108,83,191
" 05","SUR","MALAGA","ESPAÑOLES",21,28,49
" 05","SUR","MALAGA","EXTRANJEROS",5,7,12
" 05","SUR","MALAGA","TOTAL POBLACION",26,35,61
" 05","SUR","MELILLA","ESPAÑOLES",3,2,5
" 05","SUR","MELILLA","TOTAL POBLACION",3,2,5
" 05","SUR","MURCIA","ESPAÑOLES",2,4,6
" 05","SUR","MURCIA","EXTRANJEROS",2,3,5
" 05","SUR","MURCIA","TOTAL POBLACION",4,7,11
" 05","SUR","NAVARRA","ESPAÑOLES",3,1,4
" 05","SUR","NAVARRA","EXTRANJEROS",1,1,2
" 05","SUR","NAVARRA","TOTAL POBLACION",4,2,6
" 05","SUR","ORENSE","ESPAÑOLES",2,1,3
" 05","SUR","ORENSE","TOTAL POBLACION",2,1,3
" 05","SUR","PONTEVEDRA","ESPAÑOLES",0,2,2
" 05","SUR","PONTEVEDRA","TOTAL POBLACION",0,2,2
" 05","SUR","SALAMANCA","ESPAÑOLES",3,3,6
" 05","SUR","SALAMANCA","TOTAL POBLACION",3,3,6
" 05","SUR","SANTA CRUZ DE TENERIFE","ESPAÑOLES",10,4,14
" 05","SUR","SANTA CRUZ DE TENERIFE","EXTRANJEROS",2,0,2
" 05","SUR","SANTA CRUZ DE TENERIFE","TOTAL POBLACION",12,4,16
" 05","SUR","SEVILLA","ESPAÑOLES",371,379,750
" 05","SUR","SEVILLA","EXTRANJEROS",26,48,74
" 05","SUR","SEVILLA","NO CONSTA",0,1,1
" 05","SUR","SEVILLA","TOTAL POBLACION",397,428,825
" 05","SUR","SORIA","ESPAÑOLES",2,1,3
" 05","SUR","SORIA","TOTAL POBLACION",2,1,3
" 05","SUR","TARRAGONA","ESPAÑOLES",3,4,7
" 05","SUR","TARRAGONA","EXTRANJEROS",1,0,1
" 05","SUR","TARRAGONA","TOTAL POBLACION",4,4,8
" 05","SUR","TOLEDO","ESPAÑOLES",8,6,14
" 05","SUR","TOLEDO","EXTRANJEROS",0,1,1
" 05","SUR","TOLEDO","TOTAL POBLACION",8,7,15
" 05","SUR","VALENCIA","ESPAÑOLES",10,7,17
" 05","SUR","VALENCIA","EXTRANJEROS",6,6,12
" 05","SUR","VALENCIA","TOTAL POBLACION",16,13,29
" 05","SUR","VALLADOLID","ESPAÑOLES",4,3,7
" 05","SUR","VALLADOLID","TOTAL POBLACION",4,3,7
" 05","SUR","ZAMORA","ESPAÑOLES",1,0,1
" 05","SUR","ZAMORA","TOTAL POBLACION",1,0,1
" 05","SUR","ZARAGOZA","ESPAÑOLES",5,3,8
" 05","SUR","ZARAGOZA","EXTRANJEROS",1,1,2
" 05","SUR","ZARAGOZA","TOTAL POBLACION",6,4,10
" 06","TRIANA","- TODOS -","ESPAÑOLES",582,631,1213
" 06","TRIANA","- TODOS -","EXTRANJEROS",68,84,152
" 06","TRIANA","- TODOS -","NO CONSTA",0,1,1
" 06","TRIANA","- TODOS -","TOTAL POBLACION",650,716,1366
" 06","TRIANA","ALICANTE","ESPAÑOLES",3,3,6
" 06","TRIANA","ALICANTE","EXTRANJEROS",0,1,1
" 06","TRIANA","ALICANTE","TOTAL POBLACION",3,4,7
" 06","TRIANA","ALMERIA","ESPAÑOLES",5,7,12
" 06","TRIANA","ALMERIA","TOTAL POBLACION",5,7,12
" 06","TRIANA","ASTURIAS","ESPAÑOLES",1,0,1
" 06","TRIANA","ASTURIAS","TOTAL POBLACION",1,0,1
" 06","TRIANA","BADAJOZ","ESPAÑOLES",10,13,23
" 06","TRIANA","BADAJOZ","EXTRANJEROS",0,1,1
" 06","TRIANA","BADAJOZ","TOTAL POBLACION",10,14,24
" 06","TRIANA","BALEARES","ESPAÑOLES",18,11,29
" 06","TRIANA","BALEARES","EXTRANJEROS",4,4,8
" 06","TRIANA","BALEARES","TOTAL POBLACION",22,15,37
" 06","TRIANA","BARCELONA","ESPAÑOLES",17,11,28
" 06","TRIANA","BARCELONA","EXTRANJEROS",6,7,13
" 06","TRIANA","BARCELONA","TOTAL POBLACION",23,18,41
" 06","TRIANA","BURGOS","ESPAÑOLES",3,1,4
" 06","TRIANA","BURGOS","TOTAL POBLACION",3,1,4
" 06","TRIANA","CACERES","ESPAÑOLES",1,1,2
" 06","TRIANA","CACERES","TOTAL POBLACION",1,1,2
" 06","TRIANA","CADIZ","ESPAÑOLES",20,29,49
" 06","TRIANA","CADIZ","EXTRANJEROS",1,1,2
" 06","TRIANA","CADIZ","TOTAL POBLACION",21,30,51
" 06","TRIANA","CANTABRIA","ESPAÑOLES",1,2,3
" 06","TRIANA","CANTABRIA","TOTAL POBLACION",1,2,3
" 06","TRIANA","CASTELLON","ESPAÑOLES",0,2,2
" 06","TRIANA","CASTELLON","TOTAL POBLACION",0,2,2
" 06","TRIANA","CEUTA","ESPAÑOLES",2,2,4
" 06","TRIANA","CEUTA","TOTAL POBLACION",2,2,4
" 06","TRIANA","CIUDAD REAL","ESPAÑOLES",0,2,2
" 06","TRIANA","CIUDAD REAL","EXTRANJEROS",0,1,1
" 06","TRIANA","CIUDAD REAL","TOTAL POBLACION",0,3,3
" 06","TRIANA","CORDOBA","ESPAÑOLES",7,5,12
" 06","TRIANA","CORDOBA","EXTRANJEROS",0,1,1
" 06","TRIANA","CORDOBA","TOTAL POBLACION",7,6,13
" 06","TRIANA","EXTRAJERO","ESPAÑOLES",34,37,71
" 06","TRIANA","EXTRAJERO","EXTRANJEROS",4,3,7
" 06","TRIANA","EXTRAJERO","TOTAL POBLACION",38,40,78
" 06","TRIANA","GERONA","ESPAÑOLES",2,1,3
" 06","TRIANA","GERONA","EXTRANJEROS",0,2,2
" 06","TRIANA","GERONA","TOTAL POBLACION",2,3,5
" 06","TRIANA","GIPUZKOA","EXTRANJEROS",0,1,1
" 06","TRIANA","GIPUZKOA","TOTAL POBLACION",0,1,1
" 06","TRIANA","GRANADA","ESPAÑOLES",7,4,11
" 06","TRIANA","GRANADA","EXTRANJEROS",2,3,5
" 06","TRIANA","GRANADA","TOTAL POBLACION",9,7,16
" 06","TRIANA","HUELVA","ESPAÑOLES",21,32,53
" 06","TRIANA","HUELVA","EXTRANJEROS",0,2,2
" 06","TRIANA","HUELVA","TOTAL POBLACION",21,34,55
" 06","TRIANA","HUESCA","ESPAÑOLES",1,0,1
" 06","TRIANA","HUESCA","TOTAL POBLACION",1,0,1
" 06","TRIANA","JAEN","ESPAÑOLES",5,7,12
" 06","TRIANA","JAEN","TOTAL POBLACION",5,7,12
" 06","TRIANA","LA CORUÑA","ESPAÑOLES",1,4,5
" 06","TRIANA","LA CORUÑA","TOTAL POBLACION",1,4,5
" 06","TRIANA","LA RIOJA","ESPAÑOLES",1,2,3
" 06","TRIANA","LA RIOJA","TOTAL POBLACION",1,2,3
" 06","TRIANA","LAS PALMAS","ESPAÑOLES",5,8,13
" 06","TRIANA","LAS PALMAS","EXTRANJEROS",0,1,1
" 06","TRIANA","LAS PALMAS","TOTAL POBLACION",5,9,14
" 06","TRIANA","LEON","ESPAÑOLES",1,0,1
" 06","TRIANA","LEON","TOTAL POBLACION",1,0,1
" 06","TRIANA","LLEIDA","ESPAÑOLES",0,1,1
" 06","TRIANA","LLEIDA","EXTRANJEROS",1,0,1
" 06","TRIANA","LLEIDA","TOTAL POBLACION",1,1,2
" 06","TRIANA","LUGO","EXTRANJEROS",1,2,3
" 06","TRIANA","LUGO","TOTAL POBLACION",1,2,3
" 06","TRIANA","MADRID","ESPAÑOLES",41,56,97
" 06","TRIANA","MADRID","EXTRANJEROS",7,9,16
" 06","TRIANA","MADRID","TOTAL POBLACION",48,65,113
" 06","TRIANA","MALAGA","ESPAÑOLES",8,13,21
" 06","TRIANA","MALAGA","EXTRANJEROS",3,4,7
" 06","TRIANA","MALAGA","TOTAL POBLACION",11,17,28
" 06","TRIANA","MELILLA","ESPAÑOLES",0,1,1
" 06","TRIANA","MELILLA","TOTAL POBLACION",0,1,1
" 06","TRIANA","MURCIA","ESPAÑOLES",1,1,2
" 06","TRIANA","MURCIA","TOTAL POBLACION",1,1,2
" 06","TRIANA","NAVARRA","ESPAÑOLES",1,0,1
" 06","TRIANA","NAVARRA","EXTRANJEROS",1,1,2
" 06","TRIANA","NAVARRA","TOTAL POBLACION",2,1,3
" 06","TRIANA","ORENSE","ESPAÑOLES",4,4,8
" 06","TRIANA","ORENSE","TOTAL POBLACION",4,4,8
" 06","TRIANA","PONTEVEDRA","ESPAÑOLES",2,4,6
" 06","TRIANA","PONTEVEDRA","TOTAL POBLACION",2,4,6
" 06","TRIANA","SALAMANCA","ESPAÑOLES",0,1,1
" 06","TRIANA","SALAMANCA","TOTAL POBLACION",0,1,1
" 06","TRIANA","SANTA CRUZ DE TENERIFE","ESPAÑOLES",5,6,11
" 06","TRIANA","SANTA CRUZ DE TENERIFE","TOTAL POBLACION",5,6,11
" 06","TRIANA","SEVILLA","ESPAÑOLES",344,352,696
" 06","TRIANA","SEVILLA","EXTRANJEROS",33,36,69
" 06","TRIANA","SEVILLA","NO CONSTA",0,1,1
" 06","TRIANA","SEVILLA","TOTAL POBLACION",377,389,766
" 06","TRIANA","TARRAGONA","ESPAÑOLES",1,0,1
" 06","TRIANA","TARRAGONA","EXTRANJEROS",1,2,3
" 06","TRIANA","TARRAGONA","TOTAL POBLACION",2,2,4
" 06","TRIANA","TOLEDO","ESPAÑOLES",1,1,2
" 06","TRIANA","TOLEDO","EXTRANJEROS",0,1,1
" 06","TRIANA","TOLEDO","TOTAL POBLACION",1,2,3
" 06","TRIANA","VALENCIA","ESPAÑOLES",6,5,11
" 06","TRIANA","VALENCIA","EXTRANJEROS",1,1,2
" 06","TRIANA","VALENCIA","TOTAL POBLACION",7,6,13
" 06","TRIANA","VALLADOLID","ESPAÑOLES",0,2,2
" 06","TRIANA","VALLADOLID","TOTAL POBLACION",0,2,2
" 06","TRIANA","ZARAGOZA","ESPAÑOLES",2,0,2
" 06","TRIANA","ZARAGOZA","EXTRANJEROS",3,0,3
" 06","TRIANA","ZARAGOZA","TOTAL POBLACION",5,0,5
" 07","NORTE","- TODOS -","ESPAÑOLES",709,696,1405
" 07","NORTE","- TODOS -","EXTRANJEROS",82,81,163
" 07","NORTE","- TODOS -","TOTAL POBLACION",791,777,1568
" 07","NORTE","ALBACETE","ESPAÑOLES",0,1,1
" 07","NORTE","ALBACETE","TOTAL POBLACION",0,1,1
" 07","NORTE","ALICANTE","ESPAÑOLES",5,7,12
" 07","NORTE","ALICANTE","EXTRANJEROS",3,4,7
" 07","NORTE","ALICANTE","TOTAL POBLACION",8,11,19
" 07","NORTE","ALMERIA","ESPAÑOLES",4,4,8
" 07","NORTE","ALMERIA","EXTRANJEROS",1,0,1
" 07","NORTE","ALMERIA","TOTAL POBLACION",5,4,9
" 07","NORTE","ARABA/ALAVA","ESPAÑOLES",1,0,1
" 07","NORTE","ARABA/ALAVA","TOTAL POBLACION",1,0,1
" 07","NORTE","ASTURIAS","ESPAÑOLES",2,2,4
" 07","NORTE","ASTURIAS","EXTRANJEROS",1,0,1
" 07","NORTE","ASTURIAS","TOTAL POBLACION",3,2,5
" 07","NORTE","BADAJOZ","ESPAÑOLES",2,3,5
" 07","NORTE","BADAJOZ","EXTRANJEROS",0,1,1
" 07","NORTE","BADAJOZ","TOTAL POBLACION",2,4,6
" 07","NORTE","BALEARES","ESPAÑOLES",26,8,34
" 07","NORTE","BALEARES","EXTRANJEROS",5,3,8
" 07","NORTE","BALEARES","TOTAL POBLACION",31,11,42
" 07","NORTE","BARCELONA","ESPAÑOLES",13,18,31
" 07","NORTE","BARCELONA","EXTRANJEROS",9,4,13
" 07","NORTE","BARCELONA","TOTAL POBLACION",22,22,44
" 07","NORTE","BIZKAIA","ESPAÑOLES",1,3,4
" 07","NORTE","BIZKAIA","EXTRANJEROS",1,1,2
" 07","NORTE","BIZKAIA","TOTAL POBLACION",2,4,6
" 07","NORTE","CACERES","ESPAÑOLES",4,6,10
" 07","NORTE","CACERES","TOTAL POBLACION",4,6,10
" 07","NORTE","CADIZ","ESPAÑOLES",28,39,67
" 07","NORTE","CADIZ","EXTRANJEROS",3,6,9
" 07","NORTE","CADIZ","TOTAL POBLACION",31,45,76
" 07","NORTE","CANTABRIA","ESPAÑOLES",1,0,1
" 07","NORTE","CANTABRIA","TOTAL POBLACION",1,0,1
" 07","NORTE","CASTELLON","ESPAÑOLES",1,1,2
" 07","NORTE","CASTELLON","TOTAL POBLACION",1,1,2
" 07","NORTE","CEUTA","ESPAÑOLES",4,0,4
" 07","NORTE","CEUTA","TOTAL POBLACION",4,0,4
" 07","NORTE","CIUDAD REAL","ESPAÑOLES",1,0,1
" 07","NORTE","CIUDAD REAL","TOTAL POBLACION",1,0,1
" 07","NORTE","CORDOBA","ESPAÑOLES",6,5,11
" 07","NORTE","CORDOBA","TOTAL POBLACION",6,5,11
" 07","NORTE","EXTRAJERO","ESPAÑOLES",37,22,59
" 07","NORTE","EXTRAJERO","EXTRANJEROS",6,3,9
" 07","NORTE","EXTRAJERO","TOTAL POBLACION",43,25,68
" 07","NORTE","GERONA","ESPAÑOLES",3,5,8
" 07","NORTE","GERONA","EXTRANJEROS",1,2,3
" 07","NORTE","GERONA","TOTAL POBLACION",4,7,11
" 07","NORTE","GIPUZKOA","ESPAÑOLES",1,0,1
" 07","NORTE","GIPUZKOA","EXTRANJEROS",0,2,2
" 07","NORTE","GIPUZKOA","TOTAL POBLACION",1,2,3
" 07","NORTE","GRANADA","ESPAÑOLES",4,3,7
" 07","NORTE","GRANADA","EXTRANJEROS",5,2,7
" 07","NORTE","GRANADA","TOTAL POBLACION",9,5,14
" 07","NORTE","GUADALAJARA","ESPAÑOLES",1,0,1
" 07","NORTE","GUADALAJARA","TOTAL POBLACION",1,0,1
" 07","NORTE","HUELVA","ESPAÑOLES",18,27,45
" 07","NORTE","HUELVA","EXTRANJEROS",5,5,10
" 07","NORTE","HUELVA","TOTAL POBLACION",23,32,55
" 07","NORTE","JAEN","ESPAÑOLES",0,2,2
" 07","NORTE","JAEN","TOTAL POBLACION",0,2,2
" 07","NORTE","LA CORUÑA","ESPAÑOLES",1,2,3
" 07","NORTE","LA CORUÑA","EXTRANJEROS",1,0,1
" 07","NORTE","LA CORUÑA","TOTAL POBLACION",2,2,4
" 07","NORTE","LA RIOJA","ESPAÑOLES",0,1,1
" 07","NORTE","LA RIOJA","TOTAL POBLACION",0,1,1
" 07","NORTE","LAS PALMAS","ESPAÑOLES",15,9,24
" 07","NORTE","LAS PALMAS","EXTRANJEROS",2,2,4
" 07","NORTE","LAS PALMAS","TOTAL POBLACION",17,11,28
" 07","NORTE","LEON","ESPAÑOLES",1,0,1
" 07","NORTE","LEON","TOTAL POBLACION",1,0,1
" 07","NORTE","MADRID","ESPAÑOLES",34,33,67
" 07","NORTE","MADRID","EXTRANJEROS",6,5,11
" 07","NORTE","MADRID","TOTAL POBLACION",40,38,78
" 07","NORTE","MALAGA","ESPAÑOLES",14,14,28
" 07","NORTE","MALAGA","EXTRANJEROS",3,1,4
" 07","NORTE","MALAGA","TOTAL POBLACION",17,15,32
" 07","NORTE","MELILLA","ESPAÑOLES",2,0,2
" 07","NORTE","MELILLA","TOTAL POBLACION",2,0,2
" 07","NORTE","MURCIA","ESPAÑOLES",2,0,2
" 07","NORTE","MURCIA","EXTRANJEROS",0,1,1
" 07","NORTE","MURCIA","TOTAL POBLACION",2,1,3
" 07","NORTE","NAVARRA","ESPAÑOLES",4,2,6
" 07","NORTE","NAVARRA","TOTAL POBLACION",4,2,6
" 07","NORTE","PALENCIA","ESPAÑOLES",1,0,1
" 07","NORTE","PALENCIA","TOTAL POBLACION",1,0,1
" 07","NORTE","PONTEVEDRA","ESPAÑOLES",1,2,3
" 07","NORTE","PONTEVEDRA","TOTAL POBLACION",1,2,3
" 07","NORTE","SALAMANCA","ESPAÑOLES",1,1,2
" 07","NORTE","SALAMANCA","TOTAL POBLACION",1,1,2
" 07","NORTE","SANTA CRUZ DE TENERIFE","ESPAÑOLES",8,7,15
" 07","NORTE","SANTA CRUZ DE TENERIFE","EXTRANJEROS",0,1,1
" 07","NORTE","SANTA CRUZ DE TENERIFE","TOTAL POBLACION",8,8,16
" 07","NORTE","SEVILLA","ESPAÑOLES",451,456,907
" 07","NORTE","SEVILLA","EXTRANJEROS",29,37,66
" 07","NORTE","SEVILLA","TOTAL POBLACION",480,493,973
" 07","NORTE","SORIA","ESPAÑOLES",0,1,1
" 07","NORTE","SORIA","TOTAL POBLACION",0,1,1
" 07","NORTE","TARRAGONA","ESPAÑOLES",2,2,4
" 07","NORTE","TARRAGONA","TOTAL POBLACION",2,2,4
" 07","NORTE","TOLEDO","ESPAÑOLES",5,3,8
" 07","NORTE","TOLEDO","TOTAL POBLACION",5,3,8
" 07","NORTE","VALENCIA","ESPAÑOLES",4,4,8
" 07","NORTE","VALENCIA","EXTRANJEROS",0,1,1
" 07","NORTE","VALENCIA","TOTAL POBLACION",4,5,9
" 07","NORTE","VALLADOLID","ESPAÑOLES",0,1,1
" 07","NORTE","VALLADOLID","TOTAL POBLACION",0,1,1
" 07","NORTE","ZARAGOZA","ESPAÑOLES",0,2,2
" 07","NORTE","ZARAGOZA","EXTRANJEROS",1,0,1
" 07","NORTE","ZARAGOZA","TOTAL POBLACION",1,2,3
" 08","S. PABLO-STA. JUSTA","- TODOS -","ESPAÑOLES",560,579,1139
" 08","S. PABLO-STA. JUSTA","- TODOS -","EXTRANJEROS",64,62,126
" 08","S. PABLO-STA. JUSTA","- TODOS -","TOTAL POBLACION",624,641,1265
" 08","S. PABLO-STA. JUSTA","ALBACETE","ESPAÑOLES",0,1,1
" 08","S. PABLO-STA. JUSTA","ALBACETE","TOTAL POBLACION",0,1,1
" 08","S. PABLO-STA. JUSTA","ALICANTE","ESPAÑOLES",3,1,4
" 08","S. PABLO-STA. JUSTA","ALICANTE","EXTRANJEROS",2,3,5
" 08","S. PABLO-STA. JUSTA","ALICANTE","TOTAL POBLACION",5,4,9
" 08","S. PABLO-STA. JUSTA","ALMERIA","ESPAÑOLES",3,4,7
" 08","S. PABLO-STA. JUSTA","ALMERIA","EXTRANJEROS",1,1,2
" 08","S. PABLO-STA. JUSTA","ALMERIA","TOTAL POBLACION",4,5,9
" 08","S. PABLO-STA. JUSTA","ASTURIAS","ESPAÑOLES",2,1,3
" 08","S. PABLO-STA. JUSTA","ASTURIAS","EXTRANJEROS",0,1,1
" 08","S. PABLO-STA. JUSTA","ASTURIAS","TOTAL POBLACION",2,2,4
" 08","S. PABLO-STA. JUSTA","BADAJOZ","ESPAÑOLES",7,4,11
" 08","S. PABLO-STA. JUSTA","BADAJOZ","TOTAL POBLACION",7,4,11
" 08","S. PABLO-STA. JUSTA","BALEARES","ESPAÑOLES",25,19,44
" 08","S. PABLO-STA. JUSTA","BALEARES","EXTRANJEROS",3,2,5
" 08","S. PABLO-STA. JUSTA","BALEARES","TOTAL POBLACION",28,21,49
" 08","S. PABLO-STA. JUSTA","BARCELONA","ESPAÑOLES",20,15,35
" 08","S. PABLO-STA. JUSTA","BARCELONA","EXTRANJEROS",7,3,10
" 08","S. PABLO-STA. JUSTA","BARCELONA","TOTAL POBLACION",27,18,45
" 08","S. PABLO-STA. JUSTA","BIZKAIA","ESPAÑOLES",2,6,8
" 08","S. PABLO-STA. JUSTA","BIZKAIA","TOTAL POBLACION",2,6,8
" 08","S. PABLO-STA. JUSTA","CACERES","ESPAÑOLES",1,1,2
" 08","S. PABLO-STA. JUSTA","CACERES","TOTAL POBLACION",1,1,2
" 08","S. PABLO-STA. JUSTA","CADIZ","ESPAÑOLES",40,35,75
" 08","S. PABLO-STA. JUSTA","CADIZ","EXTRANJEROS",3,2,5
" 08","S. PABLO-STA. JUSTA","CADIZ","TOTAL POBLACION",43,37,80
" 08","S. PABLO-STA. JUSTA","CANTABRIA","ESPAÑOLES",1,1,2
" 08","S. PABLO-STA. JUSTA","CANTABRIA","EXTRANJEROS",1,0,1
" 08","S. PABLO-STA. JUSTA","CANTABRIA","TOTAL POBLACION",2,1,3
" 08","S. PABLO-STA. JUSTA","CASTELLON","ESPAÑOLES",0,1,1
" 08","S. PABLO-STA. JUSTA","CASTELLON","EXTRANJEROS",0,1,1
" 08","S. PABLO-STA. JUSTA","CASTELLON","TOTAL POBLACION",0,2,2
" 08","S. PABLO-STA. JUSTA","CEUTA","ESPAÑOLES",1,3,4
" 08","S. PABLO-STA. JUSTA","CEUTA","EXTRANJEROS",1,0,1
" 08","S. PABLO-STA. JUSTA","CEUTA","TOTAL POBLACION",2,3,5
" 08","S. PABLO-STA. JUSTA","CIUDAD REAL","ESPAÑOLES",1,4,5
" 08","S. PABLO-STA. JUSTA","CIUDAD REAL","EXTRANJEROS",0,1,1
" 08","S. PABLO-STA. JUSTA","CIUDAD REAL","TOTAL POBLACION",1,5,6
" 08","S. PABLO-STA. JUSTA","CORDOBA","ESPAÑOLES",10,11,21
" 08","S. PABLO-STA. JUSTA","CORDOBA","EXTRANJEROS",4,1,5
" 08","S. PABLO-STA. JUSTA","CORDOBA","TOTAL POBLACION",14,12,26
" 08","S. PABLO-STA. JUSTA","EXTRAJERO","ESPAÑOLES",32,38,70
" 08","S. PABLO-STA. JUSTA","EXTRAJERO","EXTRANJEROS",4,4,8
" 08","S. PABLO-STA. JUSTA","EXTRAJERO","TOTAL POBLACION",36,42,78
" 08","S. PABLO-STA. JUSTA","GERONA","ESPAÑOLES",2,1,3
" 08","S. PABLO-STA. JUSTA","GERONA","EXTRANJEROS",2,0,2
" 08","S. PABLO-STA. JUSTA","GERONA","TOTAL POBLACION",4,1,5
" 08","S. PABLO-STA. JUSTA","GIPUZKOA","ESPAÑOLES",0,1,1
" 08","S. PABLO-STA. JUSTA","GIPUZKOA","EXTRANJEROS",2,2,4
" 08","S. PABLO-STA. JUSTA","GIPUZKOA","TOTAL POBLACION",2,3,5
" 08","S. PABLO-STA. JUSTA","GRANADA","ESPAÑOLES",9,9,18
" 08","S. PABLO-STA. JUSTA","GRANADA","EXTRANJEROS",1,0,1
" 08","S. PABLO-STA. JUSTA","GRANADA","TOTAL POBLACION",10,9,19
" 08","S. PABLO-STA. JUSTA","GUADALAJARA","ESPAÑOLES",1,0,1
" 08","S. PABLO-STA. JUSTA","GUADALAJARA","EXTRANJEROS",0,1,1
" 08","S. PABLO-STA. JUSTA","GUADALAJARA","TOTAL POBLACION",1,1,2
" 08","S. PABLO-STA. JUSTA","HUELVA","ESPAÑOLES",31,37,68
" 08","S. PABLO-STA. JUSTA","HUELVA","EXTRANJEROS",1,6,7
" 08","S. PABLO-STA. JUSTA","HUELVA","TOTAL POBLACION",32,43,75
" 08","S. PABLO-STA. JUSTA","HUESCA","ESPAÑOLES",0,1,1
" 08","S. PABLO-STA. JUSTA","HUESCA","TOTAL POBLACION",0,1,1
" 08","S. PABLO-STA. JUSTA","JAEN","ESPAÑOLES",3,1,4
" 08","S. PABLO-STA. JUSTA","JAEN","TOTAL POBLACION",3,1,4
" 08","S. PABLO-STA. JUSTA","LA RIOJA","ESPAÑOLES",0,2,2
" 08","S. PABLO-STA. JUSTA","LA RIOJA","TOTAL POBLACION",0,2,2
" 08","S. PABLO-STA. JUSTA","LAS PALMAS","ESPAÑOLES",7,8,15
" 08","S. PABLO-STA. JUSTA","LAS PALMAS","TOTAL POBLACION",7,8,15
" 08","S. PABLO-STA. JUSTA","LEON","ESPAÑOLES",1,1,2
" 08","S. PABLO-STA. JUSTA","LEON","TOTAL POBLACION",1,1,2
" 08","S. PABLO-STA. JUSTA","LLEIDA","ESPAÑOLES",1,0,1
" 08","S. PABLO-STA. JUSTA","LLEIDA","TOTAL POBLACION",1,0,1
" 08","S. PABLO-STA. JUSTA","MADRID","ESPAÑOLES",54,59,113
" 08","S. PABLO-STA. JUSTA","MADRID","EXTRANJEROS",8,6,14
" 08","S. PABLO-STA. JUSTA","MADRID","TOTAL POBLACION",62,65,127
" 08","S. PABLO-STA. JUSTA","MALAGA","ESPAÑOLES",17,13,30
" 08","S. PABLO-STA. JUSTA","MALAGA","EXTRANJEROS",4,6,10
" 08","S. PABLO-STA. JUSTA","MALAGA","TOTAL POBLACION",21,19,40
" 08","S. PABLO-STA. JUSTA","MELILLA","ESPAÑOLES",2,0,2
" 08","S. PABLO-STA. JUSTA","MELILLA","TOTAL POBLACION",2,0,2
" 08","S. PABLO-STA. JUSTA","MURCIA","ESPAÑOLES",3,1,4
" 08","S. PABLO-STA. JUSTA","MURCIA","EXTRANJEROS",1,1,2
" 08","S. PABLO-STA. JUSTA","MURCIA","TOTAL POBLACION",4,2,6
" 08","S. PABLO-STA. JUSTA","NAVARRA","ESPAÑOLES",0,2,2
" 08","S. PABLO-STA. JUSTA","NAVARRA","EXTRANJEROS",1,0,1
" 08","S. PABLO-STA. JUSTA","NAVARRA","TOTAL POBLACION",1,2,3
" 08","S. PABLO-STA. JUSTA","PONTEVEDRA","ESPAÑOLES",1,2,3
" 08","S. PABLO-STA. JUSTA","PONTEVEDRA","TOTAL POBLACION",1,2,3
" 08","S. PABLO-STA. JUSTA","SANTA CRUZ DE TENERIFE","ESPAÑOLES",9,11,20
" 08","S. PABLO-STA. JUSTA","SANTA CRUZ DE TENERIFE","TOTAL POBLACION",9,11,20
" 08","S. PABLO-STA. JUSTA","SEGOVIA","ESPAÑOLES",0,1,1
" 08","S. PABLO-STA. JUSTA","SEGOVIA","TOTAL POBLACION",0,1,1
" 08","S. PABLO-STA. JUSTA","SEVILLA","ESPAÑOLES",262,273,535
" 08","S. PABLO-STA. JUSTA","SEVILLA","EXTRANJEROS",10,15,25
" 08","S. PABLO-STA. JUSTA","SEVILLA","TOTAL POBLACION",272,288,560
" 08","S. PABLO-STA. JUSTA","TARRAGONA","ESPAÑOLES",1,0,1
" 08","S. PABLO-STA. JUSTA","TARRAGONA","TOTAL POBLACION",1,0,1
" 08","S. PABLO-STA. JUSTA","TERUEL","ESPAÑOLES",1,0,1
" 08","S. PABLO-STA. JUSTA","TERUEL","EXTRANJEROS",0,1,1
" 08","S. PABLO-STA. JUSTA","TERUEL","TOTAL POBLACION",1,1,2
" 08","S. PABLO-STA. JUSTA","TOLEDO","ESPAÑOLES",1,4,5
" 08","S. PABLO-STA. JUSTA","TOLEDO","TOTAL POBLACION",1,4,5
" 08","S. PABLO-STA. JUSTA","VALENCIA","ESPAÑOLES",3,3,6
" 08","S. PABLO-STA. JUSTA","VALENCIA","EXTRANJEROS",4,4,8
" 08","S. PABLO-STA. JUSTA","VALENCIA","TOTAL POBLACION",7,7,14
" 08","S. PABLO-STA. JUSTA","VALLADOLID","ESPAÑOLES",0,1,1
" 08","S. PABLO-STA. JUSTA","VALLADOLID","TOTAL POBLACION",0,1,1
" 08","S. PABLO-STA. JUSTA","ZAMORA","ESPAÑOLES",1,1,2
" 08","S. PABLO-STA. JUSTA","ZAMORA","TOTAL POBLACION",1,1,2
" 08","S. PABLO-STA. JUSTA","ZARAGOZA","ESPAÑOLES",2,2,4
" 08","S. PABLO-STA. JUSTA","ZARAGOZA","EXTRANJEROS",4,1,5
" 08","S. PABLO-STA. JUSTA","ZARAGOZA","TOTAL POBLACION",6,3,9
" 09","ESTE","- TODOS -","ESPAÑOLES",953,965,1918
" 09","ESTE","- TODOS -","EXTRANJEROS",136,138,274
" 09","ESTE","- TODOS -","TOTAL POBLACION",1089,1103,2192
" 09","ESTE","ALICANTE","ESPAÑOLES",6,8,14
" 09","ESTE","ALICANTE","EXTRANJEROS",2,1,3
" 09","ESTE","ALICANTE","TOTAL POBLACION",8,9,17
" 09","ESTE","ALMERIA","ESPAÑOLES",4,1,5
" 09","ESTE","ALMERIA","EXTRANJEROS",0,1,1
" 09","ESTE","ALMERIA","TOTAL POBLACION",4,2,6
" 09","ESTE","ARABA/ALAVA","ESPAÑOLES",2,1,3
" 09","ESTE","ARABA/ALAVA","EXTRANJEROS",1,1,2
" 09","ESTE","ARABA/ALAVA","TOTAL POBLACION",3,2,5
" 09","ESTE","ASTURIAS","ESPAÑOLES",1,3,4
" 09","ESTE","ASTURIAS","EXTRANJEROS",1,0,1
" 09","ESTE","ASTURIAS","TOTAL POBLACION",2,3,5
" 09","ESTE","AVILA","ESPAÑOLES",2,3,5
" 09","ESTE","AVILA","EXTRANJEROS",1,0,1
" 09","ESTE","AVILA","TOTAL POBLACION",3,3,6
" 09","ESTE","BADAJOZ","ESPAÑOLES",8,8,16
" 09","ESTE","BADAJOZ","EXTRANJEROS",2,3,5
" 09","ESTE","BADAJOZ","TOTAL POBLACION",10,11,21
" 09","ESTE","BALEARES","ESPAÑOLES",36,41,77
" 09","ESTE","BALEARES","EXTRANJEROS",7,9,16
" 09","ESTE","BALEARES","TOTAL POBLACION",43,50,93
" 09","ESTE","BARCELONA","ESPAÑOLES",31,27,58
" 09","ESTE","BARCELONA","EXTRANJEROS",13,12,25
" 09","ESTE","BARCELONA","TOTAL POBLACION",44,39,83
" 09","ESTE","BIZKAIA","ESPAÑOLES",5,4,9
" 09","ESTE","BIZKAIA","EXTRANJEROS",1,3,4
" 09","ESTE","BIZKAIA","TOTAL POBLACION",6,7,13
" 09","ESTE","BURGOS","ESPAÑOLES",0,2,2
" 09","ESTE","BURGOS","EXTRANJEROS",1,0,1
" 09","ESTE","BURGOS","TOTAL POBLACION",1,2,3
" 09","ESTE","CACERES","ESPAÑOLES",4,8,12
" 09","ESTE","CACERES","TOTAL POBLACION",4,8,12
" 09","ESTE","CADIZ","ESPAÑOLES",45,62,107
" 09","ESTE","CADIZ","EXTRANJEROS",2,10,12
" 09","ESTE","CADIZ","TOTAL POBLACION",47,72,119
" 09","ESTE","CASTELLON","ESPAÑOLES",0,2,2
" 09","ESTE","CASTELLON","TOTAL POBLACION",0,2,2
" 09","ESTE","CEUTA","ESPAÑOLES",3,3,6
" 09","ESTE","CEUTA","TOTAL POBLACION",3,3,6
" 09","ESTE","CIUDAD REAL","ESPAÑOLES",3,1,4
" 09","ESTE","CIUDAD REAL","EXTRANJEROS",2,1,3
" 09","ESTE","CIUDAD REAL","TOTAL POBLACION",5,2,7
" 09","ESTE","CORDOBA","ESPAÑOLES",31,20,51
" 09","ESTE","CORDOBA","EXTRANJEROS",2,2,4
" 09","ESTE","CORDOBA","TOTAL POBLACION",33,22,55
" 09","ESTE","CUENCA","ESPAÑOLES",1,1,2
" 09","ESTE","CUENCA","TOTAL POBLACION",1,1,2
" 09","ESTE","EXTRAJERO","ESPAÑOLES",49,59,108
" 09","ESTE","EXTRAJERO","EXTRANJEROS",6,4,10
" 09","ESTE","EXTRAJERO","TOTAL POBLACION",55,63,118
" 09","ESTE","GERONA","ESPAÑOLES",3,0,3
" 09","ESTE","GERONA","EXTRANJEROS",2,0,2
" 09","ESTE","GERONA","TOTAL POBLACION",5,0,5
" 09","ESTE","GIPUZKOA","ESPAÑOLES",1,3,4
" 09","ESTE","GIPUZKOA","TOTAL POBLACION",1,3,4
" 09","ESTE","GRANADA","ESPAÑOLES",13,9,22
" 09","ESTE","GRANADA","EXTRANJEROS",1,0,1
" 09","ESTE","GRANADA","TOTAL POBLACION",14,9,23
" 09","ESTE","GUADALAJARA","ESPAÑOLES",3,1,4
" 09","ESTE","GUADALAJARA","EXTRANJEROS",3,2,5
" 09","ESTE","GUADALAJARA","TOTAL POBLACION",6,3,9
" 09","ESTE","HUELVA","ESPAÑOLES",38,28,66
" 09","ESTE","HUELVA","EXTRANJEROS",3,4,7
" 09","ESTE","HUELVA","TOTAL POBLACION",41,32,73
" 09","ESTE","JAEN","ESPAÑOLES",8,9,17
" 09","ESTE","JAEN","TOTAL POBLACION",8,9,17
" 09","ESTE","LA CORUÑA","ESPAÑOLES",2,2,4
" 09","ESTE","LA CORUÑA","TOTAL POBLACION",2,2,4
" 09","ESTE","LA RIOJA","ESPAÑOLES",1,1,2
" 09","ESTE","LA RIOJA","EXTRANJEROS",0,1,1
" 09","ESTE","LA RIOJA","TOTAL POBLACION",1,2,3
" 09","ESTE","LAS PALMAS","ESPAÑOLES",31,21,52
" 09","ESTE","LAS PALMAS","EXTRANJEROS",2,0,2
" 09","ESTE","LAS PALMAS","TOTAL POBLACION",33,21,54
" 09","ESTE","LEON","ESPAÑOLES",2,0,2
" 09","ESTE","LEON","TOTAL POBLACION",2,0,2
" 09","ESTE","LLEIDA","ESPAÑOLES",2,1,3
" 09","ESTE","LLEIDA","EXTRANJEROS",1,0,1
" 09","ESTE","LLEIDA","TOTAL POBLACION",3,1,4
" 09","ESTE","LUGO","ESPAÑOLES",2,1,3
" 09","ESTE","LUGO","TOTAL POBLACION",2,1,3
" 09","ESTE","MADRID","ESPAÑOLES",61,64,125
" 09","ESTE","MADRID","EXTRANJEROS",13,12,25
" 09","ESTE","MADRID","TOTAL POBLACION",74,76,150
" 09","ESTE","MALAGA","ESPAÑOLES",24,23,47
" 09","ESTE","MALAGA","EXTRANJEROS",9,7,16
" 09","ESTE","MALAGA","TOTAL POBLACION",33,30,63
" 09","ESTE","MELILLA","ESPAÑOLES",2,1,3
" 09","ESTE","MELILLA","TOTAL POBLACION",2,1,3
" 09","ESTE","MURCIA","ESPAÑOLES",2,4,6
" 09","ESTE","MURCIA","EXTRANJEROS",5,4,9
" 09","ESTE","MURCIA","TOTAL POBLACION",7,8,15
" 09","ESTE","NAVARRA","ESPAÑOLES",2,0,2
" 09","ESTE","NAVARRA","EXTRANJEROS",2,0,2
" 09","ESTE","NAVARRA","TOTAL POBLACION",4,0,4
" 09","ESTE","ORENSE","EXTRANJEROS",0,2,2
" 09","ESTE","ORENSE","TOTAL POBLACION",0,2,2
" 09","ESTE","PALENCIA","ESPAÑOLES",1,1,2
" 09","ESTE","PALENCIA","TOTAL POBLACION",1,1,2
" 09","ESTE","PONTEVEDRA","ESPAÑOLES",1,5,6
" 09","ESTE","PONTEVEDRA","TOTAL POBLACION",1,5,6
" 09","ESTE","SALAMANCA","ESPAÑOLES",2,3,5
" 09","ESTE","SALAMANCA","TOTAL POBLACION",2,3,5
" 09","ESTE","SANTA CRUZ DE TENERIFE","ESPAÑOLES",10,18,28
" 09","ESTE","SANTA CRUZ DE TENERIFE","EXTRANJEROS",1,1,2
" 09","ESTE","SANTA CRUZ DE TENERIFE","TOTAL POBLACION",11,19,30
" 09","ESTE","SEVILLA","ESPAÑOLES",496,499,995
" 09","ESTE","SEVILLA","EXTRANJEROS",39,51,90
" 09","ESTE","SEVILLA","TOTAL POBLACION",535,550,1085
" 09","ESTE","TARRAGONA","ESPAÑOLES",3,1,4
" 09","ESTE","TARRAGONA","TOTAL POBLACION",3,1,4
" 09","ESTE","TOLEDO","ESPAÑOLES",4,2,6
" 09","ESTE","TOLEDO","EXTRANJEROS",1,0,1
" 09","ESTE","TOLEDO","TOTAL POBLACION",5,2,7
" 09","ESTE","VALENCIA","ESPAÑOLES",5,12,17
" 09","ESTE","VALENCIA","EXTRANJEROS",9,5,14
" 09","ESTE","VALENCIA","TOTAL POBLACION",14,17,31
" 09","ESTE","VALLADOLID","ESPAÑOLES",1,0,1
" 09","ESTE","VALLADOLID","TOTAL POBLACION",1,0,1
" 09","ESTE","ZARAGOZA","ESPAÑOLES",2,2,4
" 09","ESTE","ZARAGOZA","EXTRANJEROS",4,2,6
" 09","ESTE","ZARAGOZA","TOTAL POBLACION",6,4,10
" 10","BELLAVISTA-LA PALMERA","- TODOS -","ESPAÑOLES",547,523,1070
" 10","BELLAVISTA-LA PALMERA","- TODOS -","EXTRANJEROS",57,71,128
" 10","BELLAVISTA-LA PALMERA","- TODOS -","TOTAL POBLACION",604,594,1198
" 10","BELLAVISTA-LA PALMERA","ALICANTE","ESPAÑOLES",2,2,4
" 10","BELLAVISTA-LA PALMERA","ALICANTE","EXTRANJEROS",1,0,1
" 10","BELLAVISTA-LA PALMERA","ALICANTE","TOTAL POBLACION",3,2,5
" 10","BELLAVISTA-LA PALMERA","ALMERIA","ESPAÑOLES",7,2,9
" 10","BELLAVISTA-LA PALMERA","ALMERIA","TOTAL POBLACION",7,2,9
" 10","BELLAVISTA-LA PALMERA","ARABA/ALAVA","ESPAÑOLES",1,0,1
" 10","BELLAVISTA-LA PALMERA","ARABA/ALAVA","EXTRANJEROS",0,1,1
" 10","BELLAVISTA-LA PALMERA","ARABA/ALAVA","TOTAL POBLACION",1,1,2
" 10","BELLAVISTA-LA PALMERA","ASTURIAS","ESPAÑOLES",3,0,3
" 10","BELLAVISTA-LA PALMERA","ASTURIAS","TOTAL POBLACION",3,0,3
" 10","BELLAVISTA-LA PALMERA","AVILA","ESPAÑOLES",0,1,1
" 10","BELLAVISTA-LA PALMERA","AVILA","TOTAL POBLACION",0,1,1
" 10","BELLAVISTA-LA PALMERA","BADAJOZ","ESPAÑOLES",10,7,17
" 10","BELLAVISTA-LA PALMERA","BADAJOZ","EXTRANJEROS",0,1,1
" 10","BELLAVISTA-LA PALMERA","BADAJOZ","TOTAL POBLACION",10,8,18
" 10","BELLAVISTA-LA PALMERA","BALEARES","ESPAÑOLES",17,9,26
" 10","BELLAVISTA-LA PALMERA","BALEARES","EXTRANJEROS",2,1,3
" 10","BELLAVISTA-LA PALMERA","BALEARES","TOTAL POBLACION",19,10,29
" 10","BELLAVISTA-LA PALMERA","BARCELONA","ESPAÑOLES",5,14,19
" 10","BELLAVISTA-LA PALMERA","BARCELONA","EXTRANJEROS",3,5,8
" 10","BELLAVISTA-LA PALMERA","BARCELONA","TOTAL POBLACION",8,19,27
" 10","BELLAVISTA-LA PALMERA","BIZKAIA","EXTRANJEROS",1,1,2
" 10","BELLAVISTA-LA PALMERA","BIZKAIA","TOTAL POBLACION",1,1,2
" 10","BELLAVISTA-LA PALMERA","BURGOS","EXTRANJEROS",1,0,1
" 10","BELLAVISTA-LA PALMERA","BURGOS","TOTAL POBLACION",1,0,1
" 10","BELLAVISTA-LA PALMERA","CACERES","ESPAÑOLES",4,2,6
" 10","BELLAVISTA-LA PALMERA","CACERES","TOTAL POBLACION",4,2,6
" 10","BELLAVISTA-LA PALMERA","CADIZ","ESPAÑOLES",40,40,80
" 10","BELLAVISTA-LA PALMERA","CADIZ","EXTRANJEROS",4,0,4
" 10","BELLAVISTA-LA PALMERA","CADIZ","TOTAL POBLACION",44,40,84
" 10","BELLAVISTA-LA PALMERA","CASTELLON","ESPAÑOLES",4,3,7
" 10","BELLAVISTA-LA PALMERA","CASTELLON","TOTAL POBLACION",4,3,7
" 10","BELLAVISTA-LA PALMERA","CEUTA","ESPAÑOLES",9,4,13
" 10","BELLAVISTA-LA PALMERA","CEUTA","TOTAL POBLACION",9,4,13
" 10","BELLAVISTA-LA PALMERA","CIUDAD REAL","ESPAÑOLES",0,3,3
" 10","BELLAVISTA-LA PALMERA","CIUDAD REAL","EXTRANJEROS",1,0,1
" 10","BELLAVISTA-LA PALMERA","CIUDAD REAL","TOTAL POBLACION",1,3,4
" 10","BELLAVISTA-LA PALMERA","CORDOBA","ESPAÑOLES",9,9,18
" 10","BELLAVISTA-LA PALMERA","CORDOBA","EXTRANJEROS",0,1,1
" 10","BELLAVISTA-LA PALMERA","CORDOBA","TOTAL POBLACION",9,10,19
" 10","BELLAVISTA-LA PALMERA","EXTRAJERO","ESPAÑOLES",47,36,83
" 10","BELLAVISTA-LA PALMERA","EXTRAJERO","EXTRANJEROS",6,5,11
" 10","BELLAVISTA-LA PALMERA","EXTRAJERO","TOTAL POBLACION",53,41,94
" 10","BELLAVISTA-LA PALMERA","GERONA","EXTRANJEROS",1,1,2
" 10","BELLAVISTA-LA PALMERA","GERONA","TOTAL POBLACION",1,1,2
" 10","BELLAVISTA-LA PALMERA","GIPUZKOA","EXTRANJEROS",1,2,3
" 10","BELLAVISTA-LA PALMERA","GIPUZKOA","TOTAL POBLACION",1,2,3
" 10","BELLAVISTA-LA PALMERA","GRANADA","ESPAÑOLES",5,4,9
" 10","BELLAVISTA-LA PALMERA","GRANADA","EXTRANJEROS",0,1,1
" 10","BELLAVISTA-LA PALMERA","GRANADA","TOTAL POBLACION",5,5,10
" 10","BELLAVISTA-LA PALMERA","GUADALAJARA","ESPAÑOLES",1,0,1
" 10","BELLAVISTA-LA PALMERA","GUADALAJARA","EXTRANJEROS",0,1,1
" 10","BELLAVISTA-LA PALMERA","GUADALAJARA","TOTAL POBLACION",1,1,2
" 10","BELLAVISTA-LA PALMERA","HUELVA","ESPAÑOLES",15,6,21
" 10","BELLAVISTA-LA PALMERA","HUELVA","EXTRANJEROS",2,2,4
" 10","BELLAVISTA-LA PALMERA","HUELVA","TOTAL POBLACION",17,8,25
" 10","BELLAVISTA-LA PALMERA","HUESCA","ESPAÑOLES",1,1,2
" 10","BELLAVISTA-LA PALMERA","HUESCA","EXTRANJEROS",1,0,1
" 10","BELLAVISTA-LA PALMERA","HUESCA","TOTAL POBLACION",2,1,3
" 10","BELLAVISTA-LA PALMERA","JAEN","ESPAÑOLES",5,4,9
" 10","BELLAVISTA-LA PALMERA","JAEN","EXTRANJEROS",0,2,2
" 10","BELLAVISTA-LA PALMERA","JAEN","TOTAL POBLACION",5,6,11
" 10","BELLAVISTA-LA PALMERA","LA CORUÑA","ESPAÑOLES",1,0,1
" 10","BELLAVISTA-LA PALMERA","LA CORUÑA","TOTAL POBLACION",1,0,1
" 10","BELLAVISTA-LA PALMERA","LAS PALMAS","ESPAÑOLES",10,6,16
" 10","BELLAVISTA-LA PALMERA","LAS PALMAS","EXTRANJEROS",0,1,1
" 10","BELLAVISTA-LA PALMERA","LAS PALMAS","TOTAL POBLACION",10,7,17
" 10","BELLAVISTA-LA PALMERA","LEON","ESPAÑOLES",0,1,1
" 10","BELLAVISTA-LA PALMERA","LEON","TOTAL POBLACION",0,1,1
" 10","BELLAVISTA-LA PALMERA","LLEIDA","ESPAÑOLES",1,0,1
" 10","BELLAVISTA-LA PALMERA","LLEIDA","EXTRANJEROS",0,1,1
" 10","BELLAVISTA-LA PALMERA","LLEIDA","TOTAL POBLACION",1,1,2
" 10","BELLAVISTA-LA PALMERA","MADRID","ESPAÑOLES",54,62,116
" 10","BELLAVISTA-LA PALMERA","MADRID","EXTRANJEROS",3,7,10
" 10","BELLAVISTA-LA PALMERA","MADRID","TOTAL POBLACION",57,69,126
" 10","BELLAVISTA-LA PALMERA","MALAGA","ESPAÑOLES",24,16,40
" 10","BELLAVISTA-LA PALMERA","MALAGA","EXTRANJEROS",2,5,7
" 10","BELLAVISTA-LA PALMERA","MALAGA","TOTAL POBLACION",26,21,47
" 10","BELLAVISTA-LA PALMERA","MELILLA","ESPAÑOLES",4,2,6
" 10","BELLAVISTA-LA PALMERA","MELILLA","EXTRANJEROS",0,1,1
" 10","BELLAVISTA-LA PALMERA","MELILLA","TOTAL POBLACION",4,3,7
" 10","BELLAVISTA-LA PALMERA","MURCIA","ESPAÑOLES",0,2,2
" 10","BELLAVISTA-LA PALMERA","MURCIA","EXTRANJEROS",4,3,7
" 10","BELLAVISTA-LA PALMERA","MURCIA","TOTAL POBLACION",4,5,9
" 10","BELLAVISTA-LA PALMERA","PALENCIA","ESPAÑOLES",2,4,6
" 10","BELLAVISTA-LA PALMERA","PALENCIA","TOTAL POBLACION",2,4,6
" 10","BELLAVISTA-LA PALMERA","PONTEVEDRA","ESPAÑOLES",2,0,2
" 10","BELLAVISTA-LA PALMERA","PONTEVEDRA","TOTAL POBLACION",2,0,2
" 10","BELLAVISTA-LA PALMERA","SALAMANCA","ESPAÑOLES",0,1,1
" 10","BELLAVISTA-LA PALMERA","SALAMANCA","TOTAL POBLACION",0,1,1
" 10","BELLAVISTA-LA PALMERA","SANTA CRUZ DE TENERIFE","ESPAÑOLES",6,3,9
" 10","BELLAVISTA-LA PALMERA","SANTA CRUZ DE TENERIFE","EXTRANJEROS",1,0,1
" 10","BELLAVISTA-LA PALMERA","SANTA CRUZ DE TENERIFE","TOTAL POBLACION",7,3,10
" 10","BELLAVISTA-LA PALMERA","SEVILLA","ESPAÑOLES",246,268,514
" 10","BELLAVISTA-LA PALMERA","SEVILLA","EXTRANJEROS",17,24,41
" 10","BELLAVISTA-LA PALMERA","SEVILLA","TOTAL POBLACION",263,292,555
" 10","BELLAVISTA-LA PALMERA","TERUEL","ESPAÑOLES",2,2,4
" 10","BELLAVISTA-LA PALMERA","TERUEL","TOTAL POBLACION",2,2,4
" 10","BELLAVISTA-LA PALMERA","TOLEDO","ESPAÑOLES",2,0,2
" 10","BELLAVISTA-LA PALMERA","TOLEDO","EXTRANJEROS",0,1,1
" 10","BELLAVISTA-LA PALMERA","TOLEDO","TOTAL POBLACION",2,1,3
" 10","BELLAVISTA-LA PALMERA","VALENCIA","ESPAÑOLES",3,8,11
" 10","BELLAVISTA-LA PALMERA","VALENCIA","EXTRANJEROS",2,3,5
" 10","BELLAVISTA-LA PALMERA","VALENCIA","TOTAL POBLACION",5,11,16
" 10","BELLAVISTA-LA PALMERA","VALLADOLID","ESPAÑOLES",3,0,3
" 10","BELLAVISTA-LA PALMERA","VALLADOLID","EXTRANJEROS",1,0,1
" 10","BELLAVISTA-LA PALMERA","VALLADOLID","TOTAL POBLACION",4,0,4
" 10","BELLAVISTA-LA PALMERA","ZARAGOZA","ESPAÑOLES",2,1,3
" 10","BELLAVISTA-LA PALMERA","ZARAGOZA","EXTRANJEROS",3,1,4
" 10","BELLAVISTA-LA PALMERA","ZARAGOZA","TOTAL POBLACION",5,2,7
" 11","LOS REMEDIOS","- TODOS -","ESPAÑOLES",299,346,645
" 11","LOS REMEDIOS","- TODOS -","EXTRANJEROS",14,33,47
" 11","LOS REMEDIOS","- TODOS -","TOTAL POBLACION",313,379,692
" 11","LOS REMEDIOS","ALICANTE","ESPAÑOLES",0,1,1
" 11","LOS REMEDIOS","ALICANTE","TOTAL POBLACION",0,1,1
" 11","LOS REMEDIOS","ALMERIA","ESPAÑOLES",0,1,1
" 11","LOS REMEDIOS","ALMERIA","TOTAL POBLACION",0,1,1
" 11","LOS REMEDIOS","ARABA/ALAVA","ESPAÑOLES",0,2,2
" 11","LOS REMEDIOS","ARABA/ALAVA","TOTAL POBLACION",0,2,2
" 11","LOS REMEDIOS","ASTURIAS","ESPAÑOLES",1,0,1
" 11","LOS REMEDIOS","ASTURIAS","TOTAL POBLACION",1,0,1
" 11","LOS REMEDIOS","BADAJOZ","ESPAÑOLES",4,8,12
" 11","LOS REMEDIOS","BADAJOZ","EXTRANJEROS",0,1,1
" 11","LOS REMEDIOS","BADAJOZ","TOTAL POBLACION",4,9,13
" 11","LOS REMEDIOS","BALEARES","ESPAÑOLES",5,8,13
" 11","LOS REMEDIOS","BALEARES","TOTAL POBLACION",5,8,13
" 11","LOS REMEDIOS","BARCELONA","ESPAÑOLES",6,9,15
" 11","LOS REMEDIOS","BARCELONA","EXTRANJEROS",2,1,3
" 11","LOS REMEDIOS","BARCELONA","TOTAL POBLACION",8,10,18
" 11","LOS REMEDIOS","BIZKAIA","ESPAÑOLES",0,3,3
" 11","LOS REMEDIOS","BIZKAIA","TOTAL POBLACION",0,3,3
" 11","LOS REMEDIOS","CACERES","ESPAÑOLES",2,0,2
" 11","LOS REMEDIOS","CACERES","TOTAL POBLACION",2,0,2
" 11","LOS REMEDIOS","CADIZ","ESPAÑOLES",18,15,33
" 11","LOS REMEDIOS","CADIZ","EXTRANJEROS",0,1,1
" 11","LOS REMEDIOS","CADIZ","TOTAL POBLACION",18,16,34
" 11","LOS REMEDIOS","CANTABRIA","ESPAÑOLES",1,3,4
" 11","LOS REMEDIOS","CANTABRIA","TOTAL POBLACION",1,3,4
" 11","LOS REMEDIOS","CASTELLON","ESPAÑOLES",0,1,1
" 11","LOS REMEDIOS","CASTELLON","TOTAL POBLACION",0,1,1
" 11","LOS REMEDIOS","CORDOBA","ESPAÑOLES",2,5,7
" 11","LOS REMEDIOS","CORDOBA","TOTAL POBLACION",2,5,7
" 11","LOS REMEDIOS","EXTRAJERO","ESPAÑOLES",24,40,64
" 11","LOS REMEDIOS","EXTRAJERO","EXTRANJEROS",3,2,5
" 11","LOS REMEDIOS","EXTRAJERO","TOTAL POBLACION",27,42,69
" 11","LOS REMEDIOS","GERONA","ESPAÑOLES",1,2,3
" 11","LOS REMEDIOS","GERONA","EXTRANJEROS",0,1,1
" 11","LOS REMEDIOS","GERONA","TOTAL POBLACION",1,3,4
" 11","LOS REMEDIOS","GIPUZKOA","ESPAÑOLES",1,0,1
" 11","LOS REMEDIOS","GIPUZKOA","EXTRANJEROS",0,1,1
" 11","LOS REMEDIOS","GIPUZKOA","TOTAL POBLACION",1,1,2
" 11","LOS REMEDIOS","GRANADA","ESPAÑOLES",2,1,3
" 11","LOS REMEDIOS","GRANADA","EXTRANJEROS",1,0,1
" 11","LOS REMEDIOS","GRANADA","TOTAL POBLACION",3,1,4
" 11","LOS REMEDIOS","HUELVA","ESPAÑOLES",12,12,24
" 11","LOS REMEDIOS","HUELVA","EXTRANJEROS",0,2,2
" 11","LOS REMEDIOS","HUELVA","TOTAL POBLACION",12,14,26
" 11","LOS REMEDIOS","HUESCA","ESPAÑOLES",0,1,1
" 11","LOS REMEDIOS","HUESCA","TOTAL POBLACION",0,1,1
" 11","LOS REMEDIOS","JAEN","ESPAÑOLES",1,1,2
" 11","LOS REMEDIOS","JAEN","TOTAL POBLACION",1,1,2
" 11","LOS REMEDIOS","LAS PALMAS","ESPAÑOLES",8,11,19
" 11","LOS REMEDIOS","LAS PALMAS","TOTAL POBLACION",8,11,19
" 11","LOS REMEDIOS","MADRID","ESPAÑOLES",31,31,62
" 11","LOS REMEDIOS","MADRID","EXTRANJEROS",1,7,8
" 11","LOS REMEDIOS","MADRID","TOTAL POBLACION",32,38,70
" 11","LOS REMEDIOS","MALAGA","ESPAÑOLES",7,9,16
" 11","LOS REMEDIOS","MALAGA","EXTRANJEROS",1,1,2
" 11","LOS REMEDIOS","MALAGA","TOTAL POBLACION",8,10,18
" 11","LOS REMEDIOS","MELILLA","ESPAÑOLES",3,0,3
" 11","LOS REMEDIOS","MELILLA","TOTAL POBLACION",3,0,3
" 11","LOS REMEDIOS","MURCIA","ESPAÑOLES",3,4,7
" 11","LOS REMEDIOS","MURCIA","TOTAL POBLACION",3,4,7
" 11","LOS REMEDIOS","NAVARRA","ESPAÑOLES",0,3,3
" 11","LOS REMEDIOS","NAVARRA","TOTAL POBLACION",0,3,3
" 11","LOS REMEDIOS","ORENSE","ESPAÑOLES",0,1,1
" 11","LOS REMEDIOS","ORENSE","TOTAL POBLACION",0,1,1
" 11","LOS REMEDIOS","SANTA CRUZ DE TENERIFE","ESPAÑOLES",8,6,14
" 11","LOS REMEDIOS","SANTA CRUZ DE TENERIFE","TOTAL POBLACION",8,6,14
" 11","LOS REMEDIOS","SEVILLA","ESPAÑOLES",152,161,313
" 11","LOS REMEDIOS","SEVILLA","EXTRANJEROS",4,15,19
" 11","LOS REMEDIOS","SEVILLA","TOTAL POBLACION",156,176,332
" 11","LOS REMEDIOS","SORIA","ESPAÑOLES",1,0,1
" 11","LOS REMEDIOS","SORIA","TOTAL POBLACION",1,0,1
" 11","LOS REMEDIOS","TARRAGONA","ESPAÑOLES",1,1,2
" 11","LOS REMEDIOS","TARRAGONA","TOTAL POBLACION",1,1,2
" 11","LOS REMEDIOS","TOLEDO","ESPAÑOLES",1,1,2
" 11","LOS REMEDIOS","TOLEDO","EXTRANJEROS",1,0,1
" 11","LOS REMEDIOS","TOLEDO","TOTAL POBLACION",2,1,3
" 11","LOS REMEDIOS","VALENCIA","ESPAÑOLES",2,5,7
" 11","LOS REMEDIOS","VALENCIA","EXTRANJEROS",1,0,1
" 11","LOS REMEDIOS","VALENCIA","TOTAL POBLACION",3,5,8
" 11","LOS REMEDIOS","VALLADOLID","ESPAÑOLES",1,0,1
" 11","LOS REMEDIOS","VALLADOLID","TOTAL POBLACION",1,0,1
" 11","LOS REMEDIOS","ZARAGOZA","ESPAÑOLES",1,0,1
" 11","LOS REMEDIOS","ZARAGOZA","EXTRANJEROS",0,1,1
" 11","LOS REMEDIOS","ZARAGOZA","TOTAL POBLACION",1,1,2
