"CD","ND","DESTINO","NACION","HOMBRES","MUJERES","TOTAL"
" 00","TOTAL MUNICIPIO","- TODOS -","ESPAÑOLES",7154,7300,14454
" 00","TOTAL MUNICIPIO","- TODOS -","EXTRANJEROS",1302,1592,2894
" 00","TOTAL MUNICIPIO","- TODOS -","NO CONSTA",4,1,5
" 00","TOTAL MUNICIPIO","- TODOS -","TOTAL POBLACION",8460,8893,17353
" 01","CASCO ANTIGUO","- TODOS -","ESPAÑOLES",764,730,1494
" 01","CASCO ANTIGUO","- TODOS -","EXTRANJEROS",102,138,240
" 01","CASCO ANTIGUO","- TODOS -","TOTAL POBLACION",866,868,1734
" 01","CASCO ANTIGUO","ALBACETE","ESPAÑOLES",0,2,2
" 01","CASCO ANTIGUO","ALBACETE","TOTAL POBLACION",0,2,2
" 01","CASCO ANTIGUO","ALICANTE","ESPAÑOLES",2,4,6
" 01","CASCO ANTIGUO","ALICANTE","EXTRANJEROS",0,1,1
" 01","CASCO ANTIGUO","ALICANTE","TOTAL POBLACION",2,5,7
" 01","CASCO ANTIGUO","ALMERIA","ESPAÑOLES",5,5,10
" 01","CASCO ANTIGUO","ALMERIA","EXTRANJEROS",1,2,3
" 01","CASCO ANTIGUO","ALMERIA","TOTAL POBLACION",6,7,13
" 01","CASCO ANTIGUO","ARABA/ALAVA","ESPAÑOLES",1,1,2
" 01","CASCO ANTIGUO","ARABA/ALAVA","TOTAL POBLACION",1,1,2
" 01","CASCO ANTIGUO","ASTURIAS","ESPAÑOLES",3,4,7
" 01","CASCO ANTIGUO","ASTURIAS","EXTRANJEROS",1,1,2
" 01","CASCO ANTIGUO","ASTURIAS","TOTAL POBLACION",4,5,9
" 01","CASCO ANTIGUO","AVILA","ESPAÑOLES",2,1,3
" 01","CASCO ANTIGUO","AVILA","TOTAL POBLACION",2,1,3
" 01","CASCO ANTIGUO","BADAJOZ","ESPAÑOLES",7,9,16
" 01","CASCO ANTIGUO","BADAJOZ","EXTRANJEROS",1,1,2
" 01","CASCO ANTIGUO","BADAJOZ","TOTAL POBLACION",8,10,18
" 01","CASCO ANTIGUO","BALEARES","ESPAÑOLES",15,12,27
" 01","CASCO ANTIGUO","BALEARES","EXTRANJEROS",2,9,11
" 01","CASCO ANTIGUO","BALEARES","TOTAL POBLACION",17,21,38
" 01","CASCO ANTIGUO","BARCELONA","ESPAÑOLES",20,22,42
" 01","CASCO ANTIGUO","BARCELONA","EXTRANJEROS",7,15,22
" 01","CASCO ANTIGUO","BARCELONA","TOTAL POBLACION",27,37,64
" 01","CASCO ANTIGUO","BIZKAIA","ESPAÑOLES",1,4,5
" 01","CASCO ANTIGUO","BIZKAIA","EXTRANJEROS",2,0,2
" 01","CASCO ANTIGUO","BIZKAIA","TOTAL POBLACION",3,4,7
" 01","CASCO ANTIGUO","CACERES","ESPAÑOLES",5,2,7
" 01","CASCO ANTIGUO","CACERES","TOTAL POBLACION",5,2,7
" 01","CASCO ANTIGUO","CADIZ","ESPAÑOLES",53,42,95
" 01","CASCO ANTIGUO","CADIZ","EXTRANJEROS",2,7,9
" 01","CASCO ANTIGUO","CADIZ","TOTAL POBLACION",55,49,104
" 01","CASCO ANTIGUO","CANTABRIA","ESPAÑOLES",1,2,3
" 01","CASCO ANTIGUO","CANTABRIA","TOTAL POBLACION",1,2,3
" 01","CASCO ANTIGUO","CASTELLON","ESPAÑOLES",1,0,1
" 01","CASCO ANTIGUO","CASTELLON","TOTAL POBLACION",1,0,1
" 01","CASCO ANTIGUO","CEUTA","ESPAÑOLES",2,1,3
" 01","CASCO ANTIGUO","CEUTA","TOTAL POBLACION",2,1,3
" 01","CASCO ANTIGUO","CIUDAD REAL","ESPAÑOLES",2,3,5
" 01","CASCO ANTIGUO","CIUDAD REAL","TOTAL POBLACION",2,3,5
" 01","CASCO ANTIGUO","CORDOBA","ESPAÑOLES",17,18,35
" 01","CASCO ANTIGUO","CORDOBA","EXTRANJEROS",1,1,2
" 01","CASCO ANTIGUO","CORDOBA","TOTAL POBLACION",18,19,37
" 01","CASCO ANTIGUO","CUENCA","ESPAÑOLES",0,1,1
" 01","CASCO ANTIGUO","CUENCA","TOTAL POBLACION",0,1,1
" 01","CASCO ANTIGUO","EXTRAJERO","ESPAÑOLES",80,74,154
" 01","CASCO ANTIGUO","EXTRAJERO","EXTRANJEROS",9,7,16
" 01","CASCO ANTIGUO","EXTRAJERO","TOTAL POBLACION",89,81,170
" 01","CASCO ANTIGUO","GERONA","ESPAÑOLES",2,1,3
" 01","CASCO ANTIGUO","GERONA","TOTAL POBLACION",2,1,3
" 01","CASCO ANTIGUO","GIPUZKOA","ESPAÑOLES",0,4,4
" 01","CASCO ANTIGUO","GIPUZKOA","EXTRANJEROS",1,1,2
" 01","CASCO ANTIGUO","GIPUZKOA","TOTAL POBLACION",1,5,6
" 01","CASCO ANTIGUO","GRANADA","ESPAÑOLES",13,12,25
" 01","CASCO ANTIGUO","GRANADA","EXTRANJEROS",3,5,8
" 01","CASCO ANTIGUO","GRANADA","TOTAL POBLACION",16,17,33
" 01","CASCO ANTIGUO","GUADALAJARA","ESPAÑOLES",2,0,2
" 01","CASCO ANTIGUO","GUADALAJARA","EXTRANJEROS",0,1,1
" 01","CASCO ANTIGUO","GUADALAJARA","TOTAL POBLACION",2,1,3
" 01","CASCO ANTIGUO","HUELVA","ESPAÑOLES",48,48,96
" 01","CASCO ANTIGUO","HUELVA","EXTRANJEROS",7,9,16
" 01","CASCO ANTIGUO","HUELVA","TOTAL POBLACION",55,57,112
" 01","CASCO ANTIGUO","HUESCA","EXTRANJEROS",2,2,4
" 01","CASCO ANTIGUO","HUESCA","TOTAL POBLACION",2,2,4
" 01","CASCO ANTIGUO","JAEN","ESPAÑOLES",5,3,8
" 01","CASCO ANTIGUO","JAEN","EXTRANJEROS",1,1,2
" 01","CASCO ANTIGUO","JAEN","TOTAL POBLACION",6,4,10
" 01","CASCO ANTIGUO","LA CORUÑA","ESPAÑOLES",9,6,15
" 01","CASCO ANTIGUO","LA CORUÑA","EXTRANJEROS",0,1,1
" 01","CASCO ANTIGUO","LA CORUÑA","TOTAL POBLACION",9,7,16
" 01","CASCO ANTIGUO","LAS PALMAS","ESPAÑOLES",12,12,24
" 01","CASCO ANTIGUO","LAS PALMAS","EXTRANJEROS",1,2,3
" 01","CASCO ANTIGUO","LAS PALMAS","TOTAL POBLACION",13,14,27
" 01","CASCO ANTIGUO","LEON","ESPAÑOLES",2,2,4
" 01","CASCO ANTIGUO","LEON","TOTAL POBLACION",2,2,4
" 01","CASCO ANTIGUO","MADRID","ESPAÑOLES",76,75,151
" 01","CASCO ANTIGUO","MADRID","EXTRANJEROS",10,15,25
" 01","CASCO ANTIGUO","MADRID","TOTAL POBLACION",86,90,176
" 01","CASCO ANTIGUO","MALAGA","ESPAÑOLES",31,28,59
" 01","CASCO ANTIGUO","MALAGA","EXTRANJEROS",6,10,16
" 01","CASCO ANTIGUO","MALAGA","TOTAL POBLACION",37,38,75
" 01","CASCO ANTIGUO","MELILLA","ESPAÑOLES",2,1,3
" 01","CASCO ANTIGUO","MELILLA","EXTRANJEROS",0,1,1
" 01","CASCO ANTIGUO","MELILLA","TOTAL POBLACION",2,2,4
" 01","CASCO ANTIGUO","MURCIA","ESPAÑOLES",3,3,6
" 01","CASCO ANTIGUO","MURCIA","EXTRANJEROS",1,2,3
" 01","CASCO ANTIGUO","MURCIA","TOTAL POBLACION",4,5,9
" 01","CASCO ANTIGUO","NAVARRA","ESPAÑOLES",2,4,6
" 01","CASCO ANTIGUO","NAVARRA","EXTRANJEROS",2,2,4
" 01","CASCO ANTIGUO","NAVARRA","TOTAL POBLACION",4,6,10
" 01","CASCO ANTIGUO","PALENCIA","ESPAÑOLES",0,2,2
" 01","CASCO ANTIGUO","PALENCIA","TOTAL POBLACION",0,2,2
" 01","CASCO ANTIGUO","PONTEVEDRA","ESPAÑOLES",0,3,3
" 01","CASCO ANTIGUO","PONTEVEDRA","EXTRANJEROS",0,1,1
" 01","CASCO ANTIGUO","PONTEVEDRA","TOTAL POBLACION",0,4,4
" 01","CASCO ANTIGUO","SALAMANCA","ESPAÑOLES",0,3,3
" 01","CASCO ANTIGUO","SALAMANCA","EXTRANJEROS",1,1,2
" 01","CASCO ANTIGUO","SALAMANCA","TOTAL POBLACION",1,4,5
" 01","CASCO ANTIGUO","SANTA CRUZ DE TENERIFE","ESPAÑOLES",6,7,13
" 01","CASCO ANTIGUO","SANTA CRUZ DE TENERIFE","EXTRANJEROS",0,1,1
" 01","CASCO ANTIGUO","SANTA CRUZ DE TENERIFE","TOTAL POBLACION",6,8,14
" 01","CASCO ANTIGUO","SEVILLA","ESPAÑOLES",322,298,620
" 01","CASCO ANTIGUO","SEVILLA","EXTRANJEROS",31,34,65
" 01","CASCO ANTIGUO","SEVILLA","TOTAL POBLACION",353,332,685
" 01","CASCO ANTIGUO","TARRAGONA","ESPAÑOLES",2,0,2
" 01","CASCO ANTIGUO","TARRAGONA","EXTRANJEROS",3,1,4
" 01","CASCO ANTIGUO","TARRAGONA","TOTAL POBLACION",5,1,6
" 01","CASCO ANTIGUO","TOLEDO","ESPAÑOLES",3,1,4
" 01","CASCO ANTIGUO","TOLEDO","EXTRANJEROS",2,1,3
" 01","CASCO ANTIGUO","TOLEDO","TOTAL POBLACION",5,2,7
" 01","CASCO ANTIGUO","VALENCIA","ESPAÑOLES",4,5,9
" 01","CASCO ANTIGUO","VALENCIA","EXTRANJEROS",5,3,8
" 01","CASCO ANTIGUO","VALENCIA","TOTAL POBLACION",9,8,17
" 01","CASCO ANTIGUO","VALLADOLID","ESPAÑOLES",0,1,1
" 01","CASCO ANTIGUO","VALLADOLID","TOTAL POBLACION",0,1,1
" 01","CASCO ANTIGUO","ZAMORA","ESPAÑOLES",0,1,1
" 01","CASCO ANTIGUO","ZAMORA","TOTAL POBLACION",0,1,1
" 01","CASCO ANTIGUO","ZARAGOZA","ESPAÑOLES",3,3,6
" 01","CASCO ANTIGUO","ZARAGOZA","TOTAL POBLACION",3,3,6
" 02","MACARENA","- TODOS -","ESPAÑOLES",769,814,1583
" 02","MACARENA","- TODOS -","EXTRANJEROS",240,324,564
" 02","MACARENA","- TODOS -","NO CONSTA",1,0,1
" 02","MACARENA","- TODOS -","TOTAL POBLACION",1010,1138,2148
" 02","MACARENA","ALBACETE","EXTRANJEROS",2,0,2
" 02","MACARENA","ALBACETE","TOTAL POBLACION",2,0,2
" 02","MACARENA","ALICANTE","ESPAÑOLES",5,6,11
" 02","MACARENA","ALICANTE","EXTRANJEROS",4,1,5
" 02","MACARENA","ALICANTE","TOTAL POBLACION",9,7,16
" 02","MACARENA","ALMERIA","ESPAÑOLES",2,3,5
" 02","MACARENA","ALMERIA","EXTRANJEROS",8,6,14
" 02","MACARENA","ALMERIA","TOTAL POBLACION",10,9,19
" 02","MACARENA","ARABA/ALAVA","ESPAÑOLES",0,1,1
" 02","MACARENA","ARABA/ALAVA","EXTRANJEROS",1,2,3
" 02","MACARENA","ARABA/ALAVA","TOTAL POBLACION",1,3,4
" 02","MACARENA","ASTURIAS","ESPAÑOLES",1,2,3
" 02","MACARENA","ASTURIAS","EXTRANJEROS",1,0,1
" 02","MACARENA","ASTURIAS","TOTAL POBLACION",2,2,4
" 02","MACARENA","AVILA","ESPAÑOLES",2,0,2
" 02","MACARENA","AVILA","EXTRANJEROS",1,1,2
" 02","MACARENA","AVILA","TOTAL POBLACION",3,1,4
" 02","MACARENA","BADAJOZ","ESPAÑOLES",16,8,24
" 02","MACARENA","BADAJOZ","EXTRANJEROS",4,8,12
" 02","MACARENA","BADAJOZ","TOTAL POBLACION",20,16,36
" 02","MACARENA","BALEARES","ESPAÑOLES",17,15,32
" 02","MACARENA","BALEARES","EXTRANJEROS",9,10,19
" 02","MACARENA","BALEARES","TOTAL POBLACION",26,25,51
" 02","MACARENA","BARCELONA","ESPAÑOLES",19,23,42
" 02","MACARENA","BARCELONA","EXTRANJEROS",22,21,43
" 02","MACARENA","BARCELONA","TOTAL POBLACION",41,44,85
" 02","MACARENA","BIZKAIA","ESPAÑOLES",1,1,2
" 02","MACARENA","BIZKAIA","EXTRANJEROS",3,1,4
" 02","MACARENA","BIZKAIA","TOTAL POBLACION",4,2,6
" 02","MACARENA","BURGOS","ESPAÑOLES",2,0,2
" 02","MACARENA","BURGOS","TOTAL POBLACION",2,0,2
" 02","MACARENA","CACERES","ESPAÑOLES",2,2,4
" 02","MACARENA","CACERES","EXTRANJEROS",0,3,3
" 02","MACARENA","CACERES","TOTAL POBLACION",2,5,7
" 02","MACARENA","CADIZ","ESPAÑOLES",41,38,79
" 02","MACARENA","CADIZ","EXTRANJEROS",14,14,28
" 02","MACARENA","CADIZ","TOTAL POBLACION",55,52,107
" 02","MACARENA","CANTABRIA","ESPAÑOLES",1,0,1
" 02","MACARENA","CANTABRIA","EXTRANJEROS",0,1,1
" 02","MACARENA","CANTABRIA","TOTAL POBLACION",1,1,2
" 02","MACARENA","CASTELLON","ESPAÑOLES",1,2,3
" 02","MACARENA","CASTELLON","EXTRANJEROS",1,0,1
" 02","MACARENA","CASTELLON","TOTAL POBLACION",2,2,4
" 02","MACARENA","CEUTA","ESPAÑOLES",1,0,1
" 02","MACARENA","CEUTA","TOTAL POBLACION",1,0,1
" 02","MACARENA","CIUDAD REAL","ESPAÑOLES",1,1,2
" 02","MACARENA","CIUDAD REAL","EXTRANJEROS",1,1,2
" 02","MACARENA","CIUDAD REAL","TOTAL POBLACION",2,2,4
" 02","MACARENA","CORDOBA","ESPAÑOLES",8,10,18
" 02","MACARENA","CORDOBA","EXTRANJEROS",3,4,7
" 02","MACARENA","CORDOBA","TOTAL POBLACION",11,14,25
" 02","MACARENA","CUENCA","EXTRANJEROS",1,0,1
" 02","MACARENA","CUENCA","TOTAL POBLACION",1,0,1
" 02","MACARENA","EXTRAJERO","ESPAÑOLES",74,75,149
" 02","MACARENA","EXTRAJERO","EXTRANJEROS",16,7,23
" 02","MACARENA","EXTRAJERO","TOTAL POBLACION",90,82,172
" 02","MACARENA","GERONA","ESPAÑOLES",0,4,4
" 02","MACARENA","GERONA","EXTRANJEROS",2,0,2
" 02","MACARENA","GERONA","TOTAL POBLACION",2,4,6
" 02","MACARENA","GIPUZKOA","ESPAÑOLES",1,0,1
" 02","MACARENA","GIPUZKOA","EXTRANJEROS",5,2,7
" 02","MACARENA","GIPUZKOA","TOTAL POBLACION",6,2,8
" 02","MACARENA","GRANADA","ESPAÑOLES",10,5,15
" 02","MACARENA","GRANADA","EXTRANJEROS",4,2,6
" 02","MACARENA","GRANADA","TOTAL POBLACION",14,7,21
" 02","MACARENA","GUADALAJARA","EXTRANJEROS",0,1,1
" 02","MACARENA","GUADALAJARA","TOTAL POBLACION",0,1,1
" 02","MACARENA","HUELVA","ESPAÑOLES",42,58,100
" 02","MACARENA","HUELVA","EXTRANJEROS",4,18,22
" 02","MACARENA","HUELVA","TOTAL POBLACION",46,76,122
" 02","MACARENA","HUESCA","ESPAÑOLES",1,1,2
" 02","MACARENA","HUESCA","EXTRANJEROS",2,5,7
" 02","MACARENA","HUESCA","TOTAL POBLACION",3,6,9
" 02","MACARENA","JAEN","ESPAÑOLES",6,5,11
" 02","MACARENA","JAEN","EXTRANJEROS",0,1,1
" 02","MACARENA","JAEN","TOTAL POBLACION",6,6,12
" 02","MACARENA","LA CORUÑA","ESPAÑOLES",3,2,5
" 02","MACARENA","LA CORUÑA","EXTRANJEROS",2,1,3
" 02","MACARENA","LA CORUÑA","TOTAL POBLACION",5,3,8
" 02","MACARENA","LA RIOJA","ESPAÑOLES",3,1,4
" 02","MACARENA","LA RIOJA","EXTRANJEROS",0,2,2
" 02","MACARENA","LA RIOJA","TOTAL POBLACION",3,3,6
" 02","MACARENA","LAS PALMAS","ESPAÑOLES",6,5,11
" 02","MACARENA","LAS PALMAS","EXTRANJEROS",1,3,4
" 02","MACARENA","LAS PALMAS","TOTAL POBLACION",7,8,15
" 02","MACARENA","LEON","EXTRANJEROS",0,1,1
" 02","MACARENA","LEON","TOTAL POBLACION",0,1,1
" 02","MACARENA","LLEIDA","ESPAÑOLES",1,1,2
" 02","MACARENA","LLEIDA","TOTAL POBLACION",1,1,2
" 02","MACARENA","LUGO","EXTRANJEROS",0,3,3
" 02","MACARENA","LUGO","TOTAL POBLACION",0,3,3
" 02","MACARENA","MADRID","ESPAÑOLES",38,39,77
" 02","MACARENA","MADRID","EXTRANJEROS",11,34,45
" 02","MACARENA","MADRID","TOTAL POBLACION",49,73,122
" 02","MACARENA","MALAGA","ESPAÑOLES",15,26,41
" 02","MACARENA","MALAGA","EXTRANJEROS",11,13,24
" 02","MACARENA","MALAGA","TOTAL POBLACION",26,39,65
" 02","MACARENA","MELILLA","ESPAÑOLES",0,1,1
" 02","MACARENA","MELILLA","TOTAL POBLACION",0,1,1
" 02","MACARENA","MURCIA","ESPAÑOLES",2,4,6
" 02","MACARENA","MURCIA","EXTRANJEROS",3,4,7
" 02","MACARENA","MURCIA","TOTAL POBLACION",5,8,13
" 02","MACARENA","NAVARRA","ESPAÑOLES",6,2,8
" 02","MACARENA","NAVARRA","EXTRANJEROS",4,5,9
" 02","MACARENA","NAVARRA","TOTAL POBLACION",10,7,17
" 02","MACARENA","ORENSE","ESPAÑOLES",5,4,9
" 02","MACARENA","ORENSE","EXTRANJEROS",0,1,1
" 02","MACARENA","ORENSE","TOTAL POBLACION",5,5,10
" 02","MACARENA","PALENCIA","ESPAÑOLES",0,1,1
" 02","MACARENA","PALENCIA","EXTRANJEROS",3,1,4
" 02","MACARENA","PALENCIA","TOTAL POBLACION",3,2,5
" 02","MACARENA","PONTEVEDRA","ESPAÑOLES",2,3,5
" 02","MACARENA","PONTEVEDRA","EXTRANJEROS",0,4,4
" 02","MACARENA","PONTEVEDRA","TOTAL POBLACION",2,7,9
" 02","MACARENA","SALAMANCA","ESPAÑOLES",1,1,2
" 02","MACARENA","SALAMANCA","EXTRANJEROS",1,2,3
" 02","MACARENA","SALAMANCA","TOTAL POBLACION",2,3,5
" 02","MACARENA","SANTA CRUZ DE TENERIFE","ESPAÑOLES",10,11,21
" 02","MACARENA","SANTA CRUZ DE TENERIFE","TOTAL POBLACION",10,11,21
" 02","MACARENA","SEGOVIA","ESPAÑOLES",0,1,1
" 02","MACARENA","SEGOVIA","TOTAL POBLACION",0,1,1
" 02","MACARENA","SEVILLA","ESPAÑOLES",405,431,836
" 02","MACARENA","SEVILLA","EXTRANJEROS",78,123,201
" 02","MACARENA","SEVILLA","NO CONSTA",1,0,1
" 02","MACARENA","SEVILLA","TOTAL POBLACION",484,554,1038
" 02","MACARENA","SORIA","EXTRANJEROS",1,0,1
" 02","MACARENA","SORIA","TOTAL POBLACION",1,0,1
" 02","MACARENA","TARRAGONA","ESPAÑOLES",3,0,3
" 02","MACARENA","TARRAGONA","EXTRANJEROS",4,7,11
" 02","MACARENA","TARRAGONA","TOTAL POBLACION",7,7,14
" 02","MACARENA","TERUEL","ESPAÑOLES",3,1,4
" 02","MACARENA","TERUEL","EXTRANJEROS",1,0,1
" 02","MACARENA","TERUEL","TOTAL POBLACION",4,1,5
" 02","MACARENA","TOLEDO","ESPAÑOLES",1,3,4
" 02","MACARENA","TOLEDO","EXTRANJEROS",4,2,6
" 02","MACARENA","TOLEDO","TOTAL POBLACION",5,5,10
" 02","MACARENA","VALENCIA","ESPAÑOLES",6,6,12
" 02","MACARENA","VALENCIA","EXTRANJEROS",7,7,14
" 02","MACARENA","VALENCIA","TOTAL POBLACION",13,13,26
" 02","MACARENA","VALLADOLID","ESPAÑOLES",1,6,7
" 02","MACARENA","VALLADOLID","TOTAL POBLACION",1,6,7
" 02","MACARENA","ZAMORA","ESPAÑOLES",0,1,1
" 02","MACARENA","ZAMORA","TOTAL POBLACION",0,1,1
" 02","MACARENA","ZARAGOZA","ESPAÑOLES",4,4,8
" 02","MACARENA","ZARAGOZA","EXTRANJEROS",1,2,3
" 02","MACARENA","ZARAGOZA","TOTAL POBLACION",5,6,11
" 03","NERVION","- TODOS -","ESPAÑOLES",525,513,1038
" 03","NERVION","- TODOS -","EXTRANJEROS",73,84,157
" 03","NERVION","- TODOS -","TOTAL POBLACION",598,597,1195
" 03","NERVION","ALICANTE","ESPAÑOLES",2,0,2
" 03","NERVION","ALICANTE","EXTRANJEROS",2,0,2
" 03","NERVION","ALICANTE","TOTAL POBLACION",4,0,4
" 03","NERVION","ALMERIA","ESPAÑOLES",7,4,11
" 03","NERVION","ALMERIA","TOTAL POBLACION",7,4,11
" 03","NERVION","ASTURIAS","ESPAÑOLES",4,1,5
" 03","NERVION","ASTURIAS","EXTRANJEROS",2,1,3
" 03","NERVION","ASTURIAS","TOTAL POBLACION",6,2,8
" 03","NERVION","BADAJOZ","ESPAÑOLES",11,12,23
" 03","NERVION","BADAJOZ","EXTRANJEROS",1,4,5
" 03","NERVION","BADAJOZ","TOTAL POBLACION",12,16,28
" 03","NERVION","BALEARES","ESPAÑOLES",13,10,23
" 03","NERVION","BALEARES","EXTRANJEROS",6,1,7
" 03","NERVION","BALEARES","TOTAL POBLACION",19,11,30
" 03","NERVION","BARCELONA","ESPAÑOLES",10,18,28
" 03","NERVION","BARCELONA","EXTRANJEROS",7,7,14
" 03","NERVION","BARCELONA","TOTAL POBLACION",17,25,42
" 03","NERVION","BIZKAIA","ESPAÑOLES",2,3,5
" 03","NERVION","BIZKAIA","EXTRANJEROS",2,1,3
" 03","NERVION","BIZKAIA","TOTAL POBLACION",4,4,8
" 03","NERVION","BURGOS","EXTRANJEROS",1,0,1
" 03","NERVION","BURGOS","TOTAL POBLACION",1,0,1
" 03","NERVION","CACERES","ESPAÑOLES",1,2,3
" 03","NERVION","CACERES","TOTAL POBLACION",1,2,3
" 03","NERVION","CADIZ","ESPAÑOLES",42,45,87
" 03","NERVION","CADIZ","EXTRANJEROS",4,8,12
" 03","NERVION","CADIZ","TOTAL POBLACION",46,53,99
" 03","NERVION","CANTABRIA","ESPAÑOLES",4,1,5
" 03","NERVION","CANTABRIA","TOTAL POBLACION",4,1,5
" 03","NERVION","CASTELLON","ESPAÑOLES",0,1,1
" 03","NERVION","CASTELLON","EXTRANJEROS",0,1,1
" 03","NERVION","CASTELLON","TOTAL POBLACION",0,2,2
" 03","NERVION","CEUTA","ESPAÑOLES",4,5,9
" 03","NERVION","CEUTA","TOTAL POBLACION",4,5,9
" 03","NERVION","CIUDAD REAL","ESPAÑOLES",1,3,4
" 03","NERVION","CIUDAD REAL","EXTRANJEROS",1,0,1
" 03","NERVION","CIUDAD REAL","TOTAL POBLACION",2,3,5
" 03","NERVION","CORDOBA","ESPAÑOLES",9,15,24
" 03","NERVION","CORDOBA","EXTRANJEROS",0,1,1
" 03","NERVION","CORDOBA","TOTAL POBLACION",9,16,25
" 03","NERVION","EXTRAJERO","ESPAÑOLES",53,45,98
" 03","NERVION","EXTRAJERO","EXTRANJEROS",8,4,12
" 03","NERVION","EXTRAJERO","TOTAL POBLACION",61,49,110
" 03","NERVION","GERONA","ESPAÑOLES",2,0,2
" 03","NERVION","GERONA","EXTRANJEROS",1,0,1
" 03","NERVION","GERONA","TOTAL POBLACION",3,0,3
" 03","NERVION","GRANADA","ESPAÑOLES",2,6,8
" 03","NERVION","GRANADA","EXTRANJEROS",1,0,1
" 03","NERVION","GRANADA","TOTAL POBLACION",3,6,9
" 03","NERVION","GUADALAJARA","ESPAÑOLES",2,0,2
" 03","NERVION","GUADALAJARA","TOTAL POBLACION",2,0,2
" 03","NERVION","HUELVA","ESPAÑOLES",14,17,31
" 03","NERVION","HUELVA","EXTRANJEROS",2,2,4
" 03","NERVION","HUELVA","TOTAL POBLACION",16,19,35
" 03","NERVION","HUESCA","ESPAÑOLES",1,0,1
" 03","NERVION","HUESCA","EXTRANJEROS",0,1,1
" 03","NERVION","HUESCA","TOTAL POBLACION",1,1,2
" 03","NERVION","JAEN","ESPAÑOLES",7,6,13
" 03","NERVION","JAEN","EXTRANJEROS",1,1,2
" 03","NERVION","JAEN","TOTAL POBLACION",8,7,15
" 03","NERVION","LA CORUÑA","ESPAÑOLES",0,2,2
" 03","NERVION","LA CORUÑA","TOTAL POBLACION",0,2,2
" 03","NERVION","LA RIOJA","EXTRANJEROS",2,2,4
" 03","NERVION","LA RIOJA","TOTAL POBLACION",2,2,4
" 03","NERVION","LAS PALMAS","ESPAÑOLES",11,8,19
" 03","NERVION","LAS PALMAS","TOTAL POBLACION",11,8,19
" 03","NERVION","LEON","ESPAÑOLES",3,2,5
" 03","NERVION","LEON","TOTAL POBLACION",3,2,5
" 03","NERVION","LLEIDA","ESPAÑOLES",1,0,1
" 03","NERVION","LLEIDA","TOTAL POBLACION",1,0,1
" 03","NERVION","MADRID","ESPAÑOLES",63,68,131
" 03","NERVION","MADRID","EXTRANJEROS",8,13,21
" 03","NERVION","MADRID","TOTAL POBLACION",71,81,152
" 03","NERVION","MALAGA","ESPAÑOLES",23,21,44
" 03","NERVION","MALAGA","EXTRANJEROS",2,4,6
" 03","NERVION","MALAGA","TOTAL POBLACION",25,25,50
" 03","NERVION","MELILLA","ESPAÑOLES",2,0,2
" 03","NERVION","MELILLA","TOTAL POBLACION",2,0,2
" 03","NERVION","MURCIA","ESPAÑOLES",1,0,1
" 03","NERVION","MURCIA","EXTRANJEROS",0,1,1
" 03","NERVION","MURCIA","TOTAL POBLACION",1,1,2
" 03","NERVION","NAVARRA","ESPAÑOLES",1,0,1
" 03","NERVION","NAVARRA","EXTRANJEROS",0,2,2
" 03","NERVION","NAVARRA","TOTAL POBLACION",1,2,3
" 03","NERVION","PONTEVEDRA","EXTRANJEROS",1,0,1
" 03","NERVION","PONTEVEDRA","TOTAL POBLACION",1,0,1
" 03","NERVION","SALAMANCA","ESPAÑOLES",4,2,6
" 03","NERVION","SALAMANCA","EXTRANJEROS",3,1,4
" 03","NERVION","SALAMANCA","TOTAL POBLACION",7,3,10
" 03","NERVION","SANTA CRUZ DE TENERIFE","ESPAÑOLES",8,3,11
" 03","NERVION","SANTA CRUZ DE TENERIFE","EXTRANJEROS",2,1,3
" 03","NERVION","SANTA CRUZ DE TENERIFE","TOTAL POBLACION",10,4,14
" 03","NERVION","SEVILLA","ESPAÑOLES",198,197,395
" 03","NERVION","SEVILLA","EXTRANJEROS",13,23,36
" 03","NERVION","SEVILLA","TOTAL POBLACION",211,220,431
" 03","NERVION","SORIA","ESPAÑOLES",0,1,1
" 03","NERVION","SORIA","TOTAL POBLACION",0,1,1
" 03","NERVION","TARRAGONA","ESPAÑOLES",1,0,1
" 03","NERVION","TARRAGONA","TOTAL POBLACION",1,0,1
" 03","NERVION","TERUEL","ESPAÑOLES",1,0,1
" 03","NERVION","TERUEL","TOTAL POBLACION",1,0,1
" 03","NERVION","TOLEDO","ESPAÑOLES",2,2,4
" 03","NERVION","TOLEDO","EXTRANJEROS",0,1,1
" 03","NERVION","TOLEDO","TOTAL POBLACION",2,3,5
" 03","NERVION","VALENCIA","ESPAÑOLES",8,3,11
" 03","NERVION","VALENCIA","EXTRANJEROS",3,3,6
" 03","NERVION","VALENCIA","TOTAL POBLACION",11,6,17
" 03","NERVION","VALLADOLID","ESPAÑOLES",4,7,11
" 03","NERVION","VALLADOLID","TOTAL POBLACION",4,7,11
" 03","NERVION","ZAMORA","ESPAÑOLES",1,0,1
" 03","NERVION","ZAMORA","TOTAL POBLACION",1,0,1
" 03","NERVION","ZARAGOZA","ESPAÑOLES",2,3,5
" 03","NERVION","ZARAGOZA","EXTRANJEROS",0,1,1
" 03","NERVION","ZARAGOZA","TOTAL POBLACION",2,4,6
" 04","CERRO-AMATE","- TODOS -","ESPAÑOLES",829,857,1686
" 04","CERRO-AMATE","- TODOS -","EXTRANJEROS",318,348,666
" 04","CERRO-AMATE","- TODOS -","NO CONSTA",1,0,1
" 04","CERRO-AMATE","- TODOS -","TOTAL POBLACION",1148,1205,2353
" 04","CERRO-AMATE","ALBACETE","ESPAÑOLES",3,2,5
" 04","CERRO-AMATE","ALBACETE","EXTRANJEROS",1,2,3
" 04","CERRO-AMATE","ALBACETE","TOTAL POBLACION",4,4,8
" 04","CERRO-AMATE","ALICANTE","ESPAÑOLES",7,9,16
" 04","CERRO-AMATE","ALICANTE","EXTRANJEROS",6,6,12
" 04","CERRO-AMATE","ALICANTE","TOTAL POBLACION",13,15,28
" 04","CERRO-AMATE","ALMERIA","ESPAÑOLES",4,4,8
" 04","CERRO-AMATE","ALMERIA","EXTRANJEROS",2,10,12
" 04","CERRO-AMATE","ALMERIA","TOTAL POBLACION",6,14,20
" 04","CERRO-AMATE","ARABA/ALAVA","ESPAÑOLES",0,1,1
" 04","CERRO-AMATE","ARABA/ALAVA","EXTRANJEROS",4,3,7
" 04","CERRO-AMATE","ARABA/ALAVA","TOTAL POBLACION",4,4,8
" 04","CERRO-AMATE","ASTURIAS","ESPAÑOLES",1,5,6
" 04","CERRO-AMATE","ASTURIAS","EXTRANJEROS",1,3,4
" 04","CERRO-AMATE","ASTURIAS","TOTAL POBLACION",2,8,10
" 04","CERRO-AMATE","AVILA","EXTRANJEROS",1,0,1
" 04","CERRO-AMATE","AVILA","TOTAL POBLACION",1,0,1
" 04","CERRO-AMATE","BADAJOZ","ESPAÑOLES",8,7,15
" 04","CERRO-AMATE","BADAJOZ","EXTRANJEROS",3,2,5
" 04","CERRO-AMATE","BADAJOZ","TOTAL POBLACION",11,9,20
" 04","CERRO-AMATE","BALEARES","ESPAÑOLES",24,22,46
" 04","CERRO-AMATE","BALEARES","EXTRANJEROS",10,5,15
" 04","CERRO-AMATE","BALEARES","TOTAL POBLACION",34,27,61
" 04","CERRO-AMATE","BARCELONA","ESPAÑOLES",16,20,36
" 04","CERRO-AMATE","BARCELONA","EXTRANJEROS",25,17,42
" 04","CERRO-AMATE","BARCELONA","TOTAL POBLACION",41,37,78
" 04","CERRO-AMATE","BIZKAIA","ESPAÑOLES",3,4,7
" 04","CERRO-AMATE","BIZKAIA","EXTRANJEROS",1,2,3
" 04","CERRO-AMATE","BIZKAIA","TOTAL POBLACION",4,6,10
" 04","CERRO-AMATE","BURGOS","ESPAÑOLES",1,1,2
" 04","CERRO-AMATE","BURGOS","TOTAL POBLACION",1,1,2
" 04","CERRO-AMATE","CADIZ","ESPAÑOLES",42,54,96
" 04","CERRO-AMATE","CADIZ","EXTRANJEROS",16,15,31
" 04","CERRO-AMATE","CADIZ","TOTAL POBLACION",58,69,127
" 04","CERRO-AMATE","CANTABRIA","ESPAÑOLES",1,0,1
" 04","CERRO-AMATE","CANTABRIA","TOTAL POBLACION",1,0,1
" 04","CERRO-AMATE","CASTELLON","EXTRANJEROS",1,2,3
" 04","CERRO-AMATE","CASTELLON","TOTAL POBLACION",1,2,3
" 04","CERRO-AMATE","CEUTA","ESPAÑOLES",1,3,4
" 04","CERRO-AMATE","CEUTA","TOTAL POBLACION",1,3,4
" 04","CERRO-AMATE","CIUDAD REAL","ESPAÑOLES",1,1,2
" 04","CERRO-AMATE","CIUDAD REAL","EXTRANJEROS",3,2,5
" 04","CERRO-AMATE","CIUDAD REAL","TOTAL POBLACION",4,3,7
" 04","CERRO-AMATE","CORDOBA","ESPAÑOLES",11,12,23
" 04","CERRO-AMATE","CORDOBA","EXTRANJEROS",6,5,11
" 04","CERRO-AMATE","CORDOBA","TOTAL POBLACION",17,17,34
" 04","CERRO-AMATE","CUENCA","ESPAÑOLES",0,1,1
" 04","CERRO-AMATE","CUENCA","EXTRANJEROS",1,1,2
" 04","CERRO-AMATE","CUENCA","TOTAL POBLACION",1,2,3
" 04","CERRO-AMATE","EXTRAJERO","ESPAÑOLES",42,49,91
" 04","CERRO-AMATE","EXTRAJERO","EXTRANJEROS",8,16,24
" 04","CERRO-AMATE","EXTRAJERO","TOTAL POBLACION",50,65,115
" 04","CERRO-AMATE","GERONA","ESPAÑOLES",5,2,7
" 04","CERRO-AMATE","GERONA","EXTRANJEROS",1,3,4
" 04","CERRO-AMATE","GERONA","TOTAL POBLACION",6,5,11
" 04","CERRO-AMATE","GIPUZKOA","ESPAÑOLES",1,1,2
" 04","CERRO-AMATE","GIPUZKOA","EXTRANJEROS",2,1,3
" 04","CERRO-AMATE","GIPUZKOA","TOTAL POBLACION",3,2,5
" 04","CERRO-AMATE","GRANADA","ESPAÑOLES",9,10,19
" 04","CERRO-AMATE","GRANADA","EXTRANJEROS",4,5,9
" 04","CERRO-AMATE","GRANADA","TOTAL POBLACION",13,15,28
" 04","CERRO-AMATE","GUADALAJARA","ESPAÑOLES",0,2,2
" 04","CERRO-AMATE","GUADALAJARA","EXTRANJEROS",2,0,2
" 04","CERRO-AMATE","GUADALAJARA","TOTAL POBLACION",2,2,4
" 04","CERRO-AMATE","HUELVA","ESPAÑOLES",28,36,64
" 04","CERRO-AMATE","HUELVA","EXTRANJEROS",25,28,53
" 04","CERRO-AMATE","HUELVA","TOTAL POBLACION",53,64,117
" 04","CERRO-AMATE","HUESCA","ESPAÑOLES",3,1,4
" 04","CERRO-AMATE","HUESCA","TOTAL POBLACION",3,1,4
" 04","CERRO-AMATE","JAEN","ESPAÑOLES",5,4,9
" 04","CERRO-AMATE","JAEN","EXTRANJEROS",6,4,10
" 04","CERRO-AMATE","JAEN","TOTAL POBLACION",11,8,19
" 04","CERRO-AMATE","LA CORUÑA","ESPAÑOLES",2,2,4
" 04","CERRO-AMATE","LA CORUÑA","EXTRANJEROS",3,5,8
" 04","CERRO-AMATE","LA CORUÑA","TOTAL POBLACION",5,7,12
" 04","CERRO-AMATE","LA RIOJA","EXTRANJEROS",0,1,1
" 04","CERRO-AMATE","LA RIOJA","TOTAL POBLACION",0,1,1
" 04","CERRO-AMATE","LAS PALMAS","ESPAÑOLES",11,15,26
" 04","CERRO-AMATE","LAS PALMAS","EXTRANJEROS",6,1,7
" 04","CERRO-AMATE","LAS PALMAS","TOTAL POBLACION",17,16,33
" 04","CERRO-AMATE","LEON","ESPAÑOLES",1,4,5
" 04","CERRO-AMATE","LEON","EXTRANJEROS",1,0,1
" 04","CERRO-AMATE","LEON","TOTAL POBLACION",2,4,6
" 04","CERRO-AMATE","LLEIDA","ESPAÑOLES",1,1,2
" 04","CERRO-AMATE","LLEIDA","EXTRANJEROS",0,2,2
" 04","CERRO-AMATE","LLEIDA","TOTAL POBLACION",1,3,4
" 04","CERRO-AMATE","LUGO","ESPAÑOLES",1,2,3
" 04","CERRO-AMATE","LUGO","EXTRANJEROS",1,0,1
" 04","CERRO-AMATE","LUGO","TOTAL POBLACION",2,2,4
" 04","CERRO-AMATE","MADRID","ESPAÑOLES",41,38,79
" 04","CERRO-AMATE","MADRID","EXTRANJEROS",23,31,54
" 04","CERRO-AMATE","MADRID","NO CONSTA",1,0,1
" 04","CERRO-AMATE","MADRID","TOTAL POBLACION",65,69,134
" 04","CERRO-AMATE","MALAGA","ESPAÑOLES",22,13,35
" 04","CERRO-AMATE","MALAGA","EXTRANJEROS",20,21,41
" 04","CERRO-AMATE","MALAGA","TOTAL POBLACION",42,34,76
" 04","CERRO-AMATE","MELILLA","ESPAÑOLES",3,1,4
" 04","CERRO-AMATE","MELILLA","EXTRANJEROS",2,2,4
" 04","CERRO-AMATE","MELILLA","TOTAL POBLACION",5,3,8
" 04","CERRO-AMATE","MURCIA","ESPAÑOLES",1,3,4
" 04","CERRO-AMATE","MURCIA","EXTRANJEROS",7,6,13
" 04","CERRO-AMATE","MURCIA","TOTAL POBLACION",8,9,17
" 04","CERRO-AMATE","NAVARRA","ESPAÑOLES",1,0,1
" 04","CERRO-AMATE","NAVARRA","TOTAL POBLACION",1,0,1
" 04","CERRO-AMATE","ORENSE","ESPAÑOLES",1,0,1
" 04","CERRO-AMATE","ORENSE","EXTRANJEROS",1,0,1
" 04","CERRO-AMATE","ORENSE","TOTAL POBLACION",2,0,2
" 04","CERRO-AMATE","PONTEVEDRA","ESPAÑOLES",0,2,2
" 04","CERRO-AMATE","PONTEVEDRA","EXTRANJEROS",3,2,5
" 04","CERRO-AMATE","PONTEVEDRA","TOTAL POBLACION",3,4,7
" 04","CERRO-AMATE","SALAMANCA","ESPAÑOLES",2,1,3
" 04","CERRO-AMATE","SALAMANCA","TOTAL POBLACION",2,1,3
" 04","CERRO-AMATE","SANTA CRUZ DE TENERIFE","ESPAÑOLES",15,9,24
" 04","CERRO-AMATE","SANTA CRUZ DE TENERIFE","EXTRANJEROS",2,2,4
" 04","CERRO-AMATE","SANTA CRUZ DE TENERIFE","TOTAL POBLACION",17,11,28
" 04","CERRO-AMATE","SEGOVIA","ESPAÑOLES",0,1,1
" 04","CERRO-AMATE","SEGOVIA","EXTRANJEROS",1,3,4
" 04","CERRO-AMATE","SEGOVIA","TOTAL POBLACION",1,4,5
" 04","CERRO-AMATE","SEVILLA","ESPAÑOLES",495,497,992
" 04","CERRO-AMATE","SEVILLA","EXTRANJEROS",84,113,197
" 04","CERRO-AMATE","SEVILLA","TOTAL POBLACION",579,610,1189
" 04","CERRO-AMATE","TARRAGONA","ESPAÑOLES",5,2,7
" 04","CERRO-AMATE","TARRAGONA","EXTRANJEROS",6,6,12
" 04","CERRO-AMATE","TARRAGONA","TOTAL POBLACION",11,8,19
" 04","CERRO-AMATE","TOLEDO","ESPAÑOLES",2,3,5
" 04","CERRO-AMATE","TOLEDO","EXTRANJEROS",7,5,12
" 04","CERRO-AMATE","TOLEDO","TOTAL POBLACION",9,8,17
" 04","CERRO-AMATE","VALENCIA","ESPAÑOLES",7,7,14
" 04","CERRO-AMATE","VALENCIA","EXTRANJEROS",11,11,22
" 04","CERRO-AMATE","VALENCIA","TOTAL POBLACION",18,18,36
" 04","CERRO-AMATE","VALLADOLID","ESPAÑOLES",1,2,3
" 04","CERRO-AMATE","VALLADOLID","EXTRANJEROS",3,1,4
" 04","CERRO-AMATE","VALLADOLID","TOTAL POBLACION",4,3,7
" 04","CERRO-AMATE","ZARAGOZA","ESPAÑOLES",1,3,4
" 04","CERRO-AMATE","ZARAGOZA","EXTRANJEROS",8,4,12
" 04","CERRO-AMATE","ZARAGOZA","TOTAL POBLACION",9,7,16
" 05","SUR","- TODOS -","ESPAÑOLES",773,815,1588
" 05","SUR","- TODOS -","EXTRANJEROS",138,176,314
" 05","SUR","- TODOS -","TOTAL POBLACION",911,991,1902
" 05","SUR","ALBACETE","EXTRANJEROS",2,1,3
" 05","SUR","ALBACETE","TOTAL POBLACION",2,1,3
" 05","SUR","ALICANTE","ESPAÑOLES",5,6,11
" 05","SUR","ALICANTE","EXTRANJEROS",1,2,3
" 05","SUR","ALICANTE","TOTAL POBLACION",6,8,14
" 05","SUR","ALMERIA","ESPAÑOLES",5,8,13
" 05","SUR","ALMERIA","EXTRANJEROS",2,4,6
" 05","SUR","ALMERIA","TOTAL POBLACION",7,12,19
" 05","SUR","ARABA/ALAVA","ESPAÑOLES",1,0,1
" 05","SUR","ARABA/ALAVA","EXTRANJEROS",2,3,5
" 05","SUR","ARABA/ALAVA","TOTAL POBLACION",3,3,6
" 05","SUR","ASTURIAS","ESPAÑOLES",0,2,2
" 05","SUR","ASTURIAS","EXTRANJEROS",1,0,1
" 05","SUR","ASTURIAS","TOTAL POBLACION",1,2,3
" 05","SUR","BADAJOZ","ESPAÑOLES",14,15,29
" 05","SUR","BADAJOZ","EXTRANJEROS",2,5,7
" 05","SUR","BADAJOZ","TOTAL POBLACION",16,20,36
" 05","SUR","BALEARES","ESPAÑOLES",21,12,33
" 05","SUR","BALEARES","EXTRANJEROS",1,0,1
" 05","SUR","BALEARES","TOTAL POBLACION",22,12,34
" 05","SUR","BARCELONA","ESPAÑOLES",12,15,27
" 05","SUR","BARCELONA","EXTRANJEROS",19,11,30
" 05","SUR","BARCELONA","TOTAL POBLACION",31,26,57
" 05","SUR","BIZKAIA","ESPAÑOLES",0,3,3
" 05","SUR","BIZKAIA","EXTRANJEROS",1,3,4
" 05","SUR","BIZKAIA","TOTAL POBLACION",1,6,7
" 05","SUR","BURGOS","ESPAÑOLES",0,1,1
" 05","SUR","BURGOS","TOTAL POBLACION",0,1,1
" 05","SUR","CACERES","ESPAÑOLES",2,2,4
" 05","SUR","CACERES","TOTAL POBLACION",2,2,4
" 05","SUR","CADIZ","ESPAÑOLES",56,55,111
" 05","SUR","CADIZ","EXTRANJEROS",9,10,19
" 05","SUR","CADIZ","TOTAL POBLACION",65,65,130
" 05","SUR","CANTABRIA","ESPAÑOLES",4,3,7
" 05","SUR","CANTABRIA","TOTAL POBLACION",4,3,7
" 05","SUR","CASTELLON","ESPAÑOLES",4,0,4
" 05","SUR","CASTELLON","EXTRANJEROS",1,3,4
" 05","SUR","CASTELLON","TOTAL POBLACION",5,3,8
" 05","SUR","CEUTA","ESPAÑOLES",1,1,2
" 05","SUR","CEUTA","TOTAL POBLACION",1,1,2
" 05","SUR","CIUDAD REAL","ESPAÑOLES",2,6,8
" 05","SUR","CIUDAD REAL","EXTRANJEROS",1,5,6
" 05","SUR","CIUDAD REAL","TOTAL POBLACION",3,11,14
" 05","SUR","CORDOBA","ESPAÑOLES",15,24,39
" 05","SUR","CORDOBA","EXTRANJEROS",2,6,8
" 05","SUR","CORDOBA","TOTAL POBLACION",17,30,47
" 05","SUR","CUENCA","ESPAÑOLES",0,1,1
" 05","SUR","CUENCA","EXTRANJEROS",2,0,2
" 05","SUR","CUENCA","TOTAL POBLACION",2,1,3
" 05","SUR","EXTRAJERO","ESPAÑOLES",46,49,95
" 05","SUR","EXTRAJERO","EXTRANJEROS",6,8,14
" 05","SUR","EXTRAJERO","TOTAL POBLACION",52,57,109
" 05","SUR","GERONA","ESPAÑOLES",1,1,2
" 05","SUR","GERONA","EXTRANJEROS",3,0,3
" 05","SUR","GERONA","TOTAL POBLACION",4,1,5
" 05","SUR","GIPUZKOA","ESPAÑOLES",3,0,3
" 05","SUR","GIPUZKOA","EXTRANJEROS",2,0,2
" 05","SUR","GIPUZKOA","TOTAL POBLACION",5,0,5
" 05","SUR","GRANADA","ESPAÑOLES",6,20,26
" 05","SUR","GRANADA","EXTRANJEROS",3,2,5
" 05","SUR","GRANADA","TOTAL POBLACION",9,22,31
" 05","SUR","GUADALAJARA","ESPAÑOLES",0,1,1
" 05","SUR","GUADALAJARA","TOTAL POBLACION",0,1,1
" 05","SUR","HUELVA","ESPAÑOLES",29,26,55
" 05","SUR","HUELVA","EXTRANJEROS",3,5,8
" 05","SUR","HUELVA","TOTAL POBLACION",32,31,63
" 05","SUR","HUESCA","ESPAÑOLES",0,1,1
" 05","SUR","HUESCA","EXTRANJEROS",2,0,2
" 05","SUR","HUESCA","TOTAL POBLACION",2,1,3
" 05","SUR","JAEN","ESPAÑOLES",13,6,19
" 05","SUR","JAEN","TOTAL POBLACION",13,6,19
" 05","SUR","LA CORUÑA","ESPAÑOLES",4,3,7
" 05","SUR","LA CORUÑA","EXTRANJEROS",0,1,1
" 05","SUR","LA CORUÑA","TOTAL POBLACION",4,4,8
" 05","SUR","LAS PALMAS","ESPAÑOLES",13,17,30
" 05","SUR","LAS PALMAS","TOTAL POBLACION",13,17,30
" 05","SUR","LEON","EXTRANJEROS",1,1,2
" 05","SUR","LEON","TOTAL POBLACION",1,1,2
" 05","SUR","LLEIDA","ESPAÑOLES",0,2,2
" 05","SUR","LLEIDA","TOTAL POBLACION",0,2,2
" 05","SUR","LUGO","ESPAÑOLES",0,1,1
" 05","SUR","LUGO","TOTAL POBLACION",0,1,1
" 05","SUR","MADRID","ESPAÑOLES",80,80,160
" 05","SUR","MADRID","EXTRANJEROS",12,19,31
" 05","SUR","MADRID","TOTAL POBLACION",92,99,191
" 05","SUR","MALAGA","ESPAÑOLES",22,24,46
" 05","SUR","MALAGA","EXTRANJEROS",7,13,20
" 05","SUR","MALAGA","TOTAL POBLACION",29,37,66
" 05","SUR","MELILLA","ESPAÑOLES",2,2,4
" 05","SUR","MELILLA","EXTRANJEROS",0,1,1
" 05","SUR","MELILLA","TOTAL POBLACION",2,3,5
" 05","SUR","MURCIA","ESPAÑOLES",4,7,11
" 05","SUR","MURCIA","EXTRANJEROS",0,2,2
" 05","SUR","MURCIA","TOTAL POBLACION",4,9,13
" 05","SUR","NAVARRA","ESPAÑOLES",1,1,2
" 05","SUR","NAVARRA","EXTRANJEROS",2,3,5
" 05","SUR","NAVARRA","TOTAL POBLACION",3,4,7
" 05","SUR","PONTEVEDRA","ESPAÑOLES",0,1,1
" 05","SUR","PONTEVEDRA","TOTAL POBLACION",0,1,1
" 05","SUR","SALAMANCA","ESPAÑOLES",0,1,1
" 05","SUR","SALAMANCA","TOTAL POBLACION",0,1,1
" 05","SUR","SANTA CRUZ DE TENERIFE","ESPAÑOLES",10,10,20
" 05","SUR","SANTA CRUZ DE TENERIFE","EXTRANJEROS",2,0,2
" 05","SUR","SANTA CRUZ DE TENERIFE","TOTAL POBLACION",12,10,22
" 05","SUR","SEGOVIA","ESPAÑOLES",1,0,1
" 05","SUR","SEGOVIA","EXTRANJEROS",1,1,2
" 05","SUR","SEGOVIA","TOTAL POBLACION",2,1,3
" 05","SUR","SEVILLA","ESPAÑOLES",381,394,775
" 05","SUR","SEVILLA","EXTRANJEROS",33,58,91
" 05","SUR","SEVILLA","TOTAL POBLACION",414,452,866
" 05","SUR","TARRAGONA","ESPAÑOLES",3,3,6
" 05","SUR","TARRAGONA","TOTAL POBLACION",3,3,6
" 05","SUR","TERUEL","EXTRANJEROS",1,0,1
" 05","SUR","TERUEL","TOTAL POBLACION",1,0,1
" 05","SUR","TOLEDO","ESPAÑOLES",3,4,7
" 05","SUR","TOLEDO","EXTRANJEROS",2,2,4
" 05","SUR","TOLEDO","TOTAL POBLACION",5,6,11
" 05","SUR","VALENCIA","ESPAÑOLES",4,4,8
" 05","SUR","VALENCIA","EXTRANJEROS",7,4,11
" 05","SUR","VALENCIA","TOTAL POBLACION",11,8,19
" 05","SUR","VALLADOLID","ESPAÑOLES",2,2,4
" 05","SUR","VALLADOLID","EXTRANJEROS",1,0,1
" 05","SUR","VALLADOLID","TOTAL POBLACION",3,2,5
" 05","SUR","ZAMORA","ESPAÑOLES",1,0,1
" 05","SUR","ZAMORA","TOTAL POBLACION",1,0,1
" 05","SUR","ZARAGOZA","ESPAÑOLES",2,1,3
" 05","SUR","ZARAGOZA","EXTRANJEROS",4,3,7
" 05","SUR","ZARAGOZA","TOTAL POBLACION",6,4,10
" 06","TRIANA","- TODOS -","ESPAÑOLES",537,601,1138
" 06","TRIANA","- TODOS -","EXTRANJEROS",55,78,133
" 06","TRIANA","- TODOS -","NO CONSTA",1,0,1
" 06","TRIANA","- TODOS -","TOTAL POBLACION",593,679,1272
" 06","TRIANA","ALICANTE","ESPAÑOLES",0,1,1
" 06","TRIANA","ALICANTE","EXTRANJEROS",1,1,2
" 06","TRIANA","ALICANTE","TOTAL POBLACION",1,2,3
" 06","TRIANA","ALMERIA","ESPAÑOLES",6,3,9
" 06","TRIANA","ALMERIA","TOTAL POBLACION",6,3,9
" 06","TRIANA","ASTURIAS","ESPAÑOLES",0,3,3
" 06","TRIANA","ASTURIAS","TOTAL POBLACION",0,3,3
" 06","TRIANA","AVILA","ESPAÑOLES",0,1,1
" 06","TRIANA","AVILA","TOTAL POBLACION",0,1,1
" 06","TRIANA","BADAJOZ","ESPAÑOLES",12,12,24
" 06","TRIANA","BADAJOZ","TOTAL POBLACION",12,12,24
" 06","TRIANA","BALEARES","ESPAÑOLES",9,10,19
" 06","TRIANA","BALEARES","EXTRANJEROS",1,2,3
" 06","TRIANA","BALEARES","TOTAL POBLACION",10,12,22
" 06","TRIANA","BARCELONA","ESPAÑOLES",15,12,27
" 06","TRIANA","BARCELONA","EXTRANJEROS",4,4,8
" 06","TRIANA","BARCELONA","TOTAL POBLACION",19,16,35
" 06","TRIANA","BIZKAIA","ESPAÑOLES",4,3,7
" 06","TRIANA","BIZKAIA","EXTRANJEROS",0,1,1
" 06","TRIANA","BIZKAIA","TOTAL POBLACION",4,4,8
" 06","TRIANA","CACERES","ESPAÑOLES",5,2,7
" 06","TRIANA","CACERES","EXTRANJEROS",0,1,1
" 06","TRIANA","CACERES","TOTAL POBLACION",5,3,8
" 06","TRIANA","CADIZ","ESPAÑOLES",32,38,70
" 06","TRIANA","CADIZ","EXTRANJEROS",0,3,3
" 06","TRIANA","CADIZ","TOTAL POBLACION",32,41,73
" 06","TRIANA","CANTABRIA","ESPAÑOLES",3,1,4
" 06","TRIANA","CANTABRIA","EXTRANJEROS",1,0,1
" 06","TRIANA","CANTABRIA","TOTAL POBLACION",4,1,5
" 06","TRIANA","CEUTA","ESPAÑOLES",0,1,1
" 06","TRIANA","CEUTA","TOTAL POBLACION",0,1,1
" 06","TRIANA","CIUDAD REAL","ESPAÑOLES",1,4,5
" 06","TRIANA","CIUDAD REAL","TOTAL POBLACION",1,4,5
" 06","TRIANA","CORDOBA","ESPAÑOLES",7,7,14
" 06","TRIANA","CORDOBA","EXTRANJEROS",1,1,2
" 06","TRIANA","CORDOBA","TOTAL POBLACION",8,8,16
" 06","TRIANA","CUENCA","ESPAÑOLES",1,0,1
" 06","TRIANA","CUENCA","TOTAL POBLACION",1,0,1
" 06","TRIANA","EXTRAJERO","ESPAÑOLES",38,52,90
" 06","TRIANA","EXTRAJERO","EXTRANJEROS",7,10,17
" 06","TRIANA","EXTRAJERO","TOTAL POBLACION",45,62,107
" 06","TRIANA","GERONA","ESPAÑOLES",2,0,2
" 06","TRIANA","GERONA","TOTAL POBLACION",2,0,2
" 06","TRIANA","GIPUZKOA","ESPAÑOLES",1,1,2
" 06","TRIANA","GIPUZKOA","EXTRANJEROS",0,1,1
" 06","TRIANA","GIPUZKOA","TOTAL POBLACION",1,2,3
" 06","TRIANA","GRANADA","ESPAÑOLES",7,12,19
" 06","TRIANA","GRANADA","EXTRANJEROS",2,2,4
" 06","TRIANA","GRANADA","TOTAL POBLACION",9,14,23
" 06","TRIANA","HUELVA","ESPAÑOLES",26,36,62
" 06","TRIANA","HUELVA","EXTRANJEROS",2,4,6
" 06","TRIANA","HUELVA","TOTAL POBLACION",28,40,68
" 06","TRIANA","JAEN","ESPAÑOLES",4,6,10
" 06","TRIANA","JAEN","EXTRANJEROS",0,1,1
" 06","TRIANA","JAEN","TOTAL POBLACION",4,7,11
" 06","TRIANA","LA RIOJA","ESPAÑOLES",1,1,2
" 06","TRIANA","LA RIOJA","EXTRANJEROS",1,0,1
" 06","TRIANA","LA RIOJA","TOTAL POBLACION",2,1,3
" 06","TRIANA","LAS PALMAS","ESPAÑOLES",3,5,8
" 06","TRIANA","LAS PALMAS","EXTRANJEROS",0,2,2
" 06","TRIANA","LAS PALMAS","TOTAL POBLACION",3,7,10
" 06","TRIANA","LEON","ESPAÑOLES",1,1,2
" 06","TRIANA","LEON","TOTAL POBLACION",1,1,2
" 06","TRIANA","LUGO","ESPAÑOLES",0,1,1
" 06","TRIANA","LUGO","TOTAL POBLACION",0,1,1
" 06","TRIANA","MADRID","ESPAÑOLES",52,33,85
" 06","TRIANA","MADRID","EXTRANJEROS",6,10,16
" 06","TRIANA","MADRID","TOTAL POBLACION",58,43,101
" 06","TRIANA","MALAGA","ESPAÑOLES",14,17,31
" 06","TRIANA","MALAGA","EXTRANJEROS",4,3,7
" 06","TRIANA","MALAGA","TOTAL POBLACION",18,20,38
" 06","TRIANA","MELILLA","ESPAÑOLES",1,0,1
" 06","TRIANA","MELILLA","TOTAL POBLACION",1,0,1
" 06","TRIANA","MURCIA","ESPAÑOLES",4,5,9
" 06","TRIANA","MURCIA","EXTRANJEROS",1,0,1
" 06","TRIANA","MURCIA","TOTAL POBLACION",5,5,10
" 06","TRIANA","NAVARRA","ESPAÑOLES",1,1,2
" 06","TRIANA","NAVARRA","EXTRANJEROS",1,1,2
" 06","TRIANA","NAVARRA","TOTAL POBLACION",2,2,4
" 06","TRIANA","ORENSE","ESPAÑOLES",1,0,1
" 06","TRIANA","ORENSE","TOTAL POBLACION",1,0,1
" 06","TRIANA","PONTEVEDRA","ESPAÑOLES",1,0,1
" 06","TRIANA","PONTEVEDRA","EXTRANJEROS",0,1,1
" 06","TRIANA","PONTEVEDRA","TOTAL POBLACION",1,1,2
" 06","TRIANA","SALAMANCA","ESPAÑOLES",8,3,11
" 06","TRIANA","SALAMANCA","EXTRANJEROS",2,0,2
" 06","TRIANA","SALAMANCA","TOTAL POBLACION",10,3,13
" 06","TRIANA","SANTA CRUZ DE TENERIFE","ESPAÑOLES",1,2,3
" 06","TRIANA","SANTA CRUZ DE TENERIFE","EXTRANJEROS",0,2,2
" 06","TRIANA","SANTA CRUZ DE TENERIFE","TOTAL POBLACION",1,4,5
" 06","TRIANA","SEVILLA","ESPAÑOLES",265,319,584
" 06","TRIANA","SEVILLA","EXTRANJEROS",18,28,46
" 06","TRIANA","SEVILLA","NO CONSTA",1,0,1
" 06","TRIANA","SEVILLA","TOTAL POBLACION",284,347,631
" 06","TRIANA","TARRAGONA","ESPAÑOLES",2,3,5
" 06","TRIANA","TARRAGONA","TOTAL POBLACION",2,3,5
" 06","TRIANA","TERUEL","ESPAÑOLES",1,1,2
" 06","TRIANA","TERUEL","TOTAL POBLACION",1,1,2
" 06","TRIANA","TOLEDO","ESPAÑOLES",2,1,3
" 06","TRIANA","TOLEDO","EXTRANJEROS",1,0,1
" 06","TRIANA","TOLEDO","TOTAL POBLACION",3,1,4
" 06","TRIANA","VALENCIA","ESPAÑOLES",5,3,8
" 06","TRIANA","VALENCIA","EXTRANJEROS",2,0,2
" 06","TRIANA","VALENCIA","TOTAL POBLACION",7,3,10
" 06","TRIANA","VALLADOLID","ESPAÑOLES",1,0,1
" 06","TRIANA","VALLADOLID","TOTAL POBLACION",1,0,1
" 07","NORTE","- TODOS -","ESPAÑOLES",604,712,1316
" 07","NORTE","- TODOS -","EXTRANJEROS",77,76,153
" 07","NORTE","- TODOS -","NO CONSTA",0,1,1
" 07","NORTE","- TODOS -","TOTAL POBLACION",681,789,1470
" 07","NORTE","ALBACETE","ESPAÑOLES",3,1,4
" 07","NORTE","ALBACETE","EXTRANJEROS",1,0,1
" 07","NORTE","ALBACETE","TOTAL POBLACION",4,1,5
" 07","NORTE","ALICANTE","ESPAÑOLES",4,7,11
" 07","NORTE","ALICANTE","EXTRANJEROS",2,0,2
" 07","NORTE","ALICANTE","TOTAL POBLACION",6,7,13
" 07","NORTE","ALMERIA","ESPAÑOLES",2,0,2
" 07","NORTE","ALMERIA","EXTRANJEROS",2,0,2
" 07","NORTE","ALMERIA","TOTAL POBLACION",4,0,4
" 07","NORTE","ASTURIAS","ESPAÑOLES",1,3,4
" 07","NORTE","ASTURIAS","EXTRANJEROS",1,0,1
" 07","NORTE","ASTURIAS","TOTAL POBLACION",2,3,5
" 07","NORTE","AVILA","EXTRANJEROS",1,0,1
" 07","NORTE","AVILA","TOTAL POBLACION",1,0,1
" 07","NORTE","BADAJOZ","ESPAÑOLES",8,16,24
" 07","NORTE","BADAJOZ","EXTRANJEROS",0,2,2
" 07","NORTE","BADAJOZ","TOTAL POBLACION",8,18,26
" 07","NORTE","BALEARES","ESPAÑOLES",18,17,35
" 07","NORTE","BALEARES","EXTRANJEROS",3,3,6
" 07","NORTE","BALEARES","TOTAL POBLACION",21,20,41
" 07","NORTE","BARCELONA","ESPAÑOLES",10,15,25
" 07","NORTE","BARCELONA","EXTRANJEROS",7,8,15
" 07","NORTE","BARCELONA","TOTAL POBLACION",17,23,40
" 07","NORTE","BIZKAIA","ESPAÑOLES",2,2,4
" 07","NORTE","BIZKAIA","TOTAL POBLACION",2,2,4
" 07","NORTE","BURGOS","ESPAÑOLES",1,0,1
" 07","NORTE","BURGOS","EXTRANJEROS",0,3,3
" 07","NORTE","BURGOS","TOTAL POBLACION",1,3,4
" 07","NORTE","CACERES","ESPAÑOLES",3,2,5
" 07","NORTE","CACERES","TOTAL POBLACION",3,2,5
" 07","NORTE","CADIZ","ESPAÑOLES",27,23,50
" 07","NORTE","CADIZ","EXTRANJEROS",5,2,7
" 07","NORTE","CADIZ","TOTAL POBLACION",32,25,57
" 07","NORTE","CASTELLON","ESPAÑOLES",1,0,1
" 07","NORTE","CASTELLON","EXTRANJEROS",0,2,2
" 07","NORTE","CASTELLON","TOTAL POBLACION",1,2,3
" 07","NORTE","CEUTA","ESPAÑOLES",0,2,2
" 07","NORTE","CEUTA","TOTAL POBLACION",0,2,2
" 07","NORTE","CIUDAD REAL","ESPAÑOLES",1,2,3
" 07","NORTE","CIUDAD REAL","TOTAL POBLACION",1,2,3
" 07","NORTE","CORDOBA","ESPAÑOLES",10,5,15
" 07","NORTE","CORDOBA","TOTAL POBLACION",10,5,15
" 07","NORTE","EXTRAJERO","ESPAÑOLES",27,25,52
" 07","NORTE","EXTRAJERO","EXTRANJEROS",4,0,4
" 07","NORTE","EXTRAJERO","TOTAL POBLACION",31,25,56
" 07","NORTE","GERONA","ESPAÑOLES",4,4,8
" 07","NORTE","GERONA","TOTAL POBLACION",4,4,8
" 07","NORTE","GIPUZKOA","ESPAÑOLES",3,0,3
" 07","NORTE","GIPUZKOA","TOTAL POBLACION",3,0,3
" 07","NORTE","GRANADA","ESPAÑOLES",5,6,11
" 07","NORTE","GRANADA","EXTRANJEROS",1,0,1
" 07","NORTE","GRANADA","TOTAL POBLACION",6,6,12
" 07","NORTE","HUELVA","ESPAÑOLES",16,32,48
" 07","NORTE","HUELVA","EXTRANJEROS",5,6,11
" 07","NORTE","HUELVA","TOTAL POBLACION",21,38,59
" 07","NORTE","JAEN","ESPAÑOLES",1,0,1
" 07","NORTE","JAEN","TOTAL POBLACION",1,0,1
" 07","NORTE","LA CORUÑA","ESPAÑOLES",1,3,4
" 07","NORTE","LA CORUÑA","EXTRANJEROS",0,1,1
" 07","NORTE","LA CORUÑA","TOTAL POBLACION",1,4,5
" 07","NORTE","LA RIOJA","ESPAÑOLES",0,1,1
" 07","NORTE","LA RIOJA","TOTAL POBLACION",0,1,1
" 07","NORTE","LAS PALMAS","ESPAÑOLES",9,10,19
" 07","NORTE","LAS PALMAS","EXTRANJEROS",0,1,1
" 07","NORTE","LAS PALMAS","TOTAL POBLACION",9,11,20
" 07","NORTE","LLEIDA","ESPAÑOLES",1,0,1
" 07","NORTE","LLEIDA","TOTAL POBLACION",1,0,1
" 07","NORTE","LUGO","ESPAÑOLES",0,1,1
" 07","NORTE","LUGO","TOTAL POBLACION",0,1,1
" 07","NORTE","MADRID","ESPAÑOLES",33,30,63
" 07","NORTE","MADRID","EXTRANJEROS",9,10,19
" 07","NORTE","MADRID","TOTAL POBLACION",42,40,82
" 07","NORTE","MALAGA","ESPAÑOLES",13,15,28
" 07","NORTE","MALAGA","EXTRANJEROS",3,1,4
" 07","NORTE","MALAGA","TOTAL POBLACION",16,16,32
" 07","NORTE","MELILLA","ESPAÑOLES",1,0,1
" 07","NORTE","MELILLA","TOTAL POBLACION",1,0,1
" 07","NORTE","MURCIA","ESPAÑOLES",6,0,6
" 07","NORTE","MURCIA","EXTRANJEROS",3,1,4
" 07","NORTE","MURCIA","TOTAL POBLACION",9,1,10
" 07","NORTE","NAVARRA","ESPAÑOLES",4,3,7
" 07","NORTE","NAVARRA","TOTAL POBLACION",4,3,7
" 07","NORTE","ORENSE","ESPAÑOLES",0,1,1
" 07","NORTE","ORENSE","TOTAL POBLACION",0,1,1
" 07","NORTE","PONTEVEDRA","ESPAÑOLES",1,0,1
" 07","NORTE","PONTEVEDRA","TOTAL POBLACION",1,0,1
" 07","NORTE","SALAMANCA","ESPAÑOLES",2,1,3
" 07","NORTE","SALAMANCA","EXTRANJEROS",1,0,1
" 07","NORTE","SALAMANCA","TOTAL POBLACION",3,1,4
" 07","NORTE","SANTA CRUZ DE TENERIFE","ESPAÑOLES",6,11,17
" 07","NORTE","SANTA CRUZ DE TENERIFE","EXTRANJEROS",0,1,1
" 07","NORTE","SANTA CRUZ DE TENERIFE","TOTAL POBLACION",6,12,18
" 07","NORTE","SEVILLA","ESPAÑOLES",376,465,841
" 07","NORTE","SEVILLA","EXTRANJEROS",28,30,58
" 07","NORTE","SEVILLA","NO CONSTA",0,1,1
" 07","NORTE","SEVILLA","TOTAL POBLACION",404,496,900
" 07","NORTE","SORIA","ESPAÑOLES",1,0,1
" 07","NORTE","SORIA","TOTAL POBLACION",1,0,1
" 07","NORTE","TARRAGONA","ESPAÑOLES",0,1,1
" 07","NORTE","TARRAGONA","EXTRANJEROS",1,0,1
" 07","NORTE","TARRAGONA","TOTAL POBLACION",1,1,2
" 07","NORTE","TOLEDO","ESPAÑOLES",0,2,2
" 07","NORTE","TOLEDO","EXTRANJEROS",0,1,1
" 07","NORTE","TOLEDO","TOTAL POBLACION",0,3,3
" 07","NORTE","VALENCIA","ESPAÑOLES",1,2,3
" 07","NORTE","VALENCIA","TOTAL POBLACION",1,2,3
" 07","NORTE","VALLADOLID","ESPAÑOLES",0,1,1
" 07","NORTE","VALLADOLID","TOTAL POBLACION",0,1,1
" 07","NORTE","ZARAGOZA","ESPAÑOLES",2,3,5
" 07","NORTE","ZARAGOZA","EXTRANJEROS",0,4,4
" 07","NORTE","ZARAGOZA","TOTAL POBLACION",2,7,9
" 08","S. PABLO-STA. JUSTA","- TODOS -","ESPAÑOLES",623,572,1195
" 08","S. PABLO-STA. JUSTA","- TODOS -","EXTRANJEROS",77,98,175
" 08","S. PABLO-STA. JUSTA","- TODOS -","TOTAL POBLACION",700,670,1370
" 08","S. PABLO-STA. JUSTA","ALICANTE","ESPAÑOLES",4,1,5
" 08","S. PABLO-STA. JUSTA","ALICANTE","EXTRANJEROS",2,1,3
" 08","S. PABLO-STA. JUSTA","ALICANTE","TOTAL POBLACION",6,2,8
" 08","S. PABLO-STA. JUSTA","ALMERIA","ESPAÑOLES",3,2,5
" 08","S. PABLO-STA. JUSTA","ALMERIA","TOTAL POBLACION",3,2,5
" 08","S. PABLO-STA. JUSTA","BADAJOZ","ESPAÑOLES",9,14,23
" 08","S. PABLO-STA. JUSTA","BADAJOZ","EXTRANJEROS",0,1,1
" 08","S. PABLO-STA. JUSTA","BADAJOZ","TOTAL POBLACION",9,15,24
" 08","S. PABLO-STA. JUSTA","BALEARES","ESPAÑOLES",15,10,25
" 08","S. PABLO-STA. JUSTA","BALEARES","EXTRANJEROS",3,1,4
" 08","S. PABLO-STA. JUSTA","BALEARES","TOTAL POBLACION",18,11,29
" 08","S. PABLO-STA. JUSTA","BARCELONA","ESPAÑOLES",16,18,34
" 08","S. PABLO-STA. JUSTA","BARCELONA","EXTRANJEROS",7,3,10
" 08","S. PABLO-STA. JUSTA","BARCELONA","TOTAL POBLACION",23,21,44
" 08","S. PABLO-STA. JUSTA","BIZKAIA","ESPAÑOLES",7,4,11
" 08","S. PABLO-STA. JUSTA","BIZKAIA","EXTRANJEROS",0,2,2
" 08","S. PABLO-STA. JUSTA","BIZKAIA","TOTAL POBLACION",7,6,13
" 08","S. PABLO-STA. JUSTA","BURGOS","ESPAÑOLES",0,1,1
" 08","S. PABLO-STA. JUSTA","BURGOS","TOTAL POBLACION",0,1,1
" 08","S. PABLO-STA. JUSTA","CACERES","ESPAÑOLES",2,2,4
" 08","S. PABLO-STA. JUSTA","CACERES","TOTAL POBLACION",2,2,4
" 08","S. PABLO-STA. JUSTA","CADIZ","ESPAÑOLES",43,31,74
" 08","S. PABLO-STA. JUSTA","CADIZ","EXTRANJEROS",5,8,13
" 08","S. PABLO-STA. JUSTA","CADIZ","TOTAL POBLACION",48,39,87
" 08","S. PABLO-STA. JUSTA","CANTABRIA","ESPAÑOLES",1,1,2
" 08","S. PABLO-STA. JUSTA","CANTABRIA","TOTAL POBLACION",1,1,2
" 08","S. PABLO-STA. JUSTA","CASTELLON","ESPAÑOLES",0,1,1
" 08","S. PABLO-STA. JUSTA","CASTELLON","TOTAL POBLACION",0,1,1
" 08","S. PABLO-STA. JUSTA","CEUTA","ESPAÑOLES",2,2,4
" 08","S. PABLO-STA. JUSTA","CEUTA","EXTRANJEROS",1,0,1
" 08","S. PABLO-STA. JUSTA","CEUTA","TOTAL POBLACION",3,2,5
" 08","S. PABLO-STA. JUSTA","CIUDAD REAL","ESPAÑOLES",1,3,4
" 08","S. PABLO-STA. JUSTA","CIUDAD REAL","TOTAL POBLACION",1,3,4
" 08","S. PABLO-STA. JUSTA","CORDOBA","ESPAÑOLES",7,9,16
" 08","S. PABLO-STA. JUSTA","CORDOBA","TOTAL POBLACION",7,9,16
" 08","S. PABLO-STA. JUSTA","CUENCA","ESPAÑOLES",2,0,2
" 08","S. PABLO-STA. JUSTA","CUENCA","TOTAL POBLACION",2,0,2
" 08","S. PABLO-STA. JUSTA","EXTRAJERO","ESPAÑOLES",44,40,84
" 08","S. PABLO-STA. JUSTA","EXTRAJERO","EXTRANJEROS",6,5,11
" 08","S. PABLO-STA. JUSTA","EXTRAJERO","TOTAL POBLACION",50,45,95
" 08","S. PABLO-STA. JUSTA","GERONA","ESPAÑOLES",0,1,1
" 08","S. PABLO-STA. JUSTA","GERONA","EXTRANJEROS",1,2,3
" 08","S. PABLO-STA. JUSTA","GERONA","TOTAL POBLACION",1,3,4
" 08","S. PABLO-STA. JUSTA","GIPUZKOA","ESPAÑOLES",1,3,4
" 08","S. PABLO-STA. JUSTA","GIPUZKOA","TOTAL POBLACION",1,3,4
" 08","S. PABLO-STA. JUSTA","GRANADA","ESPAÑOLES",17,17,34
" 08","S. PABLO-STA. JUSTA","GRANADA","EXTRANJEROS",1,1,2
" 08","S. PABLO-STA. JUSTA","GRANADA","TOTAL POBLACION",18,18,36
" 08","S. PABLO-STA. JUSTA","GUADALAJARA","ESPAÑOLES",2,0,2
" 08","S. PABLO-STA. JUSTA","GUADALAJARA","TOTAL POBLACION",2,0,2
" 08","S. PABLO-STA. JUSTA","HUELVA","ESPAÑOLES",26,21,47
" 08","S. PABLO-STA. JUSTA","HUELVA","EXTRANJEROS",1,2,3
" 08","S. PABLO-STA. JUSTA","HUELVA","TOTAL POBLACION",27,23,50
" 08","S. PABLO-STA. JUSTA","HUESCA","ESPAÑOLES",0,1,1
" 08","S. PABLO-STA. JUSTA","HUESCA","TOTAL POBLACION",0,1,1
" 08","S. PABLO-STA. JUSTA","JAEN","ESPAÑOLES",6,5,11
" 08","S. PABLO-STA. JUSTA","JAEN","TOTAL POBLACION",6,5,11
" 08","S. PABLO-STA. JUSTA","LA CORUÑA","ESPAÑOLES",3,0,3
" 08","S. PABLO-STA. JUSTA","LA CORUÑA","TOTAL POBLACION",3,0,3
" 08","S. PABLO-STA. JUSTA","LA RIOJA","ESPAÑOLES",1,3,4
" 08","S. PABLO-STA. JUSTA","LA RIOJA","TOTAL POBLACION",1,3,4
" 08","S. PABLO-STA. JUSTA","LAS PALMAS","ESPAÑOLES",6,11,17
" 08","S. PABLO-STA. JUSTA","LAS PALMAS","EXTRANJEROS",2,0,2
" 08","S. PABLO-STA. JUSTA","LAS PALMAS","TOTAL POBLACION",8,11,19
" 08","S. PABLO-STA. JUSTA","LEON","ESPAÑOLES",2,0,2
" 08","S. PABLO-STA. JUSTA","LEON","TOTAL POBLACION",2,0,2
" 08","S. PABLO-STA. JUSTA","LLEIDA","ESPAÑOLES",0,1,1
" 08","S. PABLO-STA. JUSTA","LLEIDA","TOTAL POBLACION",0,1,1
" 08","S. PABLO-STA. JUSTA","MADRID","ESPAÑOLES",49,35,84
" 08","S. PABLO-STA. JUSTA","MADRID","EXTRANJEROS",11,15,26
" 08","S. PABLO-STA. JUSTA","MADRID","TOTAL POBLACION",60,50,110
" 08","S. PABLO-STA. JUSTA","MALAGA","ESPAÑOLES",21,22,43
" 08","S. PABLO-STA. JUSTA","MALAGA","EXTRANJEROS",8,8,16
" 08","S. PABLO-STA. JUSTA","MALAGA","TOTAL POBLACION",29,30,59
" 08","S. PABLO-STA. JUSTA","MELILLA","ESPAÑOLES",1,0,1
" 08","S. PABLO-STA. JUSTA","MELILLA","TOTAL POBLACION",1,0,1
" 08","S. PABLO-STA. JUSTA","MURCIA","ESPAÑOLES",1,0,1
" 08","S. PABLO-STA. JUSTA","MURCIA","EXTRANJEROS",1,2,3
" 08","S. PABLO-STA. JUSTA","MURCIA","TOTAL POBLACION",2,2,4
" 08","S. PABLO-STA. JUSTA","PALENCIA","ESPAÑOLES",1,1,2
" 08","S. PABLO-STA. JUSTA","PALENCIA","TOTAL POBLACION",1,1,2
" 08","S. PABLO-STA. JUSTA","PONTEVEDRA","ESPAÑOLES",2,2,4
" 08","S. PABLO-STA. JUSTA","PONTEVEDRA","TOTAL POBLACION",2,2,4
" 08","S. PABLO-STA. JUSTA","SANTA CRUZ DE TENERIFE","ESPAÑOLES",6,3,9
" 08","S. PABLO-STA. JUSTA","SANTA CRUZ DE TENERIFE","EXTRANJEROS",1,1,2
" 08","S. PABLO-STA. JUSTA","SANTA CRUZ DE TENERIFE","TOTAL POBLACION",7,4,11
" 08","S. PABLO-STA. JUSTA","SEGOVIA","EXTRANJEROS",1,0,1
" 08","S. PABLO-STA. JUSTA","SEGOVIA","TOTAL POBLACION",1,0,1
" 08","S. PABLO-STA. JUSTA","SEVILLA","ESPAÑOLES",305,294,599
" 08","S. PABLO-STA. JUSTA","SEVILLA","EXTRANJEROS",16,36,52
" 08","S. PABLO-STA. JUSTA","SEVILLA","TOTAL POBLACION",321,330,651
" 08","S. PABLO-STA. JUSTA","TARRAGONA","ESPAÑOLES",4,4,8
" 08","S. PABLO-STA. JUSTA","TARRAGONA","EXTRANJEROS",0,1,1
" 08","S. PABLO-STA. JUSTA","TARRAGONA","TOTAL POBLACION",4,5,9
" 08","S. PABLO-STA. JUSTA","TOLEDO","EXTRANJEROS",4,2,6
" 08","S. PABLO-STA. JUSTA","TOLEDO","TOTAL POBLACION",4,2,6
" 08","S. PABLO-STA. JUSTA","VALENCIA","ESPAÑOLES",5,2,7
" 08","S. PABLO-STA. JUSTA","VALENCIA","EXTRANJEROS",4,7,11
" 08","S. PABLO-STA. JUSTA","VALENCIA","TOTAL POBLACION",9,9,18
" 08","S. PABLO-STA. JUSTA","VALLADOLID","ESPAÑOLES",1,2,3
" 08","S. PABLO-STA. JUSTA","VALLADOLID","TOTAL POBLACION",1,2,3
" 08","S. PABLO-STA. JUSTA","ZARAGOZA","ESPAÑOLES",7,5,12
" 08","S. PABLO-STA. JUSTA","ZARAGOZA","EXTRANJEROS",2,0,2
" 08","S. PABLO-STA. JUSTA","ZARAGOZA","TOTAL POBLACION",9,5,14
" 09","ESTE","- TODOS -","ESPAÑOLES",884,840,1724
" 09","ESTE","- TODOS -","EXTRANJEROS",127,152,279
" 09","ESTE","- TODOS -","TOTAL POBLACION",1011,992,2003
" 09","ESTE","ALBACETE","ESPAÑOLES",1,2,3
" 09","ESTE","ALBACETE","EXTRANJEROS",2,0,2
" 09","ESTE","ALBACETE","TOTAL POBLACION",3,2,5
" 09","ESTE","ALICANTE","ESPAÑOLES",5,1,6
" 09","ESTE","ALICANTE","EXTRANJEROS",2,3,5
" 09","ESTE","ALICANTE","TOTAL POBLACION",7,4,11
" 09","ESTE","ALMERIA","ESPAÑOLES",6,1,7
" 09","ESTE","ALMERIA","EXTRANJEROS",4,3,7
" 09","ESTE","ALMERIA","TOTAL POBLACION",10,4,14
" 09","ESTE","ARABA/ALAVA","ESPAÑOLES",0,1,1
" 09","ESTE","ARABA/ALAVA","EXTRANJEROS",3,1,4
" 09","ESTE","ARABA/ALAVA","TOTAL POBLACION",3,2,5
" 09","ESTE","ASTURIAS","ESPAÑOLES",1,0,1
" 09","ESTE","ASTURIAS","EXTRANJEROS",1,0,1
" 09","ESTE","ASTURIAS","TOTAL POBLACION",2,0,2
" 09","ESTE","AVILA","ESPAÑOLES",0,1,1
" 09","ESTE","AVILA","TOTAL POBLACION",0,1,1
" 09","ESTE","BADAJOZ","ESPAÑOLES",4,10,14
" 09","ESTE","BADAJOZ","TOTAL POBLACION",4,10,14
" 09","ESTE","BALEARES","ESPAÑOLES",36,36,72
" 09","ESTE","BALEARES","EXTRANJEROS",3,1,4
" 09","ESTE","BALEARES","TOTAL POBLACION",39,37,76
" 09","ESTE","BARCELONA","ESPAÑOLES",16,24,40
" 09","ESTE","BARCELONA","EXTRANJEROS",9,8,17
" 09","ESTE","BARCELONA","TOTAL POBLACION",25,32,57
" 09","ESTE","BIZKAIA","ESPAÑOLES",1,4,5
" 09","ESTE","BIZKAIA","EXTRANJEROS",2,0,2
" 09","ESTE","BIZKAIA","TOTAL POBLACION",3,4,7
" 09","ESTE","BURGOS","ESPAÑOLES",1,1,2
" 09","ESTE","BURGOS","TOTAL POBLACION",1,1,2
" 09","ESTE","CACERES","ESPAÑOLES",2,6,8
" 09","ESTE","CACERES","EXTRANJEROS",1,1,2
" 09","ESTE","CACERES","TOTAL POBLACION",3,7,10
" 09","ESTE","CADIZ","ESPAÑOLES",47,45,92
" 09","ESTE","CADIZ","EXTRANJEROS",6,5,11
" 09","ESTE","CADIZ","TOTAL POBLACION",53,50,103
" 09","ESTE","CANTABRIA","ESPAÑOLES",1,2,3
" 09","ESTE","CANTABRIA","EXTRANJEROS",0,1,1
" 09","ESTE","CANTABRIA","TOTAL POBLACION",1,3,4
" 09","ESTE","CASTELLON","ESPAÑOLES",0,2,2
" 09","ESTE","CASTELLON","EXTRANJEROS",1,1,2
" 09","ESTE","CASTELLON","TOTAL POBLACION",1,3,4
" 09","ESTE","CEUTA","ESPAÑOLES",1,1,2
" 09","ESTE","CEUTA","TOTAL POBLACION",1,1,2
" 09","ESTE","CIUDAD REAL","ESPAÑOLES",3,3,6
" 09","ESTE","CIUDAD REAL","TOTAL POBLACION",3,3,6
" 09","ESTE","CORDOBA","ESPAÑOLES",14,16,30
" 09","ESTE","CORDOBA","EXTRANJEROS",1,3,4
" 09","ESTE","CORDOBA","TOTAL POBLACION",15,19,34
" 09","ESTE","CUENCA","ESPAÑOLES",1,1,2
" 09","ESTE","CUENCA","EXTRANJEROS",0,2,2
" 09","ESTE","CUENCA","TOTAL POBLACION",1,3,4
" 09","ESTE","EXTRAJERO","ESPAÑOLES",61,54,115
" 09","ESTE","EXTRAJERO","EXTRANJEROS",0,6,6
" 09","ESTE","EXTRAJERO","TOTAL POBLACION",61,60,121
" 09","ESTE","GERONA","ESPAÑOLES",2,0,2
" 09","ESTE","GERONA","EXTRANJEROS",0,1,1
" 09","ESTE","GERONA","TOTAL POBLACION",2,1,3
" 09","ESTE","GIPUZKOA","ESPAÑOLES",4,0,4
" 09","ESTE","GIPUZKOA","EXTRANJEROS",4,1,5
" 09","ESTE","GIPUZKOA","TOTAL POBLACION",8,1,9
" 09","ESTE","GRANADA","ESPAÑOLES",11,15,26
" 09","ESTE","GRANADA","EXTRANJEROS",4,1,5
" 09","ESTE","GRANADA","TOTAL POBLACION",15,16,31
" 09","ESTE","GUADALAJARA","ESPAÑOLES",4,0,4
" 09","ESTE","GUADALAJARA","TOTAL POBLACION",4,0,4
" 09","ESTE","HUELVA","ESPAÑOLES",29,32,61
" 09","ESTE","HUELVA","EXTRANJEROS",6,2,8
" 09","ESTE","HUELVA","TOTAL POBLACION",35,34,69
" 09","ESTE","HUESCA","ESPAÑOLES",1,2,3
" 09","ESTE","HUESCA","TOTAL POBLACION",1,2,3
" 09","ESTE","JAEN","ESPAÑOLES",8,9,17
" 09","ESTE","JAEN","EXTRANJEROS",0,2,2
" 09","ESTE","JAEN","TOTAL POBLACION",8,11,19
" 09","ESTE","LA CORUÑA","ESPAÑOLES",1,1,2
" 09","ESTE","LA CORUÑA","TOTAL POBLACION",1,1,2
" 09","ESTE","LAS PALMAS","ESPAÑOLES",25,10,35
" 09","ESTE","LAS PALMAS","EXTRANJEROS",2,3,5
" 09","ESTE","LAS PALMAS","TOTAL POBLACION",27,13,40
" 09","ESTE","LEON","ESPAÑOLES",1,1,2
" 09","ESTE","LEON","EXTRANJEROS",0,1,1
" 09","ESTE","LEON","TOTAL POBLACION",1,2,3
" 09","ESTE","LLEIDA","ESPAÑOLES",1,2,3
" 09","ESTE","LLEIDA","EXTRANJEROS",2,0,2
" 09","ESTE","LLEIDA","TOTAL POBLACION",3,2,5
" 09","ESTE","LUGO","ESPAÑOLES",2,3,5
" 09","ESTE","LUGO","TOTAL POBLACION",2,3,5
" 09","ESTE","MADRID","ESPAÑOLES",66,58,124
" 09","ESTE","MADRID","EXTRANJEROS",14,14,28
" 09","ESTE","MADRID","TOTAL POBLACION",80,72,152
" 09","ESTE","MALAGA","ESPAÑOLES",26,21,47
" 09","ESTE","MALAGA","EXTRANJEROS",8,10,18
" 09","ESTE","MALAGA","TOTAL POBLACION",34,31,65
" 09","ESTE","MELILLA","ESPAÑOLES",3,1,4
" 09","ESTE","MELILLA","TOTAL POBLACION",3,1,4
" 09","ESTE","MURCIA","ESPAÑOLES",1,3,4
" 09","ESTE","MURCIA","EXTRANJEROS",3,2,5
" 09","ESTE","MURCIA","TOTAL POBLACION",4,5,9
" 09","ESTE","NAVARRA","ESPAÑOLES",2,1,3
" 09","ESTE","NAVARRA","EXTRANJEROS",2,0,2
" 09","ESTE","NAVARRA","TOTAL POBLACION",4,1,5
" 09","ESTE","ORENSE","ESPAÑOLES",1,3,4
" 09","ESTE","ORENSE","TOTAL POBLACION",1,3,4
" 09","ESTE","PALENCIA","ESPAÑOLES",1,1,2
" 09","ESTE","PALENCIA","TOTAL POBLACION",1,1,2
" 09","ESTE","PONTEVEDRA","ESPAÑOLES",2,2,4
" 09","ESTE","PONTEVEDRA","TOTAL POBLACION",2,2,4
" 09","ESTE","SALAMANCA","ESPAÑOLES",2,0,2
" 09","ESTE","SALAMANCA","TOTAL POBLACION",2,0,2
" 09","ESTE","SANTA CRUZ DE TENERIFE","ESPAÑOLES",8,5,13
" 09","ESTE","SANTA CRUZ DE TENERIFE","TOTAL POBLACION",8,5,13
" 09","ESTE","SEGOVIA","ESPAÑOLES",1,0,1
" 09","ESTE","SEGOVIA","EXTRANJEROS",1,0,1
" 09","ESTE","SEGOVIA","TOTAL POBLACION",2,0,2
" 09","ESTE","SEVILLA","ESPAÑOLES",459,436,895
" 09","ESTE","SEVILLA","EXTRANJEROS",37,69,106
" 09","ESTE","SEVILLA","TOTAL POBLACION",496,505,1001
" 09","ESTE","TARRAGONA","ESPAÑOLES",1,1,2
" 09","ESTE","TARRAGONA","EXTRANJEROS",3,1,4
" 09","ESTE","TARRAGONA","TOTAL POBLACION",4,2,6
" 09","ESTE","TOLEDO","ESPAÑOLES",2,5,7
" 09","ESTE","TOLEDO","EXTRANJEROS",1,2,3
" 09","ESTE","TOLEDO","TOTAL POBLACION",3,7,10
" 09","ESTE","VALENCIA","ESPAÑOLES",16,11,27
" 09","ESTE","VALENCIA","EXTRANJEROS",4,5,9
" 09","ESTE","VALENCIA","TOTAL POBLACION",20,16,36
" 09","ESTE","VALLADOLID","ESPAÑOLES",0,1,1
" 09","ESTE","VALLADOLID","TOTAL POBLACION",0,1,1
" 09","ESTE","ZAMORA","ESPAÑOLES",0,2,2
" 09","ESTE","ZAMORA","TOTAL POBLACION",0,2,2
" 09","ESTE","ZARAGOZA","ESPAÑOLES",3,3,6
" 09","ESTE","ZARAGOZA","EXTRANJEROS",1,3,4
" 09","ESTE","ZARAGOZA","TOTAL POBLACION",4,6,10
" 10","BELLAVISTA-LA PALMERA","- TODOS -","ESPAÑOLES",562,556,1118
" 10","BELLAVISTA-LA PALMERA","- TODOS -","EXTRANJEROS",69,79,148
" 10","BELLAVISTA-LA PALMERA","- TODOS -","NO CONSTA",1,0,1
" 10","BELLAVISTA-LA PALMERA","- TODOS -","TOTAL POBLACION",632,635,1267
" 10","BELLAVISTA-LA PALMERA","ALICANTE","ESPAÑOLES",1,4,5
" 10","BELLAVISTA-LA PALMERA","ALICANTE","EXTRANJEROS",2,2,4
" 10","BELLAVISTA-LA PALMERA","ALICANTE","TOTAL POBLACION",3,6,9
" 10","BELLAVISTA-LA PALMERA","ALMERIA","ESPAÑOLES",2,2,4
" 10","BELLAVISTA-LA PALMERA","ALMERIA","EXTRANJEROS",0,1,1
" 10","BELLAVISTA-LA PALMERA","ALMERIA","TOTAL POBLACION",2,3,5
" 10","BELLAVISTA-LA PALMERA","ARABA/ALAVA","ESPAÑOLES",2,1,3
" 10","BELLAVISTA-LA PALMERA","ARABA/ALAVA","EXTRANJEROS",0,1,1
" 10","BELLAVISTA-LA PALMERA","ARABA/ALAVA","TOTAL POBLACION",2,2,4
" 10","BELLAVISTA-LA PALMERA","ASTURIAS","EXTRANJEROS",1,0,1
" 10","BELLAVISTA-LA PALMERA","ASTURIAS","TOTAL POBLACION",1,0,1
" 10","BELLAVISTA-LA PALMERA","AVILA","ESPAÑOLES",1,0,1
" 10","BELLAVISTA-LA PALMERA","AVILA","TOTAL POBLACION",1,0,1
" 10","BELLAVISTA-LA PALMERA","BADAJOZ","ESPAÑOLES",4,11,15
" 10","BELLAVISTA-LA PALMERA","BADAJOZ","EXTRANJEROS",1,3,4
" 10","BELLAVISTA-LA PALMERA","BADAJOZ","TOTAL POBLACION",5,14,19
" 10","BELLAVISTA-LA PALMERA","BALEARES","ESPAÑOLES",12,5,17
" 10","BELLAVISTA-LA PALMERA","BALEARES","EXTRANJEROS",1,2,3
" 10","BELLAVISTA-LA PALMERA","BALEARES","TOTAL POBLACION",13,7,20
" 10","BELLAVISTA-LA PALMERA","BARCELONA","ESPAÑOLES",8,7,15
" 10","BELLAVISTA-LA PALMERA","BARCELONA","EXTRANJEROS",5,6,11
" 10","BELLAVISTA-LA PALMERA","BARCELONA","TOTAL POBLACION",13,13,26
" 10","BELLAVISTA-LA PALMERA","BIZKAIA","ESPAÑOLES",1,2,3
" 10","BELLAVISTA-LA PALMERA","BIZKAIA","TOTAL POBLACION",1,2,3
" 10","BELLAVISTA-LA PALMERA","BURGOS","ESPAÑOLES",2,1,3
" 10","BELLAVISTA-LA PALMERA","BURGOS","TOTAL POBLACION",2,1,3
" 10","BELLAVISTA-LA PALMERA","CACERES","ESPAÑOLES",0,1,1
" 10","BELLAVISTA-LA PALMERA","CACERES","TOTAL POBLACION",0,1,1
" 10","BELLAVISTA-LA PALMERA","CADIZ","ESPAÑOLES",41,41,82
" 10","BELLAVISTA-LA PALMERA","CADIZ","EXTRANJEROS",2,5,7
" 10","BELLAVISTA-LA PALMERA","CADIZ","TOTAL POBLACION",43,46,89
" 10","BELLAVISTA-LA PALMERA","CANTABRIA","ESPAÑOLES",0,1,1
" 10","BELLAVISTA-LA PALMERA","CANTABRIA","TOTAL POBLACION",0,1,1
" 10","BELLAVISTA-LA PALMERA","CASTELLON","EXTRANJEROS",0,2,2
" 10","BELLAVISTA-LA PALMERA","CASTELLON","TOTAL POBLACION",0,2,2
" 10","BELLAVISTA-LA PALMERA","CEUTA","ESPAÑOLES",3,2,5
" 10","BELLAVISTA-LA PALMERA","CEUTA","TOTAL POBLACION",3,2,5
" 10","BELLAVISTA-LA PALMERA","CIUDAD REAL","ESPAÑOLES",6,4,10
" 10","BELLAVISTA-LA PALMERA","CIUDAD REAL","TOTAL POBLACION",6,4,10
" 10","BELLAVISTA-LA PALMERA","CORDOBA","ESPAÑOLES",15,20,35
" 10","BELLAVISTA-LA PALMERA","CORDOBA","EXTRANJEROS",0,1,1
" 10","BELLAVISTA-LA PALMERA","CORDOBA","TOTAL POBLACION",15,21,36
" 10","BELLAVISTA-LA PALMERA","EXTRAJERO","ESPAÑOLES",53,57,110
" 10","BELLAVISTA-LA PALMERA","EXTRAJERO","EXTRANJEROS",4,4,8
" 10","BELLAVISTA-LA PALMERA","EXTRAJERO","TOTAL POBLACION",57,61,118
" 10","BELLAVISTA-LA PALMERA","GERONA","ESPAÑOLES",0,2,2
" 10","BELLAVISTA-LA PALMERA","GERONA","EXTRANJEROS",1,1,2
" 10","BELLAVISTA-LA PALMERA","GERONA","TOTAL POBLACION",1,3,4
" 10","BELLAVISTA-LA PALMERA","GIPUZKOA","ESPAÑOLES",1,0,1
" 10","BELLAVISTA-LA PALMERA","GIPUZKOA","TOTAL POBLACION",1,0,1
" 10","BELLAVISTA-LA PALMERA","GRANADA","ESPAÑOLES",3,12,15
" 10","BELLAVISTA-LA PALMERA","GRANADA","EXTRANJEROS",0,1,1
" 10","BELLAVISTA-LA PALMERA","GRANADA","TOTAL POBLACION",3,13,16
" 10","BELLAVISTA-LA PALMERA","GUADALAJARA","ESPAÑOLES",2,3,5
" 10","BELLAVISTA-LA PALMERA","GUADALAJARA","EXTRANJEROS",0,2,2
" 10","BELLAVISTA-LA PALMERA","GUADALAJARA","TOTAL POBLACION",2,5,7
" 10","BELLAVISTA-LA PALMERA","HUELVA","ESPAÑOLES",12,9,21
" 10","BELLAVISTA-LA PALMERA","HUELVA","EXTRANJEROS",2,0,2
" 10","BELLAVISTA-LA PALMERA","HUELVA","TOTAL POBLACION",14,9,23
" 10","BELLAVISTA-LA PALMERA","HUESCA","ESPAÑOLES",0,1,1
" 10","BELLAVISTA-LA PALMERA","HUESCA","EXTRANJEROS",1,0,1
" 10","BELLAVISTA-LA PALMERA","HUESCA","TOTAL POBLACION",1,1,2
" 10","BELLAVISTA-LA PALMERA","JAEN","ESPAÑOLES",3,9,12
" 10","BELLAVISTA-LA PALMERA","JAEN","EXTRANJEROS",2,0,2
" 10","BELLAVISTA-LA PALMERA","JAEN","TOTAL POBLACION",5,9,14
" 10","BELLAVISTA-LA PALMERA","LA CORUÑA","ESPAÑOLES",0,2,2
" 10","BELLAVISTA-LA PALMERA","LA CORUÑA","TOTAL POBLACION",0,2,2
" 10","BELLAVISTA-LA PALMERA","LAS PALMAS","ESPAÑOLES",10,8,18
" 10","BELLAVISTA-LA PALMERA","LAS PALMAS","EXTRANJEROS",0,2,2
" 10","BELLAVISTA-LA PALMERA","LAS PALMAS","TOTAL POBLACION",10,10,20
" 10","BELLAVISTA-LA PALMERA","LEON","ESPAÑOLES",1,0,1
" 10","BELLAVISTA-LA PALMERA","LEON","TOTAL POBLACION",1,0,1
" 10","BELLAVISTA-LA PALMERA","LLEIDA","ESPAÑOLES",2,0,2
" 10","BELLAVISTA-LA PALMERA","LLEIDA","EXTRANJEROS",2,1,3
" 10","BELLAVISTA-LA PALMERA","LLEIDA","TOTAL POBLACION",4,1,5
" 10","BELLAVISTA-LA PALMERA","MADRID","ESPAÑOLES",58,46,104
" 10","BELLAVISTA-LA PALMERA","MADRID","EXTRANJEROS",8,9,17
" 10","BELLAVISTA-LA PALMERA","MADRID","TOTAL POBLACION",66,55,121
" 10","BELLAVISTA-LA PALMERA","MALAGA","ESPAÑOLES",21,14,35
" 10","BELLAVISTA-LA PALMERA","MALAGA","EXTRANJEROS",7,7,14
" 10","BELLAVISTA-LA PALMERA","MALAGA","TOTAL POBLACION",28,21,49
" 10","BELLAVISTA-LA PALMERA","MELILLA","ESPAÑOLES",2,3,5
" 10","BELLAVISTA-LA PALMERA","MELILLA","TOTAL POBLACION",2,3,5
" 10","BELLAVISTA-LA PALMERA","MURCIA","ESPAÑOLES",2,2,4
" 10","BELLAVISTA-LA PALMERA","MURCIA","TOTAL POBLACION",2,2,4
" 10","BELLAVISTA-LA PALMERA","NAVARRA","ESPAÑOLES",0,2,2
" 10","BELLAVISTA-LA PALMERA","NAVARRA","EXTRANJEROS",2,1,3
" 10","BELLAVISTA-LA PALMERA","NAVARRA","TOTAL POBLACION",2,3,5
" 10","BELLAVISTA-LA PALMERA","ORENSE","ESPAÑOLES",0,1,1
" 10","BELLAVISTA-LA PALMERA","ORENSE","EXTRANJEROS",1,0,1
" 10","BELLAVISTA-LA PALMERA","ORENSE","TOTAL POBLACION",1,1,2
" 10","BELLAVISTA-LA PALMERA","PALENCIA","ESPAÑOLES",1,0,1
" 10","BELLAVISTA-LA PALMERA","PALENCIA","TOTAL POBLACION",1,0,1
" 10","BELLAVISTA-LA PALMERA","SALAMANCA","ESPAÑOLES",2,2,4
" 10","BELLAVISTA-LA PALMERA","SALAMANCA","TOTAL POBLACION",2,2,4
" 10","BELLAVISTA-LA PALMERA","SANTA CRUZ DE TENERIFE","ESPAÑOLES",5,4,9
" 10","BELLAVISTA-LA PALMERA","SANTA CRUZ DE TENERIFE","EXTRANJEROS",1,1,2
" 10","BELLAVISTA-LA PALMERA","SANTA CRUZ DE TENERIFE","TOTAL POBLACION",6,5,11
" 10","BELLAVISTA-LA PALMERA","SEVILLA","ESPAÑOLES",279,265,544
" 10","BELLAVISTA-LA PALMERA","SEVILLA","EXTRANJEROS",19,23,42
" 10","BELLAVISTA-LA PALMERA","SEVILLA","NO CONSTA",1,0,1
" 10","BELLAVISTA-LA PALMERA","SEVILLA","TOTAL POBLACION",299,288,587
" 10","BELLAVISTA-LA PALMERA","TARRAGONA","ESPAÑOLES",2,4,6
" 10","BELLAVISTA-LA PALMERA","TARRAGONA","EXTRANJEROS",1,0,1
" 10","BELLAVISTA-LA PALMERA","TARRAGONA","TOTAL POBLACION",3,4,7
" 10","BELLAVISTA-LA PALMERA","TOLEDO","ESPAÑOLES",1,0,1
" 10","BELLAVISTA-LA PALMERA","TOLEDO","TOTAL POBLACION",1,0,1
" 10","BELLAVISTA-LA PALMERA","VALENCIA","ESPAÑOLES",3,6,9
" 10","BELLAVISTA-LA PALMERA","VALENCIA","EXTRANJEROS",6,4,10
" 10","BELLAVISTA-LA PALMERA","VALENCIA","TOTAL POBLACION",9,10,19
" 10","BELLAVISTA-LA PALMERA","VALLADOLID","ESPAÑOLES",1,0,1
" 10","BELLAVISTA-LA PALMERA","VALLADOLID","TOTAL POBLACION",1,0,1
" 10","BELLAVISTA-LA PALMERA","ZAMORA","ESPAÑOLES",0,2,2
" 10","BELLAVISTA-LA PALMERA","ZAMORA","TOTAL POBLACION",0,2,2
" 11","LOS REMEDIOS","- TODOS -","ESPAÑOLES",284,290,574
" 11","LOS REMEDIOS","- TODOS -","EXTRANJEROS",26,39,65
" 11","LOS REMEDIOS","- TODOS -","TOTAL POBLACION",310,329,639
" 11","LOS REMEDIOS","ALICANTE","ESPAÑOLES",0,4,4
" 11","LOS REMEDIOS","ALICANTE","TOTAL POBLACION",0,4,4
" 11","LOS REMEDIOS","ALMERIA","ESPAÑOLES",1,0,1
" 11","LOS REMEDIOS","ALMERIA","TOTAL POBLACION",1,0,1
" 11","LOS REMEDIOS","ARABA/ALAVA","ESPAÑOLES",0,1,1
" 11","LOS REMEDIOS","ARABA/ALAVA","TOTAL POBLACION",0,1,1
" 11","LOS REMEDIOS","ASTURIAS","ESPAÑOLES",1,0,1
" 11","LOS REMEDIOS","ASTURIAS","TOTAL POBLACION",1,0,1
" 11","LOS REMEDIOS","BADAJOZ","ESPAÑOLES",2,3,5
" 11","LOS REMEDIOS","BADAJOZ","TOTAL POBLACION",2,3,5
" 11","LOS REMEDIOS","BALEARES","ESPAÑOLES",6,8,14
" 11","LOS REMEDIOS","BALEARES","EXTRANJEROS",2,1,3
" 11","LOS REMEDIOS","BALEARES","TOTAL POBLACION",8,9,17
" 11","LOS REMEDIOS","BARCELONA","ESPAÑOLES",5,2,7
" 11","LOS REMEDIOS","BARCELONA","EXTRANJEROS",0,1,1
" 11","LOS REMEDIOS","BARCELONA","TOTAL POBLACION",5,3,8
" 11","LOS REMEDIOS","BIZKAIA","ESPAÑOLES",2,5,7
" 11","LOS REMEDIOS","BIZKAIA","TOTAL POBLACION",2,5,7
" 11","LOS REMEDIOS","CACERES","ESPAÑOLES",1,1,2
" 11","LOS REMEDIOS","CACERES","TOTAL POBLACION",1,1,2
" 11","LOS REMEDIOS","CADIZ","ESPAÑOLES",18,13,31
" 11","LOS REMEDIOS","CADIZ","TOTAL POBLACION",18,13,31
" 11","LOS REMEDIOS","CIUDAD REAL","ESPAÑOLES",0,1,1
" 11","LOS REMEDIOS","CIUDAD REAL","TOTAL POBLACION",0,1,1
" 11","LOS REMEDIOS","CORDOBA","ESPAÑOLES",3,4,7
" 11","LOS REMEDIOS","CORDOBA","TOTAL POBLACION",3,4,7
" 11","LOS REMEDIOS","CUENCA","EXTRANJEROS",1,0,1
" 11","LOS REMEDIOS","CUENCA","TOTAL POBLACION",1,0,1
" 11","LOS REMEDIOS","EXTRAJERO","ESPAÑOLES",27,29,56
" 11","LOS REMEDIOS","EXTRAJERO","EXTRANJEROS",3,7,10
" 11","LOS REMEDIOS","EXTRAJERO","TOTAL POBLACION",30,36,66
" 11","LOS REMEDIOS","GRANADA","ESPAÑOLES",1,5,6
" 11","LOS REMEDIOS","GRANADA","EXTRANJEROS",2,0,2
" 11","LOS REMEDIOS","GRANADA","TOTAL POBLACION",3,5,8
" 11","LOS REMEDIOS","HUELVA","ESPAÑOLES",8,7,15
" 11","LOS REMEDIOS","HUELVA","EXTRANJEROS",1,4,5
" 11","LOS REMEDIOS","HUELVA","TOTAL POBLACION",9,11,20
" 11","LOS REMEDIOS","JAEN","ESPAÑOLES",2,1,3
" 11","LOS REMEDIOS","JAEN","TOTAL POBLACION",2,1,3
" 11","LOS REMEDIOS","LA CORUÑA","ESPAÑOLES",0,1,1
" 11","LOS REMEDIOS","LA CORUÑA","TOTAL POBLACION",0,1,1
" 11","LOS REMEDIOS","LAS PALMAS","ESPAÑOLES",7,5,12
" 11","LOS REMEDIOS","LAS PALMAS","EXTRANJEROS",1,0,1
" 11","LOS REMEDIOS","LAS PALMAS","TOTAL POBLACION",8,5,13
" 11","LOS REMEDIOS","LEON","ESPAÑOLES",1,0,1
" 11","LOS REMEDIOS","LEON","TOTAL POBLACION",1,0,1
" 11","LOS REMEDIOS","MADRID","ESPAÑOLES",43,33,76
" 11","LOS REMEDIOS","MADRID","EXTRANJEROS",3,6,9
" 11","LOS REMEDIOS","MADRID","TOTAL POBLACION",46,39,85
" 11","LOS REMEDIOS","MALAGA","ESPAÑOLES",7,9,16
" 11","LOS REMEDIOS","MALAGA","EXTRANJEROS",1,0,1
" 11","LOS REMEDIOS","MALAGA","TOTAL POBLACION",8,9,17
" 11","LOS REMEDIOS","MELILLA","ESPAÑOLES",3,1,4
" 11","LOS REMEDIOS","MELILLA","TOTAL POBLACION",3,1,4
" 11","LOS REMEDIOS","MURCIA","ESPAÑOLES",1,1,2
" 11","LOS REMEDIOS","MURCIA","EXTRANJEROS",0,1,1
" 11","LOS REMEDIOS","MURCIA","TOTAL POBLACION",1,2,3
" 11","LOS REMEDIOS","NAVARRA","ESPAÑOLES",1,1,2
" 11","LOS REMEDIOS","NAVARRA","EXTRANJEROS",0,1,1
" 11","LOS REMEDIOS","NAVARRA","TOTAL POBLACION",1,2,3
" 11","LOS REMEDIOS","ORENSE","ESPAÑOLES",1,1,2
" 11","LOS REMEDIOS","ORENSE","TOTAL POBLACION",1,1,2
" 11","LOS REMEDIOS","SALAMANCA","ESPAÑOLES",0,1,1
" 11","LOS REMEDIOS","SALAMANCA","TOTAL POBLACION",0,1,1
" 11","LOS REMEDIOS","SANTA CRUZ DE TENERIFE","ESPAÑOLES",5,2,7
" 11","LOS REMEDIOS","SANTA CRUZ DE TENERIFE","EXTRANJEROS",1,1,2
" 11","LOS REMEDIOS","SANTA CRUZ DE TENERIFE","TOTAL POBLACION",6,3,9
" 11","LOS REMEDIOS","SEVILLA","ESPAÑOLES",134,149,283
" 11","LOS REMEDIOS","SEVILLA","EXTRANJEROS",10,17,27
" 11","LOS REMEDIOS","SEVILLA","TOTAL POBLACION",144,166,310
" 11","LOS REMEDIOS","TARRAGONA","ESPAÑOLES",1,0,1
" 11","LOS REMEDIOS","TARRAGONA","TOTAL POBLACION",1,0,1
" 11","LOS REMEDIOS","VALENCIA","ESPAÑOLES",1,0,1
" 11","LOS REMEDIOS","VALENCIA","TOTAL POBLACION",1,0,1
" 11","LOS REMEDIOS","VALLADOLID","ESPAÑOLES",1,0,1
" 11","LOS REMEDIOS","VALLADOLID","TOTAL POBLACION",1,0,1
" 11","LOS REMEDIOS","ZAMORA","ESPAÑOLES",1,1,2
" 11","LOS REMEDIOS","ZAMORA","TOTAL POBLACION",1,1,2
" 11","LOS REMEDIOS","ZARAGOZA","ESPAÑOLES",0,1,1
" 11","LOS REMEDIOS","ZARAGOZA","EXTRANJEROS",1,0,1
" 11","LOS REMEDIOS","ZARAGOZA","TOTAL POBLACION",1,1,2
